10
16 181 35 22 187 123 75 164 29 11 141 66 33 10 167 56 117
14 191 148 59 99 45 106 90 131 36 46 197 28 124 94
20 118 161 101 130 55 171 74 23 173 47 105 51 151 157 104 31 85 100 163 68
26 107 89 96 24 70 168 144 145 132 0 147 71 82 19 110 127 172 91 193 88 139 25 43 64 5 38
20 30 7 73 198 137 122 27 120 72 67 142 119 17 178 92 58 6 1 133 183
22 41 48 153 152 97 78 98 102 149 174 156 126 40 3 155 170 53 125 50 111 184 77
24 108 12 121 60 62 79 61 52 116 160 128 83 159 179 81 39 166 113 129 34 57 115 185 136
19 13 158 195 26 146 189 37 15 76 65 86 143 140 150 176 93 138 165 8
21 169 16 154 188 194 199 54 180 162 182 69 21 134 84 192 9 42 2 135 186 175
18 177 18 63 190 103 49 196 80 32 112 87 114 109 95 20 44 4 14

Total makespan: 246

