10
19 96 64 121 72 106 110 58 81 66 135 69 41 24 26 3 128 54 59 7
14 140 53 71 116 0 123 119 145 103 94 32 101 60 118
15 109 14 91 134 122 8 114 141 105 129 19 125 88 132 137
15 79 37 68 126 147 70 120 2 89 36 40 113 34 74 43
13 57 12 47 5 75 136 65 85 17 133 52 38 33
14 42 139 11 99 16 127 115 18 31 87 148 23 63 112
17 107 51 1 45 29 73 83 97 131 104 15 50 146 84 56 76 108
17 117 39 143 21 78 142 62 98 35 111 100 149 20 92 67 130 48
12 95 9 124 25 61 102 86 93 27 144 49 6
14 44 80 46 82 4 90 10 28 30 55 138 77 22 13

Total makespan: 236

