25
6 47 54 224 180 233 185
14 206 149 211 225 5 187 242 27 239 123 155 223 138 83
10 127 135 158 53 201 203 61 0 190 108
9 146 205 88 130 241 230 148 156 126
11 134 3 244 228 85 37 227 178 64 191 153
11 121 28 96 133 164 1 111 200 140 147 99
10 26 106 129 62 55 195 209 68 213 15
8 30 74 110 219 212 217 73 33
12 145 207 119 86 57 247 144 170 51 215 58 169
10 243 59 174 82 115 44 116 103 95 101
10 171 136 117 165 202 40 67 32 105 163
11 167 90 19 235 43 10 141 197 179 75 176
9 196 199 192 112 132 220 60 114 246
8 226 93 6 183 97 81 186 232
11 222 70 14 38 238 41 49 2 98 157 11
13 204 139 17 92 125 237 143 194 34 76 7 161 63
11 104 24 151 100 4 12 208 248 8 25 46
9 120 175 181 18 236 13 16 234 198
10 189 78 48 128 152 118 20 184 249 36
6 166 240 42 109 66 122
10 193 124 154 177 79 39 84 21 173 131
10 31 113 168 160 214 52 45 229 137 56
9 29 210 23 80 9 65 172 72 245
11 231 188 150 94 221 71 216 35 22 182 69
11 89 142 159 107 162 218 50 91 77 102 87

Total makespan: 133

