25
5 77 99 136 49 31
4 139 18 75 107
6 6 44 148 68 78 83
4 41 74 114 25
6 86 115 141 84 129 91
8 10 118 108 143 12 122 22 71
8 56 4 90 54 109 28 126 21
6 37 120 121 131 69 142
9 89 113 101 53 67 45 100 11 58
3 87 137 145
5 24 134 144 23 132
5 50 63 7 5 33
7 66 138 130 42 128 16 9
7 92 82 72 46 51 15 117
5 26 52 8 30 65
5 147 13 60 104 116
5 43 48 98 140 135
6 111 93 0 103 125 1
7 110 57 39 133 59 62 32
9 47 19 88 97 76 27 55 40 124
8 102 106 29 70 119 85 95 34
5 73 149 38 61 112
6 81 3 146 127 79 20
6 14 96 36 80 64 17
5 105 94 2 123 35

Total makespan: 41

