15
9 22 8 39 124 95 65 76 60 136
9 23 2 64 79 25 18 146 129 67
11 107 99 134 31 149 78 53 54 142 55 84
9 26 110 93 45 105 109 113 86 57
10 66 17 127 106 27 123 112 33 14 51
9 140 34 88 81 20 71 128 15 74
10 125 50 83 49 12 118 28 19 133 122
7 58 6 111 9 148 42 24
11 70 108 114 5 82 48 13 100 29 85 132
9 80 36 61 121 72 141 104 37 135
9 144 52 73 1 63 40 90 46 16
8 4 21 115 7 87 38 89 120
15 30 101 0 91 130 103 68 43 137 98 119 147 138 75 56
14 92 3 96 44 11 59 62 47 97 32 41 116 69 94
10 35 131 77 143 117 145 139 126 102 10

Total makespan: 91

