30
3 103 28 50
4 81 6 126 139
5 49 39 143 109 13
6 119 5 79 80 36 92
7 114 86 16 120 40 147 112
4 70 107 32 64
5 63 14 53 61 54
5 10 58 138 136 74
5 108 76 148 100 145
4 73 116 142 130
6 123 46 0 110 23 88
5 128 41 4 125 106
4 47 45 17 3
3 121 89 51
6 59 78 15 9 71 122
5 97 2 22 68 60
6 94 129 18 149 30 56
6 24 72 65 111 55 66
4 137 52 118 101
4 115 135 34 85
6 44 132 7 99 75 29
5 96 124 12 91 43
4 83 146 141 26
4 95 31 82 38
5 69 33 20 8 35
5 84 37 19 90 62
7 127 57 21 48 140 104 131
5 144 67 134 102 11
4 87 27 105 1
8 93 113 42 133 77 25 98 117

Total makespan: 66

