30
4 61 70 28 50
4 80 33 139 145
4 83 39 143 30
4 103 8 87 92
5 120 74 59 60 31
4 4 5 49 20
7 109 77 35 54 44 111 147
5 125 136 16 135 115
6 76 107 86 140 90 62
4 11 69 81 85
7 46 0 123 14 121 23 148
5 58 96 91 73 128
4 41 45 100 53
5 21 32 94 65 27
5 126 25 78 56 71
6 97 2 22 68 29 36
4 129 117 57 93
4 114 122 24 72
5 118 101 89 52 137
4 63 3 15 34
5 88 7 99 130 108
6 124 149 43 138 9 112
5 119 75 26 19 116
5 144 12 127 82 95
6 79 38 10 18 37 132
5 84 66 98 55 146
6 106 40 104 47 141 6
6 48 131 64 102 67 134
5 13 17 51 1 105
5 113 42 133 142 110

Total makespan: 69

