20
5 139 25 135 62 39
5 120 33 79 115 49
8 64 65 45 21 69 83 93 1
8 87 76 18 82 46 144 132 148
8 20 131 15 134 59 127 97 94
9 14 118 68 30 9 50 35 10 81
5 16 133 47 96 31
9 5 7 145 141 91 36 41 123 73
6 54 42 43 86 74 103
8 104 61 13 143 147 60 108 119
7 12 3 48 32 55 105 37
11 117 72 124 106 56 63 44 38 11 99 122
9 111 23 34 121 53 146 110 80 100
9 116 4 128 88 102 101 130 138 114
8 66 95 57 6 109 90 92 27
9 136 52 89 98 24 112 51 142 78
5 26 28 85 29 0
5 113 149 22 75 125
7 71 58 2 129 67 8 77
9 107 17 70 140 84 137 126 40 19

Total makespan: 88

