30
3 141 67 89
6 148 122 34 136 0 107
5 77 60 120 31 124
6 38 75 73 142 74 98
4 135 76 126 43
5 21 117 108 114 69
5 140 56 139 146 138
6 101 113 132 45 10 121
6 105 97 17 68 110 65
4 145 25 137 9
3 29 41 130
6 11 4 88 106 27 58
6 129 91 54 144 116 20
6 112 104 42 32 44 61
5 6 131 48 63 23
4 143 123 2 64
5 84 85 72 99 78
7 81 119 115 40 33 53 55
5 47 14 49 16 62
5 66 87 26 7 36
4 8 52 5 39
5 92 57 50 1 127
4 30 24 59 51
5 109 90 83 22 37
5 111 19 149 86 18
4 118 100 103 12
6 133 82 134 70 125 96
5 128 46 15 102 94
4 13 79 80 93
6 71 28 35 95 3 147

Total makespan: 70

