25
5 106 93 63 9 113
8 24 75 119 51 81 137 39 85
5 70 58 83 20 112
7 132 12 5 29 50 72 33
4 111 52 110 79
7 19 127 115 54 23 1 89
6 117 21 57 34 78 108
8 139 135 91 125 109 59 35 128
5 95 104 138 144 26
7 55 102 143 47 66 38 42
6 44 6 96 116 100 94
7 37 16 123 40 82 146 60
5 88 61 46 107 45
6 3 142 76 65 53 148
5 49 103 7 140 84
6 133 10 13 30 28 71
6 136 90 129 120 68 36
5 149 32 126 11 2
6 31 92 62 124 64 74
5 98 99 147 4 67
5 56 130 141 8 131
6 87 97 22 14 145 73
5 114 101 18 77 122
7 86 48 0 15 69 25 134
8 41 121 43 17 27 118 105 80

Total makespan: 60

