20
7 104 54 61 106 27 136 77
8 108 78 138 46 40 53 38 99
7 0 19 48 44 118 5 68
7 79 111 139 12 8 83 1
9 70 33 45 16 26 42 36 4 71
7 76 2 87 74 93 141 3
7 49 126 85 81 66 88 50
6 115 86 72 9 140 125
9 63 105 15 29 56 122 22 127 95
8 100 13 43 129 41 60 21 110
9 75 116 102 59 149 67 94 73 47
9 109 130 57 96 80 20 89 133 97
6 62 132 6 23 103 145
6 31 64 58 143 98 65
9 90 18 113 135 114 92 14 101 10
9 134 7 30 137 148 25 35 121 32
8 52 17 119 112 124 24 142 91
8 123 39 84 69 131 128 37 146
4 82 117 120 11
7 28 55 107 144 34 51 147

Total makespan: 105

