10
10 49 57 119 143 75 77 1 109 96 123
20 25 4 149 33 32 113 92 64 142 88 42 2 130 29 117 99 97 74 145 108
12 41 39 53 134 17 45 0 7 132 36 105 83
14 121 112 3 126 63 103 38 59 73 125 114 80 65 148
16 16 137 81 122 104 116 5 67 60 30 13 68 40 93 133 120
14 10 111 85 21 70 19 27 147 48 118 146 87 94 106
17 37 89 50 76 140 28 14 12 22 144 98 61 139 56 11 23 69
16 43 15 115 62 20 138 44 124 66 95 102 58 46 107 128 24
16 9 141 8 47 72 100 26 131 71 79 31 35 54 34 51 6
15 129 127 82 136 52 18 78 90 135 110 55 91 101 86 84

Total makespan: 204

