20
10 138 16 50 43 96 29 4 19 101 62
7 7 47 143 51 115 129 110
7 116 15 130 75 24 93 76
8 22 74 71 100 145 135 99 85
8 136 64 11 14 111 126 3 95
7 45 81 82 32 38 97 9
7 91 55 12 23 73 90 140
8 105 8 13 80 119 35 147 127
8 17 41 52 120 31 108 118 137
6 54 1 79 104 117 46
6 72 30 56 84 109 65
8 144 28 102 113 26 63 33 141
8 77 128 2 134 148 21 66 124
11 78 106 131 121 58 68 89 27 34 39 57
7 59 88 107 122 139 69 114
6 83 133 48 70 86 6
6 40 25 18 112 98 53
6 42 125 5 49 36 87
9 67 123 60 94 44 0 37 20 61
7 149 142 103 10 132 92 146

Total makespan: 115

