15
8 147 38 62 137 135 9 128 90
8 85 52 1 55 46 144 74 6
12 120 14 56 22 111 138 4 21 82 43 148 122
9 49 115 118 103 33 67 5 15 37
10 106 93 97 87 2 92 129 59 86 53
10 29 80 89 127 140 146 134 145 28 30
9 12 64 124 105 24 42 132 27 7
7 136 88 41 65 44 69 96
12 123 119 0 60 126 75 101 16 78 66 91 31
15 10 70 112 19 68 98 71 130 13 51 17 23 73 95 142
9 149 11 107 20 39 139 18 94 141
9 121 26 32 40 104 84 50 125 34
11 99 47 81 110 58 133 102 77 57 48 79
11 63 117 113 131 109 108 76 54 25 45 72
10 100 116 35 8 61 83 3 114 143 36

Total makespan: 94

