30
3 117 144 87
4 138 10 13 122
3 113 136 65
5 69 111 134 124 91
5 116 73 110 108 88
7 104 119 50 30 23 85 24
6 115 103 148 5 133 147
5 39 129 99 118 67
5 71 149 114 120 109
5 70 27 52 53 29
5 59 1 90 44 100
6 16 17 76 107 46 45
4 94 82 26 64
7 8 132 78 84 31 3 33
5 112 96 18 106 51
6 137 14 19 42 135 60
4 38 66 145 28
4 15 34 79 93
5 62 123 127 25 4
5 68 41 140 92 32
4 57 9 131 141
6 83 6 0 49 97 21
5 143 40 22 48 95
5 58 12 72 74 61
5 63 56 75 125 142
7 36 20 126 7 43 98 37
5 47 11 77 86 101
6 54 105 55 102 146 128
5 2 130 121 89 81
3 80 35 139

Total makespan: 52

