10
16 119 9 146 44 26 30 34 64 117 110 63 82 101 142 43 10
13 42 38 99 138 115 72 24 33 57 46 35 125 106
16 140 107 121 137 124 13 11 48 111 84 73 27 132 88 15 86
14 21 141 104 12 39 8 32 49 108 133 20 70 14 105
14 68 71 66 148 144 147 47 54 74 77 55 126 89 53
14 23 51 139 69 145 87 93 60 6 135 118 22 78 41
15 92 91 62 5 17 25 40 130 136 67 7 128 100 45 85
17 4 109 97 36 61 65 76 29 143 120 80 112 52 83 58 75 31
15 50 113 103 95 131 79 16 1 114 116 59 81 96 134 37
16 19 149 102 94 129 18 127 28 2 3 56 0 90 123 122 98

Total makespan: 167

