30
5 97 57 55 37 128
4 110 111 98 68
6 58 22 134 4 65 30
5 90 148 24 138 17
4 87 100 3 31
5 112 133 75 60 2
5 49 47 0 121 74
4 137 66 149 11
7 53 115 106 96 95 101 124
5 10 39 32 14 104
6 19 48 113 119 21 91
6 78 142 70 131 135 116
6 20 7 71 25 38 129
4 6 16 44 89
5 43 114 1 143 140
6 45 12 13 72 51 126
4 144 92 5 94
3 80 26 141
5 136 42 109 34 28
5 125 102 59 86 18
5 118 67 99 54 61
5 56 69 120 127 15
7 107 117 64 130 36 132 79
6 8 63 33 9 76 103
5 27 93 83 108 88
5 82 23 85 81 46
4 77 147 123 35
4 29 52 62 40
4 84 105 139 122
5 73 146 50 41 145

Total makespan: 69

