10
19 137 39 136 72 147 87 37 20 82 83 48 52 70 85 60 64 56 12 1
13 29 98 11 109 149 28 123 8 80 23 76 43 110
21 94 53 102 17 49 78 129 121 9 112 107 7 97 146 45 106 46 92 99 35 132
14 145 58 113 142 81 105 30 144 34 68 15 25 96 59
12 77 133 47 135 90 126 73 42 50 33 84 130
14 44 36 22 127 5 120 24 134 75 93 116 41 38 104
15 69 74 131 124 40 100 140 103 88 119 148 55 95 6 138
15 32 18 19 63 51 143 128 86 2 26 115 62 14 10 67
12 0 57 66 89 31 61 117 125 16 108 3 111
15 118 114 91 122 27 79 65 21 71 54 13 141 139 101 4

Total makespan: 243

