30
6 3 49 149 80 76 139
5 59 109 134 67 125
5 55 104 135 85 122
7 65 58 25 22 118 141 29
7 136 121 84 138 60 73 77
5 79 28 115 64 82
4 99 102 35 88
5 146 57 106 100 36
4 93 1 113 142
6 23 26 92 68 45 128
5 111 18 51 110 39
4 119 46 52 78
5 75 130 120 5 48
6 132 4 54 43 17 6
5 71 0 21 116 66
6 72 81 12 86 47 129
3 33 98 56
5 42 87 148 70 103
4 147 7 16 91
6 96 107 44 31 69 94
7 131 97 63 13 27 127 19
5 140 133 117 20 9
5 105 137 74 34 15
4 14 62 143 41
5 37 30 10 40 126
5 108 123 53 112 83
4 144 145 61 89
3 101 38 11
3 2 50 8
6 32 124 24 95 90 114

Total makespan: 69

