25
7 84 55 37 140 54 70 106
7 50 36 130 108 86 136 114
7 91 103 43 48 94 1 59
7 14 141 125 68 6 27 31
3 63 17 35
4 40 20 65 67
5 60 5 76 16 74
7 47 64 98 13 9 4 77
7 23 71 127 49 142 120 10
5 21 53 138 144 66
3 117 148 34
6 101 116 83 15 111 22
8 44 45 57 89 107 134 0 124
7 30 147 32 75 24 145 82
7 52 115 19 126 122 92 102
5 131 139 118 29 3
5 38 81 132 99 78
6 95 56 69 137 8 62
9 113 93 51 149 72 88 128 41 39
6 143 135 80 105 25 2
5 96 26 28 104 58
5 146 110 7 79 90
7 42 109 133 129 119 61 11
6 85 12 73 18 46 97
6 87 112 123 33 121 100

Total makespan: 80

