25
6 93 96 44 11 25 50
7 68 26 135 21 116 107 64
5 9 109 104 79 139
6 118 15 3 40 33 22
8 106 84 48 94 32 62 102 23
6 146 20 82 110 51 7
9 98 100 76 16 30 90 86 69 73
5 80 101 14 144 147
7 143 53 99 117 149 10 114
5 125 83 59 133 91
4 124 49 75 29
6 120 52 36 65 108 137
5 142 66 81 74 131
7 37 89 121 17 54 13 111
6 61 39 87 67 103 58
5 78 138 4 46 136
8 105 31 95 140 47 113 77 41
4 72 123 43 88
6 112 35 115 126 19 24
5 127 45 145 8 1
6 55 60 27 28 57 130
6 56 34 70 148 122 6
7 119 42 0 38 134 85 5
6 18 129 141 128 12 97
5 63 2 132 92 71

Total makespan: 54

