10
13 117 122 123 95 88 60 42 96 79 138 76 5 75
20 24 68 129 4 36 8 70 25 94 15 124 147 106 32 29 1 146 143 0 50
16 105 82 73 40 72 111 20 43 27 139 141 93 30 78 140 54
14 52 119 21 114 98 35 104 112 136 59 89 11 85 34
11 7 6 149 134 84 103 61 148 47 80 121
19 33 66 13 69 2 91 18 125 145 87 74 130 48 97 14 26 9 23 118
16 37 12 92 63 142 46 115 65 39 128 45 131 116 132 109 49
13 120 16 99 67 64 108 86 113 71 144 41 135 53
13 110 3 101 83 107 51 77 17 62 102 90 22 137
15 57 38 55 126 31 44 19 133 58 28 56 127 10 81 100

Total makespan: 176

