10
13 3 105 109 27 106 129 143 86 147 135 36 138 6
16 32 7 60 133 121 34 63 102 99 18 100 29 110 139 98 72
16 107 127 33 49 91 123 19 40 149 31 35 68 57 89 56 136
17 14 23 108 137 73 12 119 69 16 5 62 25 144 118 117 125 4
14 70 13 130 148 42 112 58 88 41 71 39 61 82 111
19 78 55 28 11 37 96 101 128 26 30 51 43 113 145 141 87 15 66 24
13 10 47 54 94 90 114 0 44 146 64 48 83 17
16 2 20 45 77 75 84 104 67 74 131 140 79 38 46 116 9
13 124 134 120 142 50 65 1 85 92 97 81 80 22
13 115 122 21 53 8 132 52 93 59 103 126 76 95

Total makespan: 201

