10
15 56 15 59 10 146 117 120 16 27 82 104 113 3 34 116
16 37 17 88 81 125 105 5 72 54 42 65 133 43 11 57 147
17 79 135 18 89 76 66 118 69 67 112 131 144 102 106 111 64 91
17 122 101 19 114 148 13 60 52 46 62 61 98 4 124 94 0 12
13 107 26 47 75 96 40 73 2 110 95 29 55 41
12 130 139 85 21 36 84 9 1 140 80 63 115
14 8 44 38 35 100 93 145 138 142 121 78 134 127 24
16 20 51 39 25 99 141 137 68 77 22 7 92 83 126 23 123
15 90 31 58 109 132 108 71 119 45 70 149 6 30 86 32
15 14 33 53 143 128 87 74 103 50 97 49 129 28 48 136

Total makespan: 234

