15
8 79 103 64 6 124 62 31 10
10 108 33 117 13 30 107 57 29 47 54
11 110 99 98 144 2 115 75 60 81 72 141
8 40 42 52 123 3 53 95 38
10 88 23 109 22 137 32 122 43 73 45
10 77 46 113 25 49 66 145 143 70 118
8 48 56 58 67 136 97 101 82
9 24 63 133 17 84 35 140 86 8
11 148 92 27 28 94 69 4 37 120 0 142
10 149 132 121 147 91 80 125 138 16 68
12 87 100 116 12 51 44 119 104 65 61 126 39
14 89 21 127 1 50 130 36 102 134 26 19 128 129 139
7 135 93 74 105 5 78 146
9 96 112 55 90 18 9 114 11 106
13 7 131 111 15 71 85 83 76 59 14 34 41 20

Total makespan: 144

