20
9 97 96 25 11 126 70 83 91 55
6 130 49 134 59 141 37
8 127 90 82 142 92 102 34 84
7 50 148 88 145 108 35 135
8 74 93 138 23 143 104 2 112
7 7 52 78 32 128 133 124
7 44 109 16 125 146 56 66
6 71 5 4 123 120 111
7 80 129 3 107 17 27 39
5 8 28 101 113 136
10 22 105 57 132 81 116 51 63 114 85
8 21 10 79 31 144 13 14 131
10 47 62 121 58 140 67 41 12 98 99
10 86 95 94 54 40 75 6 53 149 118
8 61 15 42 69 117 9 119 76
5 100 36 89 115 38
8 147 46 20 139 73 106 33 110
6 26 87 60 29 30 1
8 45 24 137 68 103 72 65 48
7 77 43 19 64 0 18 122

Total makespan: 104

