30
5 85 34 106 39 61
4 84 138 114 129
4 109 149 6 107
5 120 29 122 87 32
5 135 62 35 52 72
5 13 111 54 92 104
7 4 24 81 0 139 113 55
6 22 97 78 57 89 130
4 12 105 136 76
7 133 70 101 147 56 86 51
6 20 17 124 10 146 75
5 2 31 74 28 41
5 91 69 128 38 65
5 127 99 112 83 48
4 37 94 144 108
4 33 96 42 145
3 67 58 100
4 95 16 73 93
7 115 141 142 7 46 82 140
5 131 44 59 5 27
6 64 3 47 116 63 102
3 88 40 11
5 121 77 21 148 1
5 18 53 117 50 132
6 125 30 15 45 110 26
5 68 79 9 119 60
4 23 25 19 71
6 80 66 36 143 43 123
4 134 103 98 118
6 14 49 90 126 137 8

Total makespan: 48

