20
8 2 58 90 112 41 37 14 23
9 115 67 126 64 116 91 22 24 140
9 105 124 61 122 51 79 97 130 71
8 121 26 46 57 72 66 52 3
7 147 87 89 16 27 94 6
8 134 62 18 78 85 133 50 5
7 95 10 35 83 117 30 15
6 120 65 102 108 149 40
8 75 80 11 17 77 45 101 74
9 82 135 131 144 123 92 84 141 119
7 76 128 114 47 137 118 70
9 106 25 36 125 20 29 43 88 104
7 32 19 7 49 69 68 111
5 100 21 148 1 103
6 28 8 56 48 99 53
6 73 93 81 109 136 143
10 31 63 12 34 146 98 38 39 145 54
7 110 0 107 33 86 113 139
7 132 59 4 142 138 60 55
7 129 42 127 9 96 44 13

Total makespan: 96

