20
6 41 13 90 85 84 73
9 40 2 38 141 123 133 105 35 61
8 87 128 83 71 23 107 78 88
8 96 67 109 93 27 55 25 148
8 46 49 144 117 10 110 44 130
8 14 62 80 66 31 63 119 99
9 36 121 34 118 64 68 129 79 113
9 95 60 29 47 17 98 124 8 48
7 126 120 122 106 21 58 22
7 75 94 51 26 3 24 57
7 43 138 97 9 114 125 86
6 104 146 72 15 11 28
6 147 131 77 108 1 149
9 91 65 32 12 16 140 137 39 136
4 37 0 103 134
6 69 111 74 33 52 20
8 50 54 102 42 127 7 4 76
9 82 56 143 116 19 145 53 5 59
9 81 115 112 30 18 70 89 100 132
7 45 92 101 6 142 135 139

Total makespan: 81

