25
6 53 42 38 62 59 120
5 8 9 99 125 114
7 102 93 32 57 34 41 141
6 61 90 46 0 20 78
6 104 126 16 105 48 31
4 44 111 58 118
9 124 21 12 130 98 132 145 80 123
5 66 69 50 22 25
7 97 108 39 24 27 88 63
7 115 74 65 56 2 140 109
6 7 113 29 18 15 3
8 23 70 45 131 28 148 40 83
5 36 60 82 101 4
5 51 71 43 117 5
4 33 87 133 81
5 86 76 142 73 91
5 72 139 92 6 95
6 110 144 10 49 107 17
5 137 116 14 37 1
8 75 94 103 122 64 77 147 11
7 128 112 129 134 52 119 55
5 136 47 13 96 138
8 19 121 106 85 84 67 26 146
5 143 35 127 135 89
6 68 30 54 79 100 149

Total makespan: 90

