15
9 55 91 5 47 74 33 108 12 17
9 112 101 16 66 83 72 144 80 31
10 125 128 147 65 111 148 53 132 75 42
8 69 109 116 131 60 58 1 146
11 123 145 35 10 117 20 129 76 56 62 30
9 3 48 51 43 107 6 32 139 39
12 13 25 127 121 34 143 36 19 26 92 89 126
11 54 124 61 2 103 138 105 95 86 94 122
10 38 93 52 29 27 98 37 87 120 70
9 96 137 88 22 67 24 77 15 106
8 18 85 113 141 84 9 142 90
11 136 134 115 118 23 41 14 40 0 57 104
11 99 119 59 7 102 97 64 82 135 8 63
11 28 46 68 49 79 73 11 21 100 4 149
11 140 71 114 130 45 44 78 81 50 133 110

Total makespan: 146

