10
12 3 6 4 65 106 143 138 109 86 147 135 129
16 32 7 60 100 29 121 34 68 18 102 99 110 63 139 98 72
17 75 53 27 19 40 149 31 35 58 1 127 33 49 56 136 57 89
17 14 23 108 64 118 117 125 137 73 12 119 69 62 25 144 22 46
13 71 94 61 39 70 13 130 148 42 112 88 111 10
18 78 55 28 66 24 43 51 133 113 145 141 87 85 30 11 37 96 101
13 123 44 146 105 47 54 36 41 90 114 48 83 17
17 84 104 67 74 131 140 45 77 2 20 9 116 79 38 0 5 8
14 91 128 120 142 50 81 80 92 97 82 124 134 26 107
13 115 122 21 132 52 15 59 103 126 16 93 76 95

Total makespan: 198

