10
12 30 18 2 79 65 23 19 51 102 97 93 78
19 14 106 68 148 118 55 139 128 58 0 124 43 116 98 80 67 38 127 49
18 8 25 72 126 52 145 22 101 53 21 74 121 40 107 3 122 147 138
13 20 146 61 44 56 24 117 114 32 113 63 10 64
14 143 90 75 137 46 34 13 131 17 123 119 92 76 136
17 29 48 96 141 12 99 45 103 86 81 149 89 120 105 57 54 73
15 35 6 142 27 59 109 83 94 62 91 36 26 50 47 11
15 41 4 95 82 133 130 115 88 16 39 77 87 1 5 100
9 110 132 70 134 129 112 42 104 111
18 69 31 60 71 33 85 135 37 108 7 9 144 125 66 84 140 28 15

Total makespan: 185

