25
6 83 77 120 113 128 50
7 146 69 45 147 46 71 22
5 123 137 72 143 97
9 140 10 95 53 133 58 81 108 40
4 64 142 60 100
7 75 63 74 134 5 14 125
6 41 148 101 114 30 130
8 124 32 144 20 84 98 1 13
6 91 37 49 90 31 141
7 92 110 107 88 38 0 34
6 65 76 51 3 44 135
6 85 6 55 39 79 16
5 67 4 11 47 24
6 59 33 52 48 116 106
4 25 115 62 122
7 136 68 80 87 96 138 103
5 19 132 28 35 2
4 9 127 126 18
6 131 21 117 12 86 43
6 82 66 8 93 94 105
5 61 56 36 78 17
5 121 7 102 23 129
8 111 119 112 57 145 70 99 15
7 104 54 109 29 118 89 139
5 26 27 149 42 73

Total makespan: 90

