10
13 111 28 72 119 103 78 130 14 79 113 110 114 88
13 141 9 41 87 59 122 68 104 31 74 6 123 7
18 8 145 108 29 96 4 18 5 149 2 45 100 54 147 1 69 47 52
19 138 115 117 92 33 38 75 148 43 53 58 106 83 124 91 17 137 35 40
15 21 32 95 66 94 67 133 143 97 107 49 70 127 126 84
18 144 99 135 71 120 36 11 63 39 89 42 118 26 34 65 76 116 132
13 136 37 134 20 90 61 55 93 139 46 129 102 62
16 13 57 27 23 82 85 77 22 121 105 86 25 24 10 3 81
13 56 80 15 51 44 98 48 16 0 73 131 30 12
12 125 109 142 60 112 19 64 50 128 140 101 146

Total makespan: 211

