20
6 143 24 61 27 71 60
7 26 22 4 25 52 32 50
6 69 120 56 76 96 124
7 83 86 33 147 13 116 42
8 44 30 40 118 38 70 48 23
7 73 145 88 114 87 90 51
8 79 31 99 121 138 49 78 91
7 128 100 149 55 6 89 18
7 132 135 75 21 74 35 68
7 131 129 97 53 113 125 36
7 39 133 140 10 63 108 45
6 82 139 3 115 134 54
9 104 17 80 72 148 19 141 47 29
8 46 122 95 0 111 137 65 20
12 103 1 81 85 16 12 94 106 142 28 102 66
11 84 7 146 77 11 107 112 34 109 93 41
8 9 57 117 144 58 62 105 8
4 37 2 64 119
8 130 67 14 123 126 98 101 127
7 15 110 5 43 136 59 92

Total makespan: 110

