20
7 126 70 90 49 97 96 25
7 8 119 134 59 141 37 12
7 84 130 102 44 142 122 127
5 9 88 145 138 42
7 74 143 18 2 112 52 14
8 147 104 35 7 56 146 32 124
7 135 78 16 38 109 114 99
8 83 22 62 11 101 71 5 4
7 29 133 50 107 17 27 39
6 148 136 23 24 28 34
9 81 105 132 85 57 116 51 125 55
6 21 79 31 144 13 108
10 47 121 58 87 54 140 67 41 80 98
9 129 53 86 95 94 128 40 75 6
8 69 117 120 106 61 15 76 137
5 103 89 115 113 36
8 33 110 100 46 20 139 73 92
7 111 30 1 60 149 66 26
10 45 10 63 123 72 65 48 131 118 3
9 77 93 82 0 91 68 43 19 64

Total makespan: 104

