30
6 4 94 97 53 148 7
5 146 137 81 18 66
6 87 20 58 16 63 105
6 147 41 103 55 51 141
5 149 102 116 109 125
5 11 91 46 17 128
5 24 84 113 13 117
7 67 145 25 114 14 131 98
5 27 43 3 129 118
4 130 26 124 142
5 69 68 123 28 119
5 9 82 78 65 52
4 120 115 88 48
5 99 1 127 143 30
4 138 75 85 80
5 62 144 107 101 59
5 21 70 79 8 0
4 96 72 60 19
6 73 23 6 49 134 22
4 29 38 77 121
6 56 15 86 140 135 10
3 110 40 132
5 45 31 89 5 139
6 39 136 44 95 12 54
5 133 36 83 74 100
5 2 122 47 92 104
7 90 50 71 76 33 112 57
5 108 126 37 34 42
4 64 35 32 93
3 106 111 61

Total makespan: 64

