15
9 22 8 39 124 95 65 76 60 136
9 23 25 18 146 129 67 79 2 64
8 53 99 142 55 84 31 149 14
9 26 110 93 45 105 109 113 86 57
10 127 17 27 123 1 51 112 54 107 33
9 140 34 88 81 20 71 100 128 15
11 125 134 118 50 83 49 19 28 132 133 122
9 38 106 42 24 6 111 87 9 148
11 114 5 82 108 0 48 13 70 29 85 80
9 36 61 104 121 72 141 66 37 135
10 62 63 144 52 73 69 40 90 89 16
6 4 74 21 58 7 120
15 119 147 91 98 43 137 138 75 115 101 103 68 30 130 56
15 44 3 96 47 97 32 46 59 41 116 78 12 11 92 94
10 35 131 77 143 117 145 139 126 102 10

Total makespan: 91

