10
17 12 93 89 119 40 27 107 61 96 41 28 129 6 128 23 109 100
16 37 17 92 35 64 57 78 58 68 14 105 36 101 88 75 113
12 34 25 137 32 80 46 130 47 10 26 19 120
16 90 126 79 121 51 112 9 95 103 115 0 15 2 99 13 102
14 20 62 138 87 108 22 45 145 140 132 65 136 83 131
15 66 49 31 54 73 86 48 84 16 127 91 116 125 38 44
13 117 53 60 72 18 82 106 21 141 55 147 59 98
12 29 134 11 76 142 52 1 124 74 67 7 110
19 4 77 143 123 94 33 43 104 146 114 148 122 50 56 85 81 71 63 139
16 111 144 69 135 70 118 24 133 30 39 8 5 42 149 97 3

Total makespan: 255

