10
17 10 117 120 16 53 27 82 104 85 41 79 131 56 15 21 113 89
13 143 57 147 37 17 88 81 125 105 11 5 96 42
16 144 106 111 76 66 118 67 45 18 64 91 20 19 92 112 93
15 114 122 62 65 13 60 52 46 61 98 4 124 94 0 12
14 47 102 115 110 95 29 55 123 75 87 128 3 26 40
12 130 135 2 84 9 69 59 36 34 140 80 63
12 8 121 78 119 71 134 127 24 116 100 38 35
17 139 126 23 138 54 133 77 22 51 39 25 99 141 137 68 7 44
15 142 31 70 149 90 73 109 132 108 6 30 107 86 32 145
19 74 103 50 97 49 129 28 48 136 43 146 72 101 58 83 1 148 14 33

Total makespan: 232

