15
8 41 28 39 50 127 100 138 140
11 101 82 77 119 46 81 26 33 132 60 31
10 139 47 6 62 18 84 96 87 3 12
12 14 65 131 86 90 109 40 105 85 56 130 102
12 103 107 136 74 63 83 11 68 135 99 121 143
8 115 92 111 0 45 59 146 71
12 15 89 34 38 1 54 94 25 76 32 125 20
10 35 69 128 10 49 30 70 120 4 141
9 95 58 21 9 118 144 126 110 53
7 78 52 149 80 44 17 148
11 61 133 42 112 8 91 106 13 67 64 72
10 129 97 27 57 75 23 113 122 142 7
9 24 145 36 55 88 147 43 108 134
13 123 19 37 137 79 48 98 2 5 114 51 117 93
8 116 66 104 22 124 29 73 16

Total makespan: 110

