15
10 9 85 107 40 102 96 149 55 50 10
11 72 79 124 125 53 141 126 100 26 75 39
7 56 112 2 136 4 117 93
11 22 35 80 38 129 67 120 76 105 24 146
8 89 15 121 95 23 106 88 144
11 28 1 77 91 58 45 3 71 104 109 147
12 116 7 16 47 69 48 52 135 59 78 84 127
10 97 0 82 114 60 17 137 31 8 5
9 65 20 113 132 128 70 119 46 98
10 73 103 123 66 99 87 21 139 131 108
13 64 74 54 94 115 44 63 86 13 36 92 143 83
11 43 133 29 110 18 145 101 49 51 12 134
10 61 19 122 6 37 41 30 142 81 42
7 33 148 11 62 34 32 25
10 130 68 140 27 138 57 118 111 90 14

Total makespan: 90

