30
3 107 112 13
6 1 90 20 15 111 145
4 109 32 102 99
5 108 28 72 117 131
4 60 39 21 36
4 9 53 12 75
7 46 122 57 24 119 62 19
3 8 55 127
5 89 81 4 134 80
4 114 48 70 73
8 35 141 82 115 123 10 94 140
5 2 59 23 149 85
4 3 100 65 120
6 116 61 106 87 129 110
6 146 137 0 47 37 26
6 44 22 138 136 126 139
6 63 51 147 142 58 101
6 71 42 118 128 31 74
7 79 132 97 56 103 83 144
4 121 6 98 86
3 29 68 78
5 34 133 30 95 14
5 67 93 25 33 96
3 105 88 76
5 49 50 92 77 135
5 124 66 18 27 7
6 84 91 41 113 54 16
6 38 40 143 104 5 43
4 148 17 64 45
5 69 11 125 52 130

Total makespan: 53

