20
10 30 116 97 137 99 72 110 88 2 109
7 133 70 106 17 11 60 7
8 104 93 75 89 107 62 54 34
8 138 57 8 105 41 128 21 121
5 114 9 143 3 0
7 23 139 31 135 16 43 134
7 50 100 112 125 123 111 52
9 146 149 14 79 142 29 136 127 13
8 46 6 47 40 87 53 86 24
8 144 85 69 61 148 115 68 131
6 145 44 124 117 130 12
9 81 82 51 94 84 101 119 77 78
6 25 36 39 129 132 55
8 118 26 20 33 45 102 63 126
9 141 22 56 108 98 83 140 1 80
4 35 65 67 38
8 90 42 64 19 28 18 122 92
8 103 73 120 91 37 95 71 15
10 59 74 10 58 32 96 66 5 48 4
5 76 113 49 147 27

Total makespan: 113

