10
17 35 105 121 117 76 132 21 140 67 25 82 122 12 145 86 98 110
15 116 14 36 91 43 38 101 40 83 23 107 134 11 30 114
14 59 149 2 46 5 77 65 41 96 106 32 78 143 47
15 108 111 50 60 68 24 3 52 100 89 127 81 62 54 29
14 75 87 120 119 118 28 148 70 55 123 84 137 128 146
12 63 102 93 33 74 34 10 72 17 144 53 141
15 69 99 104 124 58 0 79 44 31 39 97 88 73 126 90
16 4 80 142 7 139 64 113 135 147 95 16 109 125 42 8 130
16 131 49 56 48 22 138 129 27 61 57 26 37 6 18 45 136
16 66 51 103 20 1 71 9 92 115 15 85 13 19 112 133 94

Total makespan: 263

