15
9 30 18 106 15 23 29 65 1 102
10 52 5 8 38 0 135 100 134 118 76
13 70 105 94 12 119 112 87 98 41 62 3 109 83
10 128 66 136 64 143 92 90 148 7 71
9 121 99 72 48 113 144 117 130 27
8 54 104 81 58 101 47 35 36
9 115 61 84 24 55 120 67 51 20
10 37 28 16 91 26 93 108 78 146 25
12 9 125 138 32 149 95 2 132 141 10 43 111
8 137 56 33 59 114 103 4 39
12 133 147 142 116 42 31 14 57 129 74 85 19
8 11 6 80 77 73 75 123 60
9 97 79 45 107 145 82 21 140 17
10 89 86 131 40 88 49 63 96 124 22
13 13 44 69 68 110 50 139 127 122 46 53 34 126

Total makespan: 145

