10
16 111 105 39 107 130 78 19 14 79 113 110 114 63 103 145 72
14 87 59 122 68 104 142 31 136 74 6 9 2 123 7
17 1 69 108 47 141 52 90 29 96 4 18 45 131 100 54 5 149
20 138 21 115 40 71 106 83 124 91 17 137 35 148 43 53 58 112 117 92 38
13 126 84 70 127 119 95 66 94 32 97 28 49 67
17 36 11 144 120 135 118 125 33 89 88 26 34 65 42 147 76 116
15 61 55 93 99 132 41 102 62 75 139 46 129 37 134 20
16 13 57 27 23 143 86 85 77 82 24 25 10 3 81 22 121
13 133 16 0 30 12 8 73 44 98 80 15 51 56
9 109 64 50 128 140 101 146 48 60

Total makespan: 211

