10
19 2 24 26 3 128 54 59 7 111 72 106 110 58 81 66 135 69 96 64
15 71 116 0 48 68 49 140 6 29 53 101 145 103 60 118
17 114 109 8 38 5 132 137 119 34 73 14 91 134 122 129 19 125
15 89 36 40 70 126 133 41 113 147 45 94 74 79 120 88
12 75 4 52 33 121 47 65 85 84 148 57 12
15 23 63 112 124 141 115 18 31 87 43 42 139 11 99 16
16 83 97 131 32 56 76 108 50 104 15 17 127 51 1 107 146
18 117 136 149 20 92 67 130 39 62 98 35 37 105 78 142 90 143 21
10 25 61 102 86 93 27 144 123 95 9
13 44 80 46 10 28 30 55 138 77 22 13 100 82

Total makespan: 236

