20
10 91 122 51 135 60 94 128 129 71 24
5 11 137 145 99 121
8 30 110 56 12 89 98 97 81
8 43 17 92 72 58 125 55 90
8 82 40 105 49 147 9 83 73
7 53 6 139 107 102 134 4
8 119 101 31 52 79 140 14 47
8 109 23 133 61 78 15 69 70
9 132 22 45 130 87 75 115 80 120
6 50 117 27 10 74 148
7 19 64 76 7 86 46 96
6 2 124 77 144 131 8
6 123 54 33 48 38 103
8 28 34 35 20 36 13 114 41
10 1 127 37 126 3 59 57 149 66 84
6 143 136 16 116 93 113
7 104 141 32 85 142 146 118
8 108 95 26 42 18 112 5 67
8 106 21 111 138 39 88 0 62
7 25 44 100 29 68 63 65

Total makespan: 101

