10
15 82 101 34 64 43 10 19 26 30 119 9 146 44 117 110
14 35 125 106 63 42 38 99 33 57 46 138 115 72 24
15 140 107 121 73 27 48 111 84 11 137 124 132 88 15 86
14 21 141 104 12 39 8 32 49 108 133 20 70 14 105
14 68 74 77 55 126 147 47 54 79 144 71 66 148 89
14 69 145 87 139 93 23 51 60 6 135 118 22 78 41
15 62 5 92 91 25 45 85 7 128 100 17 40 130 136 67
16 61 65 97 53 109 4 83 58 75 31 29 143 120 80 112 52
17 134 96 16 1 13 37 103 76 50 95 131 36 114 116 81 113 142
16 149 102 94 129 18 127 28 2 3 56 0 90 123 122 98 59

Total makespan: 167

