10
12 30 18 2 79 65 23 19 51 102 97 93 78
19 14 55 139 127 49 148 98 80 118 43 116 124 100 67 68 128 58 0 64
18 8 25 72 122 147 138 74 21 121 111 3 107 40 126 52 145 22 101
13 53 114 32 85 20 117 113 63 10 24 146 61 44
14 143 90 75 137 34 13 131 17 142 123 119 92 76 136
17 29 48 96 141 73 120 12 99 45 103 86 81 149 89 105 57 54
15 35 6 91 36 26 50 47 27 59 109 83 46 62 11 94
15 1 87 60 39 77 41 4 95 82 133 130 115 38 16 5
11 70 134 104 112 42 129 56 84 110 31 132
16 125 88 144 9 135 37 140 66 106 108 7 71 33 69 28 15

Total makespan: 185

