30
4 22 52 72 147
4 47 87 99 100
5 43 9 50 88 26
4 32 55 23 4
6 124 42 69 13 106 37
6 144 118 53 75 141 70
5 61 73 7 3 126
6 91 76 142 31 92 113
4 83 19 86 41
5 105 58 66 84 127
4 11 129 38 64
6 45 111 67 95 63 30
6 134 137 131 71 149 107
5 123 77 79 94 90
5 146 108 48 36 1
6 133 21 89 140 122 128
6 101 93 81 78 15 17
4 33 136 40 14
5 112 130 44 51 46
6 143 29 97 16 135 82
4 85 68 65 125
5 28 60 57 59 139
5 8 104 18 0 20
5 6 103 12 62 116
5 74 49 35 56 102
7 34 24 145 54 138 117 98
4 80 10 120 119
4 132 109 2 114
6 96 148 27 25 5 110
3 121 39 115

Total makespan: 73

