15
9 19 45 145 123 100 5 11 65 69
11 38 143 94 51 52 148 35 77 59 29 36
12 115 22 117 10 81 131 13 146 84 72 136 91
10 138 68 113 14 70 61 139 119 21 128
10 149 76 82 124 140 71 62 18 9 40
9 50 101 74 109 110 114 130 53 12
10 4 63 132 97 105 120 86 26 60 141
11 92 75 147 16 88 116 23 137 46 64 118
8 42 121 44 87 33 34 41 0
7 58 55 20 89 99 15 95
11 103 67 39 78 2 126 106 129 134 98 25
10 96 32 8 7 57 83 66 54 49 125
7 56 6 90 108 47 3 135
13 27 73 133 102 85 93 37 122 79 111 80 28 1
12 17 48 107 31 24 30 112 104 127 43 144 142

Total makespan: 79

