20
8 64 62 133 132 76 27 38 71
8 115 44 61 35 19 51 4 117
9 11 8 34 135 22 13 42 92 15
10 84 65 126 128 125 52 97 100 32 139
5 16 120 86 46 28
7 20 7 12 111 82 70 48
8 47 29 50 9 118 5 17 67
9 81 116 102 54 147 57 145 127 121
7 91 141 36 39 80 49 60
9 107 37 40 72 6 99 124 110 146
4 74 1 78 45
8 10 96 23 53 55 94 58 140
6 104 101 134 143 14 103
10 109 18 56 122 138 131 41 30 68 33
7 0 98 25 149 106 73 89
6 137 144 112 59 95 31
6 43 79 105 129 69 114
8 87 2 88 142 75 113 90 123
7 77 3 119 136 108 93 130
8 24 21 66 63 148 26 83 85

Total makespan: 114

