25
6 17 38 11 37 51 29
5 114 108 68 58 147
4 9 109 67 79
5 118 15 132 22 124
9 87 86 48 106 94 32 62 102 23
6 7 110 26 130 85 146
8 99 30 90 98 100 76 16 107
6 21 41 80 101 14 144
6 133 116 117 149 10 66
5 83 59 28 125 105
5 92 43 49 129 131
5 6 3 139 20 137
6 74 42 142 36 64 123
6 111 0 89 121 27 54
6 73 65 126 69 39 61
7 44 78 138 84 46 136 40
8 113 93 140 47 31 95 77 91
6 134 18 72 4 143 88
6 112 53 35 19 52 24
5 145 8 1 75 63
6 60 71 57 103 120 96
7 56 34 70 148 122 135 115
6 127 82 5 104 119 81
6 25 50 12 33 13 97
5 2 45 141 55 128

Total makespan: 56

