15
7 20 103 53 89 22 113 138
10 34 62 38 127 129 16 117 102 75 134
10 79 78 57 93 135 82 71 104 92 31
12 2 111 21 66 88 101 49 114 73 43 27 18
10 56 42 130 12 96 139 45 65 86 48
10 149 44 99 0 36 32 118 70 4 142
9 61 1 84 24 95 47 80 8 147
9 123 72 100 6 11 94 25 15 145
12 133 52 29 144 126 14 116 59 109 33 28 67
11 63 136 132 19 119 112 76 50 81 9 91
12 13 17 40 148 55 125 97 51 77 124 46 64
10 41 121 128 7 122 26 58 120 105 37
8 87 83 10 146 54 131 108 5
9 90 39 68 110 137 30 3 85 143
11 141 140 23 69 106 35 115 60 74 107 98

Total makespan: 124

