10
14 10 146 117 120 16 27 82 8 21 113 3 34 116 89
17 81 125 133 37 17 88 83 57 18 143 147 105 11 5 72 54 42
16 66 118 69 67 45 43 40 38 64 91 92 111 106 112 131 144
17 47 62 65 13 60 52 46 61 98 4 31 19 114 124 94 0 12
12 128 87 102 115 110 95 29 55 41 75 96 26
15 108 85 77 9 130 135 2 84 58 104 63 139 140 80 25
12 121 78 119 15 127 24 35 100 93 138 36 136
14 7 99 132 20 122 22 51 126 23 68 141 137 44 123
15 71 56 142 32 145 70 149 6 30 107 79 90 73 109 59
18 134 1 148 129 86 74 103 50 97 49 28 48 39 76 101 53 14 33

Total makespan: 237

