20
8 70 100 134 9 14 85 51 105
8 25 78 86 130 42 116 62 108
8 92 26 111 114 95 57 32 43
7 15 103 107 76 113 90 127
6 122 104 47 5 94 2
7 35 123 1 82 89 120 131
8 106 4 147 56 49 102 59 129
8 37 6 142 84 93 88 17 97
9 23 132 61 54 8 64 0 63 67
10 41 101 149 118 77 81 83 141 98 143
7 80 10 36 66 117 137 99
10 58 73 13 69 72 16 46 110 109 29
7 136 138 12 139 53 48 30
6 24 71 140 119 79 74
7 39 55 126 34 144 40 128
5 112 87 28 96 11
8 121 22 45 124 21 20 115 125
7 91 145 44 148 146 38 60
6 68 31 7 19 75 18
8 27 133 3 65 50 135 33 52

Total makespan: 82

