20
8 21 86 137 99 116 52 110 45
8 106 17 70 60 75 36 89 48
8 14 93 107 62 34 102 79 9
10 138 57 127 6 29 108 71 8 105 121
4 104 3 27 128
8 16 78 134 43 37 76 23 139
7 133 50 58 68 147 112 100
9 13 149 136 101 142 124 80 135 114
8 72 46 125 32 123 53 40 87
6 2 115 77 11 69 61
7 145 5 24 95 141 4 111
9 38 143 54 130 44 84 81 51 94
7 39 119 73 67 144 129 132
8 82 118 26 20 33 42 49 47
8 98 83 63 56 146 1 22 55
5 41 90 31 88 15
7 109 117 92 19 148 122 12
7 103 35 0 120 91 25 126
8 97 140 30 7 59 96 10 28
8 18 64 74 66 131 65 85 113

Total makespan: 115

