10
11 129 146 126 5 122 19 11 59 24 58 119
15 76 37 16 53 1 46 34 60 114 132 77 41 66 14 106
11 102 140 78 136 141 133 10 8 120 52 117
18 112 39 27 124 36 28 74 110 85 18 40 121 75 20 103 125 130 72
15 2 45 148 144 84 131 7 82 49 127 104 147 89 135 44
18 57 54 67 101 91 43 21 35 33 137 62 128 25 111 47 31 29 17
14 143 73 134 118 48 0 61 95 109 65 55 63 69 98
17 88 97 26 115 71 108 90 113 64 100 9 81 6 99 13 83 87
15 15 50 3 12 116 22 86 123 105 70 80 68 23 92 32
16 42 93 145 107 30 38 96 56 139 94 51 142 149 4 79 138

Total makespan: 267

