20
7 4 88 139 76 116 53 127
7 57 142 24 98 149 14 129
9 125 103 40 105 7 120 92 101 52
4 112 123 70 122
8 131 13 128 5 56 106 42 89
7 59 46 38 126 93 95 67
9 118 9 119 138 63 29 132 74 97
9 73 15 69 102 83 124 109 66 75
8 45 60 94 79 117 130 55 17
8 96 108 148 49 37 72 34 19
11 28 121 33 12 107 115 16 10 111 61 44
6 145 6 31 41 27 25
8 54 64 140 100 143 1 32 58
8 87 113 134 30 104 39 99 35
8 21 0 90 68 26 86 23 141
6 62 146 48 136 81 144
9 78 77 22 11 85 51 114 2 110
6 71 8 135 65 147 36
2 91 133
10 137 82 50 80 3 84 47 43 20 18

Total makespan: 57

