15
12 116 78 38 141 94 41 135 46 146 5 139 90
9 74 132 148 36 51 66 112 27 84
8 44 56 114 113 124 55 2 125
10 107 99 109 96 9 62 95 134 143 129
9 39 48 15 106 13 102 61 12 130
11 17 3 89 87 25 18 6 47 21 97 136
11 126 64 133 76 24 42 30 28 8 118 23
11 88 19 49 121 137 70 147 4 77 60 54
11 138 31 75 58 149 144 103 98 123 68 120
8 79 59 131 50 81 14 33 91
12 140 142 7 145 128 86 16 34 101 26 73 117
8 11 45 71 52 40 122 115 67
10 82 72 85 110 80 57 111 127 100 20
11 32 119 29 37 22 108 69 65 83 43 92
9 104 10 0 53 105 1 63 35 93

Total makespan: 117

