30
4 60 63 88 136
5 123 16 8 144 145
5 104 27 65 127 147
5 100 53 83 113 148
4 28 26 30 131
6 18 58 129 1 84 36
8 57 59 141 64 133 32 116 91
5 119 96 10 124 146
4 73 79 76 74
6 75 109 139 35 98 46
3 24 2 31
7 43 92 38 130 61 95 111
6 33 14 15 23 128 69
5 29 68 120 49 82
7 34 48 125 93 47 17 51
3 138 110 103
5 37 85 50 45 118
5 9 7 67 117 140
3 12 137 6
5 106 42 66 132 135
4 71 55 78 102
6 126 19 80 56 21 40
5 115 90 149 121 70
6 105 107 62 87 143 89
6 134 81 0 3 114 77
4 94 112 72 11
2 22 122
5 41 108 86 101 5
6 4 52 13 44 97 54
5 142 20 99 39 25

Total makespan: 51

