10
20 74 96 115 5 57 22 130 2 136 14 28 32 45 144 138 117 38 95 13 78
18 116 66 86 108 51 89 141 82 102 120 20 137 148 55 25 6 40 114
13 107 56 87 52 91 125 21 79 126 124 110 15 43
14 67 75 19 61 12 146 60 41 122 68 147 3 106 98
14 18 77 34 131 10 30 134 58 36 54 71 81 47 11
13 70 50 135 44 17 37 65 119 145 149 59 97 132
16 88 64 73 0 129 49 139 111 63 105 123 128 69 103 42 99
12 76 80 1 109 23 100 112 92 72 84 29 142
16 140 33 53 39 27 26 83 93 4 7 121 127 24 104 94 8
14 90 85 35 133 9 16 113 46 118 48 31 101 62 143

Total makespan: 172

