25
8 127 109 120 18 12 146 90 64
8 50 82 81 99 121 88 43 25
5 75 140 62 34 56
5 73 139 23 28 102
5 134 22 7 40 68
4 8 130 53 52
6 148 144 136 32 103 89
8 36 79 77 123 5 87 31 71
4 21 116 95 74
6 97 70 20 133 10 66
7 29 98 125 46 85 132 92
4 63 108 9 49
4 131 112 129 2
7 124 24 128 80 44 45 86
7 30 119 72 19 0 17 48
4 115 105 149 61
6 141 58 122 138 27 42
5 33 6 84 76 110
9 1 145 67 114 147 14 96 51 57
7 78 38 39 104 4 101 3
5 91 118 117 65 143
8 15 37 13 59 11 41 60 94
7 35 111 55 106 100 83 107
7 47 69 93 135 142 137 54
4 126 113 16 26

Total makespan: 79

