25
5 95 125 35 114 54
7 140 59 94 82 143 148 136
4 4 64 25 0
7 81 102 106 65 6 132 61
7 110 56 40 73 141 71 5
6 121 90 135 75 33 131
6 14 46 50 55 109 39
8 63 22 78 47 67 123 8 74
4 104 101 112 149
8 38 144 98 58 13 60 29 92
6 130 127 147 86 87 70
4 57 1 111 20
7 9 2 21 107 7 42 85
6 69 16 113 126 48 79
5 26 139 66 129 89
5 96 32 117 19 17
6 122 31 133 52 12 18
7 49 10 120 34 80 97 105
8 99 103 62 3 24 11 36 88
6 37 108 118 43 128 15
5 138 27 28 84 45
6 134 93 41 142 53 23
4 72 51 119 145
5 30 44 116 124 83
8 68 91 137 100 77 76 146 115

Total makespan: 62

