15
15 71 43 146 31 132 17 66 47 22 135 0 25 102 41 142
11 57 58 73 139 29 52 101 98 94 51 149
7 34 97 63 121 14 27 68
12 110 86 12 82 38 87 20 96 138 36 83 24
7 42 131 136 62 141 127 37
9 15 3 39 103 115 116 69 19 118
10 100 55 84 59 137 4 145 113 91 40
11 129 81 108 140 126 134 67 33 111 65 13
9 60 79 18 90 16 8 147 56 148
10 114 21 46 48 80 106 50 61 130 6
10 44 89 88 35 117 123 77 5 93 74
9 28 144 104 120 54 133 109 75 11
9 105 45 10 143 70 119 107 7 30
10 85 112 76 2 92 26 99 23 95 9
11 1 125 124 78 49 64 122 128 72 53 32

Total makespan: 87

