10
17 68 100 73 111 120 50 8 41 21 33 11 25 12 138 54 80 36
15 10 56 110 97 108 75 83 132 69 76 65 5 106 62 122
18 39 101 109 104 125 146 90 136 103 53 135 128 102 22 139 113 114 29
13 23 126 118 55 37 58 15 43 117 82 14 52 38
13 107 129 105 92 61 149 87 31 112 60 121 70 99
13 123 49 19 148 7 137 9 94 51 1 42 142 27
12 124 0 24 35 20 59 115 89 98 48 147 119
15 64 46 2 40 95 145 77 127 72 140 32 16 47 133 6
16 4 134 93 44 18 143 131 144 79 96 74 26 63 71 91 81
18 86 85 88 3 84 67 28 116 141 130 57 66 17 13 78 45 34 30

Total makespan: 173

