30
4 129 112 3 75
6 33 1 90 20 15 145
4 99 114 109 32
4 138 117 131 40
6 144 13 137 35 60 36
5 102 9 94 12 86
7 61 24 119 62 19 57 56
3 93 120 64
4 80 53 89 81
4 69 130 55 100
6 140 115 123 10 82 101
6 23 49 2 59 70 14
5 147 96 65 37 141
6 134 110 146 45 51 116
4 47 98 16 97
8 85 139 54 52 31 48 50 4
3 28 67 87
7 71 42 118 128 122 63 149
5 104 126 103 92 132
3 111 0 17
5 124 68 11 29 6
6 79 34 133 106 30 95
4 73 8 25 148
4 107 76 136 44
5 77 135 74 83 78
6 66 18 27 26 58 7
5 105 72 41 91 113
7 38 121 142 43 22 143 5
4 84 125 127 88
4 21 46 39 108

Total makespan: 52

