20
7 106 16 54 6 139 9 148
8 85 99 29 0 113 17 4 48
7 87 108 132 71 39 28 94
6 58 22 136 149 25 110
4 26 41 83 101
9 8 130 14 89 34 96 43 5 125
9 60 135 121 131 95 50 115 114 56
7 117 116 137 107 10 42 146
5 3 111 45 123 31
7 62 112 118 145 51 82 61
9 15 57 88 103 35 129 105 18 72
7 138 73 38 140 79 40 20
7 144 80 2 128 47 91 37
11 55 109 12 30 93 77 7 134 68 102 86
8 59 64 33 124 46 49 141 120
6 84 23 24 126 74 78
7 19 67 81 63 52 100 65
9 69 104 21 119 27 133 70 75 11
6 44 13 32 1 66 36
11 142 97 53 92 143 98 127 90 122 147 76

Total makespan: 54

