20
10 74 61 17 94 128 25 80 136 104 54
9 108 62 107 96 97 81 53 138 46
6 51 0 19 44 78 106
7 79 147 139 125 5 68 1
9 140 16 26 42 4 118 32 66 33
7 111 87 2 123 141 3 72
6 119 75 99 126 50 13
7 120 131 71 85 18 115 86
9 63 105 76 24 29 56 122 134 22
7 129 41 60 21 110 20 23
8 116 102 59 146 47 40 127 101
8 34 36 77 130 57 100 89 142
7 38 148 132 6 31 145 43
7 45 143 98 65 58 35 117
9 93 30 90 10 12 135 114 92 14
8 149 8 73 103 124 137 121 7
4 91 109 144 55
8 67 48 95 15 39 84 69 112
7 49 113 37 82 83 9 11
7 28 88 70 52 27 64 133

Total makespan: 114

