25
6 140 143 63 149 61 96
7 59 148 111 70 119 17 56
5 112 83 32 25 42
6 38 130 102 2 1 95
4 82 144 141 135
6 52 21 3 105 80 19
8 101 131 4 35 43 15 53 78
2 98 146
5 117 26 87 10 110
9 20 122 22 138 97 91 121 139 5
9 120 62 7 136 9 33 81 47 145
5 86 93 54 73 125
7 118 113 89 65 60 55 67
8 123 90 29 13 0 128 48 40
5 64 88 45 34 11
4 76 77 27 104
5 116 147 107 142 18
7 12 132 99 23 49 75 6
5 109 16 30 108 57
7 69 85 24 37 137 51 134
8 133 44 46 31 79 68 58 8
5 103 94 71 39 114
5 106 14 129 126 36
6 72 100 92 41 74 124
6 127 50 115 66 28 84

Total makespan: 39

