25
5 73 104 17 115 22
7 40 37 50 81 114 77 105
5 138 15 49 122 1
9 4 11 139 86 67 118 78 136 100
4 123 88 107 143
7 7 71 113 83 133 106 52
3 132 29 30
8 101 76 10 148 82 129 119 141
5 120 59 62 90 46
7 85 26 19 41 126 16 20
4 60 48 74 146
7 44 35 92 109 33 53 97
6 134 68 93 12 142 149
6 39 14 9 36 23 79
6 27 131 89 65 63 55
6 42 116 147 47 38 99
7 95 61 117 103 87 2 3
6 43 25 70 75 21 125
5 130 144 6 31 13
7 72 128 5 69 8 102 32
6 112 108 80 110 66 0
7 140 145 57 121 58 64 34
7 56 111 124 84 127 91 96
4 45 18 94 54
6 24 28 137 98 51 135

Total makespan: 86

