30
4 117 145 6 60
7 136 3 10 57 87 64 125
4 142 36 121 101
6 34 85 74 48 20 28
2 76 81
3 130 5 7
4 115 149 93 56
4 124 18 113 13
6 26 141 66 2 38 83
6 98 77 135 63 104 143
5 37 69 49 86 27
4 61 96 62 100
3 32 42 120
7 71 35 134 68 112 39 146
5 144 111 25 108 119
6 30 132 78 114 67 59
8 29 99 129 128 19 91 105 44
5 138 23 21 127 31
6 50 94 15 97 92 9
6 47 52 148 72 89 147
5 70 88 107 41 53
6 133 90 65 137 122 109
6 140 110 58 1 8 82
3 84 80 0
5 43 24 75 79 102
5 126 33 123 40 103
3 16 116 17
6 95 131 11 46 4 12
4 118 22 55 54
6 45 106 14 73 139 51

Total makespan: 32

