30
4 68 103 27 88
5 117 96 3 124 31
6 90 33 78 137 34 120
4 64 81 0 63
6 87 39 37 99 139 74
5 143 38 61 138 22
5 65 140 119 106 148
4 76 56 128 92
5 122 7 77 20 123
4 115 50 101 13
5 131 129 67 45 1
5 72 98 85 149 30
6 35 145 55 93 83 114
4 95 70 69 144
6 147 14 21 86 136 116
5 132 108 42 8 24
8 10 53 113 26 16 12 80 60
4 40 28 118 97
4 73 48 127 36
4 29 125 133 23
4 58 47 134 9
5 71 79 141 109 43
5 44 57 142 105 5
5 82 100 102 25 54
5 130 107 51 146 32
5 46 135 126 89 62
5 110 84 49 75 112
6 19 6 121 94 4 11
5 59 91 2 104 52
6 15 111 18 66 17 41

Total makespan: 50

