15
9 67 79 28 39 27 96 142 0 90
11 62 145 7 26 143 80 114 33 6 94 95
9 88 120 140 82 74 23 36 64 43
6 12 35 115 147 57 106
7 32 16 46 38 47 22 10
12 127 15 78 65 134 52 37 121 81 17 60 101
14 100 129 71 11 149 75 59 85 63 99 9 123 44 25
12 55 91 128 113 51 61 133 68 108 97 83 41
13 107 21 109 45 1 40 53 2 8 138 87 29 19
10 139 116 34 92 5 4 118 148 58 137
10 104 110 131 89 105 50 13 111 54 3
11 20 73 84 119 18 66 125 14 93 122 102
10 70 136 72 30 31 69 86 117 56 130
8 141 49 132 135 144 126 103 146
8 98 42 24 112 76 48 124 77

Total makespan: 124

