15
9 28 0 131 27 133 70 15 6 17
12 63 37 140 57 76 111 120 13 134 26 143 98
8 66 103 115 31 12 23 148 30
8 69 85 117 123 80 58 149 39
14 114 34 75 93 5 9 100 88 95 72 36 109 40 46
8 113 84 91 135 8 52 16 145
7 105 127 56 89 126 144 24
8 96 90 32 3 147 33 21 35
9 77 67 92 130 112 59 11 47 107
11 137 82 50 49 101 71 119 146 139 2 125
9 141 97 60 14 53 18 142 20 64
13 54 73 138 132 87 25 45 51 78 94 104 99 102
11 4 55 10 61 7 74 68 116 86 118 121
9 1 124 81 62 19 41 48 110 65
14 122 136 22 44 29 83 129 43 108 106 128 42 38 79

Total makespan: 124

