20
9 13 107 135 106 20 39 131 34 121
9 78 2 52 90 112 136 69 76 132
7 87 59 46 62 142 11 30
3 86 26 71
9 143 16 65 91 83 147 105 4 119
7 8 117 38 50 6 25 41
10 72 148 130 114 28 134 111 128 74 126
7 137 48 73 60 31 146 92
8 123 51 85 88 36 55 141 70
6 22 108 77 67 33 1
6 129 122 32 100 45 14
9 12 97 109 53 139 63 94 18 35
6 89 124 56 37 54 58
8 81 101 64 10 149 127 96 144
8 118 42 82 19 68 113 5 44
8 95 103 84 80 29 120 43 104
9 140 98 115 21 49 47 15 27 40
7 99 133 3 75 93 138 145
8 116 102 17 24 61 23 7 66
6 79 0 125 110 9 57

Total makespan: 97

