15
9 114 96 102 97 54 2 23 78 120
10 86 118 81 89 32 20 113 3 58 6
8 149 129 48 106 15 68 141 46
9 24 115 119 100 26 4 66 137 16
10 72 140 13 10 92 71 74 9 55 148
12 138 12 14 107 40 44 51 67 57 0 108 19
7 85 116 59 39 8 122 144
10 145 84 25 112 61 98 127 143 134 63
12 131 11 99 121 146 27 132 69 75 29 22 1
7 30 90 133 65 105 109 18
10 124 52 73 64 93 103 111 17 95 43
11 28 41 35 42 117 83 147 80 130 123 36
11 101 88 62 45 125 79 94 56 104 50 76
13 142 37 38 136 139 34 70 53 47 126 21 60 110
11 87 31 49 82 5 91 135 33 7 77 128

Total makespan: 163

