30
4 22 139 32 99
5 108 35 1 51 130
4 97 98 102 26
5 4 104 64 31 120
7 109 7 36 76 92 5 6
6 10 45 65 37 16 91
4 115 71 101 42
4 12 113 40 90
6 88 125 20 83 63 21
7 95 47 103 41 124 13 116
5 60 111 2 78 59
6 110 70 146 112 81 148
8 0 114 135 129 138 52 143 46
5 34 105 87 147 140
6 62 56 123 74 121 3
5 137 126 18 144 33
4 66 136 72 84
4 106 149 142 8
4 58 93 28 80
5 67 69 94 134 119
3 39 96 117
5 145 86 122 43 61
4 50 79 68 89
3 82 29 100
5 118 25 48 53 127
4 44 133 19 128
8 9 77 15 17 55 23 73 27
4 54 132 11 49
5 57 141 14 24 75
5 85 30 107 131 38

Total makespan: 64

