10
14 96 79 138 66 123 95 57 117 42 88 60 76 5 75
20 50 61 68 129 4 36 8 124 147 106 70 32 29 1 146 143 0 25 94 24
15 27 141 93 30 72 111 20 73 105 82 122 139 78 140 54
13 11 85 34 104 112 136 59 89 119 21 114 98 35
11 7 6 149 134 84 103 148 47 80 121 40
19 33 91 18 125 69 2 52 118 87 74 130 145 13 48 97 14 26 9 23
16 37 12 92 63 142 46 115 65 39 128 45 131 116 132 109 49
13 120 16 99 67 64 108 86 113 71 144 41 135 53
13 43 77 17 62 110 3 101 83 107 51 102 90 22
16 100 127 10 15 44 19 133 137 38 55 81 58 28 56 126 31

Total makespan: 176

