15
12 71 43 146 31 30 69 130 17 0 25 102 22
10 98 58 73 101 139 34 29 52 94 149
9 142 27 68 97 63 121 14 111 65
11 144 24 86 36 83 110 20 96 38 87 12
7 62 42 131 136 51 141 127
9 61 115 39 19 118 3 46 15 116
11 135 55 84 59 100 113 37 137 4 145 40
9 129 81 108 140 91 67 33 126 13
12 103 138 79 41 56 60 132 90 16 8 147 57
10 48 80 106 6 47 21 50 95 82 114
11 18 44 93 74 107 89 88 35 117 123 77
9 28 104 120 54 133 5 109 75 11
8 105 45 10 143 70 119 148 7
11 2 92 9 66 23 85 112 76 134 26 99
11 1 125 124 78 49 64 122 128 72 53 32

Total makespan: 87

