10
14 3 108 105 109 27 106 143 138 6 9 86 147 135 129
15 32 7 60 50 63 102 99 18 100 29 121 110 139 98 72
18 35 58 1 127 33 49 91 13 74 19 40 149 31 94 136 57 89 56
17 73 12 20 118 117 125 137 22 46 119 5 14 23 25 62 69 4
12 71 34 70 130 148 42 112 88 111 10 61 39
18 78 55 28 43 51 30 11 37 96 133 113 145 141 87 101 128 66 24
13 47 54 36 41 90 114 123 44 146 64 48 83 17
15 131 140 45 77 68 84 104 67 116 79 38 0 122 75 8
15 65 82 80 120 142 85 92 97 81 2 144 124 134 26 107
13 132 52 93 76 95 15 59 103 126 16 21 53 115

Total makespan: 197

