20
7 120 69 126 105 28 140 124
8 34 35 118 145 100 147 32 10
8 86 40 54 14 36 25 27 66
6 56 129 64 29 74 37
6 122 51 73 12 146 5
10 21 96 116 33 26 13 101 139 57 11
6 24 87 62 131 38 60
7 89 46 77 102 117 75 141
8 113 47 128 81 93 63 71 39
7 109 67 142 8 123 94 59
8 136 79 134 72 119 49 144 50
6 115 1 138 82 83 58
11 80 92 88 107 4 108 30 45 65 68 103
6 61 99 97 91 43 9
8 135 85 132 70 44 121 17 137
9 31 110 125 53 19 133 7 112 95
7 20 111 52 23 3 84 48
9 42 127 104 41 148 149 76 114 18
6 55 130 106 78 15 2
7 90 0 6 143 22 16 98

Total makespan: 82

