25
4 17 136 31 99
2 104 75
6 6 44 111 83 68 78
6 74 2 49 82 25 71
5 91 24 9 115 141
8 112 122 22 107 143 12 118 108
8 56 148 4 21 126 77 131 28
6 90 37 76 18 142 27
11 100 101 45 113 58 5 26 11 121 147 89
4 137 35 87 65
5 102 134 144 38 132
3 145 33 63
6 66 138 130 86 128 16
7 72 46 51 15 117 80 42
6 61 34 52 19 8 30
5 64 94 13 50 116
5 43 48 98 140 54
7 135 69 125 1 93 103 120
9 110 109 133 59 57 39 10 84 32
9 127 47 41 88 97 23 55 40 124
8 70 119 85 95 67 106 29 62
6 92 146 73 53 60 149
5 0 20 7 79 3
5 123 96 36 81 14
4 114 139 129 105

Total makespan: 41

