30
5 70 101 116 77 84
3 26 71 118
4 125 96 140 90
5 23 20 143 149 83
5 38 64 12 45 120
5 121 109 112 9 127
5 138 40 69 81 108
5 142 100 28 63 15
6 67 35 32 132 89 46
5 54 82 105 47 98
5 148 117 130 33 4
3 78 85 119
5 60 111 55 41 11
6 146 7 94 31 102 53
7 110 30 51 74 128 3 5
7 37 10 73 97 115 91 139
5 68 136 2 43 76
4 99 0 50 95
5 44 62 1 123 49
6 17 61 75 92 18 72
4 22 16 114 13
5 21 39 134 56 27
3 42 141 88
7 106 36 79 126 93 6 8
3 86 147 66
6 137 145 80 87 124 103
5 48 34 113 104 58
7 25 57 29 144 59 107 14
4 122 131 65 19
5 133 24 52 135 129

Total makespan: 47

