15
10 28 33 95 77 76 142 2 123 20 12
8 13 42 127 40 73 133 59 114
12 71 52 131 45 138 61 63 30 23 119 97 98
10 110 141 64 121 99 44 92 41 106 85
9 31 4 6 79 35 25 37 122 134
9 60 88 145 65 117 91 38 69 100
8 81 112 93 19 34 48 15 58
10 0 43 47 140 10 116 66 109 148 17
13 50 118 3 22 78 107 18 39 124 9 143 26 21
8 102 1 46 54 16 144 108 147
12 103 5 24 11 84 55 62 57 36 111 130 86
10 56 125 68 75 146 113 53 74 120 136
12 83 32 80 105 82 87 89 96 135 51 104 101
9 70 29 72 14 115 67 94 128 8
10 49 132 27 137 149 126 129 90 7 139

Total makespan: 154

