30
4 40 47 48 110
6 69 132 86 19 4 84
4 137 82 43 36
6 23 8 63 133 90 121
5 123 28 141 102 26
4 120 34 104 93
5 3 103 148 13 41
5 101 129 142 50 60
5 74 32 44 30 53
5 85 21 98 128 14
4 0 10 35 100
3 99 149 7
7 77 59 9 61 83 65 16
5 22 113 138 126 67
4 46 106 37 108
4 58 62 25 145
5 112 68 114 2 111
6 5 131 75 45 122 118
5 80 140 54 147 38
6 72 73 17 94 31 11
6 95 15 135 105 18 87
5 20 66 29 139 91
5 109 107 6 57 39
5 49 136 51 42 127
6 143 52 146 12 89 117
6 27 55 96 33 134 78
4 71 125 119 76
6 70 124 88 97 130 56
5 115 79 92 116 24
4 144 64 81 1

Total makespan: 72

