10
10 119 81 40 83 75 61 33 127 105 128
20 94 96 143 86 47 4 130 36 52 115 64 133 106 90 31 148 100 42 19 77
17 121 18 10 72 124 79 34 7 8 73 107 97 58 99 116 92 101
16 17 104 21 25 147 6 46 93 149 135 20 103 9 80 57 59
12 95 38 129 69 125 111 117 126 141 82 113 11
13 134 122 78 112 45 26 12 14 13 23 102 84 67
14 70 139 146 120 44 22 54 76 32 71 108 123 62 50
14 48 137 30 85 140 51 109 43 98 49 24 28 0 63
17 41 5 27 60 37 87 118 56 35 68 131 88 39 110 55 114 74
17 144 142 89 16 132 91 3 29 1 145 138 66 15 53 2 136 65

Total makespan: 233

