10
16 3 13 85 101 135 89 8 90 58 81 20 149 100 75 105 34
16 98 121 114 61 87 147 94 88 117 92 41 57 122 62 60 6
15 123 110 54 49 107 124 131 67 64 48 93 96 66 102 145
11 142 144 42 19 125 143 51 10 37 78 111
15 26 137 120 63 22 140 65 136 128 1 4 148 130 83 133
16 134 17 46 18 84 7 27 73 35 97 80 108 25 76 113 43
14 127 95 103 68 109 16 132 24 47 138 52 104 118 69
14 44 139 38 14 119 91 70 112 2 12 126 106 59 141
18 116 36 11 50 32 77 40 30 29 31 28 15 56 0 45 23 99 21
15 9 53 82 71 115 5 146 129 33 79 86 72 74 55 39

Total makespan: 272

