20
7 28 99 72 110 84 116 52
8 106 17 70 60 75 97 133 95
8 104 93 1 34 89 107 62 134
8 27 39 8 105 41 128 21 121
6 120 100 80 9 114 3
8 135 16 43 37 76 81 23 139
6 50 68 0 112 138 111
9 14 79 142 124 108 5 136 127 13
8 137 46 6 123 32 148 40 87
8 125 113 58 11 144 85 69 61
9 20 145 94 86 44 102 12 63 4
8 130 101 119 77 38 143 82 51
8 19 57 54 129 132 115 55 36
6 33 78 118 26 49 47
6 22 117 71 24 98 83
6 29 103 67 88 92 141
7 18 122 64 90 42 149 15
7 25 126 59 35 53 109 73
9 74 10 146 96 66 7 30 48 140
8 56 91 131 65 2 45 147 31

Total makespan: 111

