15
6 20 50 126 94 113 83
12 103 52 102 67 32 49 62 137 23 3 98 100
8 131 14 24 147 10 120 110 123
6 6 38 9 122 146 127
11 59 101 36 44 47 118 21 116 34 81 104
11 68 12 0 27 13 69 141 99 22 61 55
14 105 109 30 39 4 85 56 107 71 142 140 82 43 48
12 5 63 41 138 35 37 66 115 145 19 8 29
9 89 108 58 70 46 129 144 95 91
10 16 114 65 128 87 124 25 130 136 42
8 53 11 28 17 80 18 149 60
10 92 33 139 77 112 26 79 119 73 148
13 143 51 135 88 57 133 31 84 74 96 78 121 90
10 111 125 2 54 7 15 72 40 86 1
10 97 76 64 93 75 134 117 132 45 106

Total makespan: 89

