20
10 145 173 64 101 183 155 96 125 143 162
10 75 4 86 190 181 73 92 135 107 53
6 124 40 66 45 74 29
6 120 68 71 97 146 142
7 184 13 46 98 109 138 70
11 105 158 18 84 35 134 9 41 91 198 56
6 21 154 122 179 0 34
10 111 3 140 185 147 54 50 27 51 192
12 67 175 87 94 15 78 7 17 103 170 99 102
10 11 108 77 150 2 22 195 90 191 187
12 42 149 79 10 12 65 199 69 197 186 39 32
14 81 180 89 159 5 178 48 100 171 133 172 95 188 60
12 166 132 76 55 72 38 80 23 148 62 121 31
10 44 47 194 165 113 57 20 174 24 112
11 88 115 59 85 182 144 177 153 152 156 52
8 30 139 196 14 63 136 163 118
8 141 164 37 61 193 106 157 104
13 26 137 6 168 167 36 33 25 116 131 114 169 19
12 43 189 160 117 1 28 129 161 127 130 58 151
12 49 16 123 83 176 119 82 126 8 93 128 110

Total makespan: 71

