10
21 79 61 60 24 63 48 155 195 149 39 47 29 25 154 125 119 0 97 144 64 70
19 56 163 164 107 88 159 185 189 129 8 73 153 84 53 80 117 66 109 186
22 21 191 103 139 145 105 178 12 183 118 128 13 143 194 92 55 150 196 190 68 171 147
19 192 10 120 59 96 26 46 134 4 20 40 99 197 19 130 27 116 91 28
19 115 14 6 173 122 2 75 57 138 71 32 3 184 7 166 1 137 181 69
19 62 111 170 51 175 54 11 182 110 135 37 87 16 112 49 15 106 160 162
21 124 90 89 100 142 168 167 180 35 151 104 161 5 165 77 30 188 127 42 132 113
16 136 198 140 38 83 44 174 78 52 23 67 152 131 82 114 126
20 156 187 22 18 65 158 76 17 86 36 81 34 58 95 123 199 31 193 157 108
24 102 101 177 176 45 148 43 74 41 94 33 133 98 169 72 93 146 141 85 172 9 179 121 50

Total makespan: 328

