25
10 113 95 115 9 98 130 164 138 120 167
8 3 50 178 44 191 20 68 22
8 0 14 102 88 149 157 70 161
10 56 29 74 190 131 25 85 121 53 63
7 27 43 96 15 110 103 71
9 49 199 171 58 67 18 117 77 34
11 154 155 135 19 1 105 165 150 192 156 7
7 60 21 99 59 79 61 100
10 80 128 51 84 46 38 45 189 118 30
7 69 182 13 160 31 8 129
7 170 16 139 195 54 127 17
8 73 116 33 147 188 132 48 93
3 11 175 94
10 183 158 57 159 166 187 174 176 76 78
5 134 185 107 146 5
10 193 23 83 141 24 81 144 37 148 26
8 142 6 2 52 10 66 92 163
10 104 36 136 35 108 62 143 168 151 184
7 55 42 125 114 197 145 75
7 124 126 65 119 180 86 89
7 111 196 12 153 39 32 91
7 109 28 97 140 72 162 181
8 82 179 64 122 173 4 198 41
7 152 169 177 137 194 101 40
9 123 186 106 47 112 172 87 90 133

Total makespan: 80

