25
7 102 150 8 68 103 52 129
10 29 196 144 13 50 143 86 116 80 95
8 47 176 178 124 186 32 53 16
8 84 151 67 58 34 71 30 88
8 163 169 59 157 177 76 97 48
9 145 139 111 78 187 21 36 63 153
6 15 35 83 113 24 2
8 131 188 191 57 3 128 96 93
9 100 73 65 170 161 61 110 60 137
7 49 154 158 156 20 55 166
7 147 120 87 9 197 106 152
7 149 126 132 91 40 180 199
9 39 25 10 136 26 4 64 69 66
10 122 119 12 0 37 105 41 27 112 138
10 159 74 168 6 31 173 133 182 141 1
5 101 11 45 115 43
7 194 184 183 5 17 181 18
9 130 146 162 193 79 135 62 114 92
8 117 118 164 192 75 190 167 28
7 134 172 44 99 123 77 56
10 90 125 160 104 107 98 89 121 70 72
7 174 140 85 19 23 148 195
9 179 185 38 198 54 155 94 127 142
8 51 81 165 7 82 46 14 42
7 109 108 189 175 171 33 22

Total makespan: 105

