25
7 65 114 74 84 73 28 35
6 40 110 33 42 199 87
6 30 163 2 136 61 45
8 82 5 144 0 54 193 8 38
9 194 83 171 36 91 67 1 122 178
5 115 154 177 49 60
7 103 155 164 16 153 132 135
7 52 150 124 68 112 117 181
9 165 64 19 142 107 158 134 86 105
11 69 156 179 119 7 176 76 151 66 46 189
8 191 143 111 118 72 168 182 123
11 102 104 51 126 71 186 25 190 170 161 9
10 97 188 98 157 31 79 75 13 198 12
8 15 160 138 145 113 96 140 129
8 159 48 101 3 58 184 18 183
7 120 78 81 95 166 88 94
9 57 27 62 56 108 6 32 167 116
9 80 23 174 90 85 109 77 173 93
10 125 99 11 20 137 130 141 17 192 39
5 47 63 21 162 131
9 26 44 149 195 37 92 152 121 14
9 133 22 4 172 187 50 53 197 70
7 24 169 43 175 148 89 29
7 146 196 128 41 34 180 147
8 10 185 106 59 55 139 127 100

Total makespan: 102

