30
6 103 132 97 74 182 175
6 52 27 198 49 92 51
6 36 77 85 178 98 116
6 141 149 63 91 62 163
7 42 34 154 176 195 13 25
6 53 94 177 180 153 166
6 19 188 99 8 45 4
8 26 148 76 137 37 32 167 128
5 133 159 31 89 57
7 75 43 144 142 135 112 174
6 152 140 12 117 108 58
6 123 151 105 181 88 121
7 131 156 33 101 119 72 60
7 18 197 192 191 40 184 93
8 172 17 15 125 120 189 110 22
7 193 46 79 186 5 44 38
7 30 150 16 9 96 136 126
8 86 73 3 24 199 81 47 95
7 80 100 66 6 2 109 171
7 83 61 106 114 56 78 102
6 129 113 59 28 50 11
7 170 158 69 162 20 165 35
6 155 82 0 183 157 10
5 134 68 130 145 169
6 185 115 187 7 194 147
8 67 21 138 111 71 190 29 196
7 143 41 23 139 179 173 55
8 87 107 84 48 146 161 90 127
8 64 122 14 65 168 118 160 39
6 54 104 1 70 124 164

Total makespan: 88

