15
9 78 80 24 60 40 130 179 23 172
13 68 185 150 139 49 101 26 0 174 148 191 173 161
13 100 71 140 66 77 36 107 13 126 65 11 110 79
13 42 33 90 63 102 156 199 75 95 25 147 194 195
14 129 196 115 21 184 59 166 138 52 92 67 109 3 16
12 83 106 152 70 160 5 8 51 183 111 6 180
13 119 29 86 125 1 45 54 144 162 94 181 118 108
13 47 4 143 82 132 124 19 18 120 35 73 177 122
15 168 2 163 182 188 104 50 112 149 91 44 178 7 145 159
16 38 170 98 74 127 189 169 89 14 103 154 158 10 105 186 96
10 87 61 157 53 142 20 30 123 146 114
12 88 64 116 32 175 141 171 58 128 93 192 151
15 62 136 190 187 198 164 197 15 134 27 81 133 34 176 84
15 43 69 193 99 131 28 76 31 46 55 167 85 137 37 22
17 155 97 72 56 165 48 113 17 41 9 57 39 135 121 153 117 12

Total makespan: 178

