20
13 53 19 185 41 160 139 71 193 51 194 188 11 61
8 143 173 88 66 83 89 158 13
9 40 4 25 72 69 178 16 174 79
10 134 184 20 101 35 115 70 85 121 165
14 151 169 26 42 163 187 95 189 77 87 100 0 9 67
10 164 130 195 3 124 109 154 86 150 142
11 64 186 102 97 136 39 199 144 181 47 171
8 108 183 152 148 6 78 119 112
8 128 141 190 140 145 84 18 149
7 159 44 43 161 12 54 110
8 170 36 135 22 153 175 21 133
12 197 106 60 29 182 1 122 65 63 38 33 68
12 23 113 107 155 73 167 50 90 191 56 2 94
9 98 146 62 138 45 131 46 49 147
11 111 37 74 48 179 82 116 80 34 127 32
11 137 59 30 31 99 55 10 81 198 180 123
11 76 157 132 105 118 156 168 196 91 8 28
9 177 17 92 58 162 7 125 14 5
10 96 24 172 117 27 93 15 75 103 57
9 192 166 176 52 126 114 104 120 129

Total makespan: 73

