25
8 100 43 15 169 54 61 139 114
8 92 44 105 10 120 73 59 111
9 65 60 13 187 94 90 118 9 62
8 165 20 132 33 86 101 147 144
8 104 82 170 183 46 40 175 8
7 174 130 171 177 164 161 99
7 47 67 121 3 154 97 133
9 108 56 35 156 194 146 17 145 141
9 55 184 166 68 152 23 48 22 122
7 143 155 50 5 190 148 179
6 157 162 83 131 38 115
10 193 112 49 85 29 51 137 77 25 186
8 198 197 150 81 70 127 128 32
6 102 16 89 6 37 142
11 181 126 140 41 69 78 180 151 188 136 30
6 72 158 98 11 195 31
8 42 21 57 18 159 107 103 88
9 178 153 2 84 12 1 123 45 149
7 26 124 119 75 0 58 173
7 66 24 76 52 14 189 106
7 95 172 53 7 192 91 96
9 138 182 199 93 176 39 125 36 4
8 87 167 28 129 163 110 74 63
11 113 160 134 71 191 168 19 34 196 116 117
7 185 27 79 64 109 135 80

Total makespan: 75

