20
10 121 139 91 151 30 183 99 108 77 104
10 171 5 44 16 90 168 53 88 72 25
11 158 129 170 23 181 20 31 65 177 142 103
10 37 194 63 22 184 131 83 56 12 38
9 199 155 15 100 111 66 157 76 7
9 132 59 140 133 178 34 175 162 81
9 73 71 52 173 49 193 126 96 2
9 61 45 190 86 92 17 97 198 10
9 13 79 130 180 6 174 0 114 87
8 116 127 75 186 187 109 102 123
10 8 69 18 166 195 21 147 1 192 115
10 119 39 148 28 124 163 152 105 60 93
11 55 85 160 95 50 29 94 4 40 27 41
10 167 54 137 74 58 80 172 89 161 150
11 3 169 98 101 125 197 154 14 67 19 32
13 84 9 189 159 11 144 82 48 153 112 149 164 182
7 134 35 62 36 143 64 68
10 24 146 156 78 165 33 185 70 106 145
10 42 113 107 136 135 191 138 196 122 47
14 117 26 188 46 179 128 176 57 110 120 118 51 141 43

Total makespan: 132

