25
9 60 109 6 22 73 189 24 165 72
11 151 191 129 177 19 105 103 13 156 136 107
10 56 197 123 1 51 131 30 154 198 99
8 15 117 0 145 195 55 125 20
6 83 94 148 62 35 122
8 12 92 128 38 5 182 170 184
6 155 110 111 25 36 16
9 164 115 87 139 50 199 85 8 119
6 29 108 120 33 171 54
7 133 28 67 7 178 158 82
10 118 95 17 172 161 180 142 79 59 74
7 192 45 114 152 176 81 84
10 52 146 80 157 196 44 93 77 41 132
9 43 150 26 149 61 124 89 21 179
8 174 185 48 78 104 121 32 188
6 159 147 193 3 160 46
9 163 183 64 10 76 102 49 58 69
8 86 70 175 2 27 116 153 181
7 53 37 194 42 127 173 112
8 187 113 90 23 75 106 39 57
7 168 4 143 166 66 96 88
7 186 65 138 14 126 40 134
5 63 135 162 100 68
9 9 137 144 91 11 71 98 190 167
10 169 47 18 130 34 141 140 31 101 97

Total makespan: 97

