15
12 191 103 124 187 98 1 61 148 170 125 9 88
13 139 53 28 36 69 77 186 161 51 95 50 45 26
12 19 79 179 66 138 176 74 110 4 105 172 10
10 109 42 68 119 157 167 134 84 121 63
15 27 52 91 16 35 11 31 92 133 153 135 164 120 75 23
13 76 165 193 189 20 181 49 118 106 73 115 25 71
11 0 96 143 80 162 154 198 159 183 129 149
14 141 38 184 44 85 136 171 86 18 99 41 190 81 196
11 126 24 147 6 111 122 155 140 114 163 197
11 14 54 15 175 5 70 169 144 145 13 83
13 2 178 156 188 12 160 195 113 8 64 40 101 48
14 102 22 47 93 82 152 131 128 180 94 59 7 43 37
14 58 60 192 57 146 177 108 55 89 17 56 166 90 29
17 174 46 32 158 34 65 151 117 3 72 194 123 87 142 104 67 132
20 185 116 39 127 168 173 182 78 150 33 97 130 100 137 21 62 107 112 30 199

Total makespan: 184

