20
11 115 79 53 102 40 56 39 81 187 137 181
11 131 28 147 152 133 141 4 117 49 184 52
11 17 112 45 126 71 31 3 174 170 130 32
12 86 140 43 143 0 183 116 195 169 73 38 158
11 151 185 19 62 110 157 155 57 69 134 172
11 162 63 165 48 142 68 29 46 76 175 60
10 83 159 127 20 125 193 74 77 171 12
13 66 6 197 94 138 135 78 14 139 10 186 176 118
6 22 51 58 114 84 188
9 59 26 166 120 198 107 9 64 2
8 99 16 160 156 123 35 113 88
9 128 11 61 190 153 65 90 199 149
12 25 178 70 27 177 67 182 34 196 119 75 100
11 168 96 167 42 121 72 21 44 47 97 103
8 55 111 106 136 145 8 148 5
10 154 129 85 91 80 122 144 89 150 146
8 191 18 82 30 194 109 33 101
10 180 189 37 15 92 95 105 87 1 163
9 179 104 93 132 13 36 164 41 192
10 108 98 50 7 54 161 124 173 23 24

Total makespan: 121

