25
9 171 34 167 122 189 89 113 98 93
9 164 38 2 155 91 170 180 68 131
9 183 25 184 92 88 56 169 142 104
7 197 51 187 173 143 37 140
8 144 117 97 42 10 116 107 150
6 179 188 71 181 63 194
8 152 55 50 124 80 61 108 47
8 59 129 17 111 193 135 82 40
8 66 90 83 20 115 114 149 195
7 9 15 79 70 81 35 147
9 87 94 14 54 177 198 196 4 78
7 43 8 57 46 120 18 103
10 77 100 159 24 168 3 163 139 23 29
6 6 0 126 26 45 191
9 118 12 85 185 84 102 176 112 86
9 69 16 65 44 130 145 192 96 127
11 172 60 121 151 75 175 74 128 137 109 19
3 73 48 154
5 141 132 134 1 190
11 52 105 125 62 119 76 106 110 39 99 157
8 49 165 32 158 53 7 153 199
9 21 22 166 182 160 162 178 174 136
8 186 156 138 67 33 101 41 133
9 5 95 30 123 72 11 31 28 36
7 146 27 148 58 13 161 64

Total makespan: 53

