10
16 194 199 102 130 126 108 3 23 18 90 162 169 10 128 85 29
20 30 16 131 95 198 189 143 133 114 177 112 172 135 74 72 51 63 48 100 7
24 180 148 87 178 160 6 113 86 68 31 142 55 8 176 69 110 134 54 5 175 70 82 0 71
19 191 139 62 136 185 65 14 46 168 116 165 166 91 89 118 164 115 154 33
19 153 93 105 56 49 109 121 144 36 140 67 76 17 179 101 19 22 170 141
20 28 156 163 196 119 183 138 107 24 104 190 151 45 88 195 188 47 77 26 44
21 122 20 99 192 43 147 61 9 159 39 157 64 13 103 174 182 60 127 125 145 84
18 106 94 40 21 146 50 11 173 186 42 32 167 193 34 137 197 66 120
24 1 92 80 79 25 187 97 171 52 111 83 184 132 124 96 57 75 37 149 59 161 2 35 158
19 58 4 12 181 152 27 129 155 41 53 38 123 81 117 78 15 73 150 98

Total makespan: 292

