20
10 44 42 147 168 153 91 154 73 50 133
10 94 49 101 172 78 141 79 178 134 62
11 126 87 171 177 24 169 144 195 143 4 89
10 47 124 131 98 92 5 142 43 97 139
12 31 145 104 198 159 146 192 148 16 108 27 181
12 18 81 57 74 122 41 38 17 66 113 37 166
10 116 105 34 127 70 115 40 48 55 19
6 129 137 88 152 123 102
7 184 14 1 175 196 167 157
10 63 155 112 149 64 125 107 121 13 150
11 173 111 59 12 11 30 46 33 76 193 51
12 182 180 90 165 151 69 119 28 26 190 191 85
11 99 109 197 194 163 158 22 95 114 170 0
10 53 110 82 20 199 23 120 2 179 118
12 61 60 10 189 32 174 9 45 176 138 83 80
9 128 65 6 96 132 25 3 84 106
10 100 67 72 160 161 183 56 86 164 135
9 188 15 54 35 103 162 186 7 8
11 185 187 77 68 93 117 58 136 75 39 71
7 130 156 36 140 21 29 52

Total makespan: 97

