20
13 142 174 67 106 54 84 47 42 80 87 147 158 59
8 139 134 179 36 185 140 161 193
10 18 108 24 96 88 124 39 34 120 77
8 127 190 21 149 160 82 188 145
11 43 131 152 100 121 141 48 159 167 7 176
13 94 168 55 169 11 162 97 105 76 92 19 154 2
8 91 41 116 12 23 30 128 135
10 195 146 182 62 117 32 72 51 57 9
9 148 49 199 186 156 196 171 10 137
12 6 70 27 8 3 178 119 74 107 104 181 155
11 13 40 189 20 192 173 180 166 163 78 164
10 89 90 110 65 175 79 17 112 191 56
9 157 165 177 85 111 194 198 99 60
11 53 183 114 38 29 66 102 197 44 63 5
9 150 132 69 68 81 1 118 37 26
10 4 138 86 125 73 122 16 109 144 0
8 93 153 170 136 123 184 83 95
8 35 101 126 75 14 52 71 15
13 133 98 46 64 33 31 172 45 115 103 50 187 28
9 151 143 25 130 129 113 22 58 61

Total makespan: 139

