25
6 63 132 162 41 191 79
8 1 56 78 49 128 28 53 22
6 21 118 17 116 178 73
8 136 189 122 2 198 115 142 106
10 43 29 166 98 135 109 186 37 172 144
6 105 179 113 151 70 11
9 192 107 148 60 143 129 75 190 131
8 20 76 173 7 165 13 147 54
8 82 19 154 68 69 50 157 34
7 180 197 92 4 182 8 58
10 81 104 111 96 153 171 12 196 108 156
8 16 85 35 141 174 87 164 97
10 59 114 176 121 46 161 74 133 195 30
10 93 145 168 71 39 183 152 99 134 45
9 110 103 155 44 77 36 95 146 149
7 65 40 117 26 90 10 91
8 101 169 125 32 33 61 94 163
7 123 160 42 89 24 67 9
9 177 51 3 15 0 199 170 112 48
9 150 84 181 66 184 83 126 88 57
8 47 38 120 100 72 130 167 187
7 80 159 137 119 158 127 62
6 5 86 124 139 194 138
7 52 31 185 102 175 27 193
9 64 140 23 6 25 14 188 18 55

Total makespan: 76

