10
19 119 27 22 81 122 103 179 28 39 86 132 65 0 173 163 178 69 104 75
19 194 187 9 182 147 121 70 12 21 90 129 135 38 186 97 172 117 58 72
19 63 181 138 133 61 136 168 167 111 190 183 144 41 174 137 64 47 157 25
18 188 118 54 139 51 78 175 164 130 94 191 10 37 123 176 71 43 198
23 134 177 199 106 149 180 82 11 100 1 92 126 23 159 44 34 77 171 19 4 116 101 189
20 59 143 45 20 73 120 128 87 26 146 192 89 29 80 108 8 5 193 99 52
22 93 124 96 60 95 140 88 131 156 158 76 141 42 48 170 112 109 16 15 160 162 153
20 3 150 50 33 125 66 165 184 13 148 46 79 14 31 35 2 32 74 17 145
18 7 83 155 151 24 56 142 105 127 30 36 197 57 110 152 114 185 166
22 40 18 196 113 161 85 53 62 91 102 55 67 68 169 98 49 107 154 84 195 115 6

Total makespan: 270

