15
14 122 76 185 42 74 168 109 128 50 152 134 3 133 84
13 100 4 169 96 139 173 90 65 135 86 47 52 141
14 111 179 189 69 161 26 78 81 120 103 123 102 132 199
11 7 118 53 30 159 22 164 148 85 178 151
14 40 177 48 6 137 183 14 39 60 15 44 23 107 67
16 27 20 138 1 124 108 113 34 131 73 87 2 36 160 192 77
11 80 24 31 54 41 190 142 149 70 157 83
13 57 191 104 88 19 93 0 43 71 33 145 193 126
14 119 115 172 144 163 68 187 194 51 127 94 61 66 11
12 196 166 110 175 114 82 9 5 130 129 29 56
16 62 46 121 75 16 167 184 181 105 25 150 8 45 136 154 101
14 79 95 89 188 12 18 35 180 198 21 153 99 106 197
13 140 146 72 176 58 55 13 28 98 112 97 162 49
14 59 92 156 155 125 170 186 147 38 32 117 195 37 17
11 171 10 143 165 182 116 158 63 174 64 91

Total makespan: 189

