20
7 68 158 50 107 36 80 42
11 159 89 176 181 11 54 35 197 189 104 22
11 169 8 88 117 124 193 131 101 179 172 171
10 51 72 29 106 141 108 73 52 30 13
9 111 53 105 33 43 151 4 135 47
14 161 85 7 191 190 160 152 63 90 77 153 86 37 143
11 112 150 2 75 195 198 98 91 166 128 10
11 38 199 48 87 46 25 144 79 0 165 175
10 114 129 183 156 119 136 178 16 58 94
9 140 103 84 1 95 71 6 24 116
6 167 56 60 39 5 194
7 100 164 173 92 142 139 66
11 21 31 118 174 155 45 177 157 192 93 186
8 146 184 137 121 187 14 154 18
8 64 122 78 44 3 23 74 126
15 76 34 138 163 32 145 57 99 20 15 97 65 188 113 62
9 182 41 130 28 110 125 61 81 133
12 120 162 12 102 109 168 196 27 149 59 96 40
13 19 49 147 69 83 82 180 26 70 115 67 55 148
8 127 17 132 9 185 134 123 170

Total makespan: 132

