15
16 160 110 192 20 85 186 4 189 43 88 181 59 56 191 9 42
15 33 199 17 30 158 21 154 44 53 18 148 94 54 142 37
13 164 122 61 46 25 114 187 27 99 2 185 109 190
13 159 183 57 86 1 60 84 101 22 116 137 52 7
14 15 78 184 167 141 5 68 129 16 80 146 89 65 92
14 11 139 10 133 23 90 79 71 77 63 87 72 76 83
14 74 48 174 29 75 150 0 194 131 55 173 34 102 8
12 171 157 45 107 169 41 195 155 162 81 96 119
13 97 151 166 172 19 69 105 126 161 147 47 111 39
10 98 66 196 188 120 180 40 115 145 35
16 12 108 127 135 197 121 138 132 82 128 182 3 179 32 93 13
12 50 51 62 123 91 149 49 193 136 38 6 26
15 175 113 64 124 118 163 198 178 36 58 165 100 143 130 24
9 177 112 67 14 144 152 31 156 168
14 117 153 125 103 106 134 170 28 73 70 95 176 140 104

Total makespan: 191

