30
6 85 90 58 32 151 20
9 63 72 1 39 64 84 13 113 112
5 168 82 99 159 23
5 100 95 104 70 132
9 56 187 89 75 4 37 78 117 131
6 103 92 135 3 76 167
8 71 128 47 150 87 30 15 17
7 188 74 98 27 57 195 122
8 11 93 124 139 49 196 91 83
5 121 40 183 169 6
9 156 146 25 177 50 172 199 67 65
4 53 105 14 94
7 186 123 61 81 18 198 9
8 138 96 109 34 193 31 26 66
7 155 42 145 180 154 5 143
7 127 16 162 142 141 164 45
4 152 175 33 185
5 176 22 166 134 44
7 179 120 46 178 54 171 118
7 129 28 77 19 147 60 173
7 192 10 52 115 182 97 48
7 101 184 110 24 69 102 88
6 41 190 2 158 51 160
5 111 126 43 189 197
10 114 108 62 106 163 73 119 194 140 130
7 8 174 181 116 136 157 165
8 148 161 144 21 35 68 55 80
5 0 86 149 79 107
8 12 137 36 59 125 29 38 7
4 133 191 153 170

Total makespan: 60

