20
11 115 53 81 187 40 88 102 180 57 73 47
11 49 184 152 141 4 117 167 172 64 90 157
12 112 45 174 170 74 56 31 126 71 82 3 58
11 140 43 92 119 5 156 28 0 183 116 195
9 50 69 66 122 171 188 151 185 19
11 60 44 133 163 46 63 165 48 142 68 6
7 83 65 127 20 125 131 128
12 153 94 137 191 55 79 176 118 84 197 78 14
9 51 143 190 158 144 22 29 154 10
10 166 120 198 192 1 12 105 17 86 59
11 99 16 193 169 35 113 8 160 98 26 96
11 11 138 134 199 149 61 32 147 186 95 177
11 182 34 196 25 178 18 109 70 27 100 155
9 189 67 168 103 123 97 121 72 21
8 148 130 39 132 111 159 2 145
8 75 146 179 54 129 85 80 150
11 108 104 52 110 42 30 194 9 106 33 101
9 87 77 107 37 15 76 91 7 114
9 89 175 13 36 164 41 23 38 161
10 173 139 24 135 62 93 162 136 124 181

Total makespan: 124

