30
4 80 141 93 123
6 1 21 182 185 149 44
7 173 194 54 174 138 64 98
5 83 178 51 190 172
7 33 36 107 90 170 8 14
8 56 144 49 145 153 166 199 58
5 156 188 24 176 140
8 198 85 167 128 37 152 94 66
5 165 159 161 31 89
7 10 193 160 142 110 62 189
6 117 18 92 195 183 151
7 13 121 108 2 105 179 30
10 197 12 72 60 75 112 192 129 147 137
6 191 40 184 5 43 101
8 162 131 171 17 68 27 120 15
6 19 135 38 77 79 186
6 69 96 136 125 53 126
8 97 91 115 150 73 81 47 116
6 163 6 3 114 16 119
6 42 78 102 180 95 76
5 146 9 59 28 11
6 35 70 45 158 34 63
9 100 32 82 0 155 65 23 74 104
7 134 169 50 99 26 148 46
8 132 177 22 109 25 187 7 157
8 175 111 71 118 67 29 20 4
7 196 133 86 139 41 52 55
7 84 130 106 127 48 181 154
4 143 87 168 122
8 88 113 57 39 124 164 103 61

Total makespan: 89

