15
15 30 189 144 116 3 146 170 25 161 143 8 173 39 117 198
18 137 21 52 84 129 114 128 124 179 27 148 163 81 20 113 79 152 7
13 140 69 40 87 43 134 71 171 127 83 157 126 112
15 150 76 33 178 98 199 109 28 38 94 162 55 16 119 61
15 194 147 36 90 192 95 151 22 15 92 23 156 51 110 155
13 149 86 175 176 73 115 14 67 132 105 182 29 89
16 5 19 82 195 37 154 9 142 101 103 91 183 190 107 50 56
14 18 133 63 167 49 186 26 185 139 32 104 188 118 2
11 158 145 160 74 48 97 11 123 96 172 45
14 66 6 169 165 100 135 24 99 1 77 197 57 60 12
14 196 44 72 34 70 121 10 47 58 125 180 0 53 131
8 93 130 106 88 153 141 166 31
11 111 17 35 184 108 54 102 191 120 193 65
14 122 80 59 42 164 41 136 159 181 4 64 187 85 75
9 174 168 78 13 62 46 177 138 68

Total makespan: 115

