20
8 12 47 89 122 63 144 172 193
7 118 87 104 7 191 137 45
9 198 0 192 24 46 35 93 146 195
9 68 3 187 175 25 166 142 41 165
13 149 39 117 116 95 74 58 65 153 136 64 185 13
11 181 69 52 177 113 73 105 101 121 81 11
10 79 107 21 59 119 140 168 152 156 123
9 42 155 22 26 125 29 103 114 133
7 55 197 8 85 96 189 70
10 50 174 126 139 56 14 102 179 80 40
9 138 183 127 188 30 194 162 159 106
10 97 67 5 170 37 66 134 173 167 158
12 171 72 16 108 157 160 184 51 48 154 20 36
12 109 92 43 62 130 83 60 31 77 61 84 2
13 88 199 28 112 124 147 10 49 32 53 34 164 182
11 100 128 90 91 71 99 23 141 6 76 180
10 135 78 163 54 148 19 1 18 151 120
10 86 82 94 132 169 131 115 17 4 33
8 150 145 176 38 186 178 44 57
12 15 9 27 190 75 143 161 111 110 98 129 196

Total makespan: 99

