15
17 4 123 172 45 36 104 24 190 65 194 48 110 95 132 127 86 75
16 119 76 70 165 128 85 63 176 105 111 175 143 151 135 25 37
15 47 186 146 169 69 153 183 62 83 81 60 41 84 171 20
17 51 178 109 49 56 184 147 158 19 112 17 90 114 44 3 10 32
16 73 106 12 156 53 5 131 27 67 42 102 71 181 121 139 64
12 88 78 141 58 91 2 30 149 179 166 148 188
12 150 94 177 18 34 29 9 50 46 11 117 137
13 167 6 15 93 161 174 22 124 16 182 154 157 33
11 107 199 125 140 55 79 187 43 152 80 196
15 197 164 40 74 108 92 82 61 192 54 72 57 52 89 0
10 59 120 155 126 189 115 142 99 26 7
10 21 145 101 144 193 180 191 96 39 23
9 1 162 8 129 87 198 195 31 103
17 28 170 118 185 35 13 113 130 159 66 136 100 173 168 14 38 122
10 163 77 134 98 97 133 160 116 138 68

Total makespan: 196

