10
17 147 55 48 20 140 10 13 33 83 126 167 199 54 21 119 177 127
24 2 189 150 64 117 120 151 82 143 106 60 104 174 25 8 67 44 110 29 96 23 175 56 195
21 75 70 97 15 77 125 196 14 94 115 90 169 88 183 112 24 193 35 191 47 38
17 40 36 153 53 34 58 49 45 73 66 31 69 80 113 62 159 145
24 65 6 144 122 103 149 74 124 155 190 116 101 59 139 102 16 158 181 179 130 26 197 146 160
15 86 184 148 22 157 32 138 123 186 164 162 61 30 131 43
20 172 176 168 42 182 173 107 121 141 161 79 134 93 170 51 11 105 89 12 50
21 180 63 95 185 84 17 108 128 133 198 118 27 136 171 142 85 187 98 68 18 0
19 3 165 39 132 154 156 81 194 178 129 78 5 19 46 152 57 37 99 137
22 7 100 163 28 114 4 166 87 76 72 188 135 111 192 92 91 41 71 52 9 1 109

Total makespan: 289

