20
10 53 160 119 41 19 194 188 71 11 61
8 89 158 13 167 143 173 88 106
11 66 72 69 178 37 40 4 25 79 76 139
10 70 85 134 44 121 115 198 101 35 141
14 151 169 95 189 26 42 187 179 100 0 9 67 77 87
10 163 195 3 124 109 150 142 46 99 164
11 97 136 39 199 144 181 47 5 64 171 75
8 108 183 159 152 148 6 78 112
8 128 51 18 145 20 193 190 140
7 49 154 43 54 129 110 27
9 175 21 36 161 174 153 16 22 135
12 65 63 38 33 60 29 118 197 165 182 1 122
12 107 94 180 191 56 2 155 73 90 86 23 50
11 138 98 146 62 68 45 81 111 147 130 131
9 133 82 116 80 34 74 17 127 32
11 185 83 137 59 30 55 186 10 31 170 123
10 156 157 132 91 8 84 196 28 168 105
8 177 92 58 162 7 125 14 184
11 48 103 57 12 96 24 172 102 117 93 15
10 113 166 176 52 126 114 104 120 149 192

Total makespan: 72

