10
23 76 175 108 30 185 129 72 73 66 133 51 144 150 139 98 152 28 34 21 85 53 62 165
19 193 31 176 8 157 14 100 65 9 50 13 173 187 158 179 94 44 0 114
22 90 186 102 172 126 11 64 143 171 140 6 149 95 54 32 192 93 97 148 86 106 88
18 123 132 68 10 47 170 15 178 26 36 92 71 118 7 69 182 125 167
16 40 67 19 104 131 180 41 190 119 154 33 146 112 27 194 151
21 46 166 75 57 189 195 111 58 130 82 56 61 59 169 101 5 96 115 63 49 77
21 155 145 3 120 89 45 78 35 199 2 16 160 52 128 81 177 198 74 113 174 197
22 84 87 12 24 105 147 117 1 181 159 124 116 138 80 107 141 142 83 162 79 163 55
19 99 184 122 164 43 134 37 191 153 103 183 42 23 137 109 22 38 91 17
19 29 196 110 25 135 127 60 121 48 168 4 161 156 70 188 136 20 39 18

Total makespan: 215

