20
10 25 107 180 191 184 115 112 93 92 33
8 76 198 30 138 70 95 131 118
10 96 94 187 167 78 24 133 89 68 125
11 79 132 169 119 12 1 19 10 99 126 5
12 103 108 0 157 90 55 22 87 52 102 179 85
10 111 145 160 66 192 176 136 161 23 140
12 159 46 147 186 149 39 43 150 190 135 47 166
10 16 73 124 165 15 183 14 20 171 155
10 34 101 3 58 57 137 178 175 82 63
11 21 148 18 123 146 74 51 11 121 40 64
9 4 100 143 158 163 196 117 83 81
12 199 62 153 109 168 122 172 86 27 193 197 69
11 104 17 59 188 2 181 97 120 141 75 72
7 91 31 128 162 113 32 127
9 8 42 156 44 105 116 173 84 174
9 35 177 29 71 54 41 48 88 194
11 98 50 142 130 106 45 49 37 38 182 195
8 26 164 80 134 53 60 170 9
10 7 61 139 189 28 110 144 65 36 114
10 151 152 56 6 77 154 129 185 13 67

Total makespan: 76

