25
10 164 104 108 179 169 68 123 180 122 102
10 14 56 29 198 142 115 178 173 161 60
6 79 185 62 107 76 36
7 6 139 16 9 140 11 158
8 91 172 78 70 144 163 113 1
9 143 111 126 100 83 112 98 184 15
7 171 133 47 94 116 121 118
6 71 18 128 0 103 138
6 37 8 183 66 20 5
8 75 61 2 154 27 59 64 53
10 87 193 22 23 106 150 182 85 57 40
8 105 156 188 136 73 30 187 145
10 65 12 7 19 190 25 152 4 177 69
6 168 72 13 176 165 159
8 129 28 10 50 167 191 157 166
8 162 124 195 67 117 52 181 77
8 170 33 90 80 81 21 82 35
8 199 96 55 48 109 127 130 151
6 24 17 141 99 34 125
12 132 160 196 43 54 93 95 120 58 44 131 175
6 110 31 174 194 3 153
10 197 41 189 148 51 89 92 38 114 97
6 119 147 149 137 192 186
7 134 63 155 45 39 74 86
10 26 46 32 42 88 146 84 135 101 49

Total makespan: 76

