30
6 84 26 77 27 65 123
6 130 170 127 0 72 67
9 143 192 151 174 1 69 111 114 171
5 6 43 113 180 47
7 110 117 41 155 2 25 177
6 52 96 100 19 196 125
7 62 116 70 166 105 133 34
9 187 128 169 129 164 132 140 40 138
5 137 102 60 182 89
5 158 21 167 162 53
7 24 118 178 14 175 49 134
5 104 80 31 186 184
7 120 76 142 55 131 103 136
6 82 179 156 73 176 106
6 193 190 71 79 191 46
7 165 78 198 163 172 11 35
7 8 119 194 152 146 59 29
8 94 139 12 75 108 122 81 18
7 48 90 159 97 112 115 197
8 45 33 64 57 149 189 145 101
8 9 183 13 126 22 61 160 7
5 141 68 144 10 199
7 50 32 135 168 150 15 17
6 91 5 107 51 56 87
7 30 195 121 88 85 54 58
7 74 39 98 99 20 63 42
6 153 37 109 161 93 3
7 4 36 38 83 124 86 185
7 23 66 147 28 44 16 154
7 95 92 157 188 173 181 148

Total makespan: 75

