20
12 17 15 163 114 76 26 61 103 29 121 83 150
10 43 176 72 139 69 145 18 111 96 148
8 130 38 198 10 35 125 151 48
10 51 173 99 62 42 153 77 104 157 13
9 68 169 8 55 180 79 46 101 161
12 186 178 78 146 21 37 36 7 172 64 154 92
9 14 85 31 93 196 24 49 115 63
7 134 156 184 126 60 94 25
9 20 188 91 124 189 128 165 27 5
11 41 97 52 142 109 179 4 30 192 1 47
8 197 138 106 53 194 87 12 100
10 107 58 159 75 141 152 70 45 112 143
10 82 50 66 149 129 118 102 122 33 199
9 81 191 158 105 162 90 117 185 137
12 108 67 32 59 56 119 190 123 175 183 65 135
11 181 193 40 34 80 144 147 71 195 168 171
14 54 177 170 113 133 160 164 19 166 28 182 9 3 11
12 132 88 140 2 74 86 39 23 95 22 16 89
8 6 131 44 120 174 98 57 84
9 127 187 155 110 73 116 167 136 0

Total makespan: 126

