25
8 125 181 180 91 163 16 123 118
9 13 169 47 60 39 110 142 149 95
10 187 10 104 73 177 98 11 138 62 105
9 199 84 59 133 130 113 24 124 144
9 168 53 34 31 92 69 108 188 8
5 178 89 56 41 175
7 190 0 143 198 112 6 4
9 99 32 72 45 7 30 157 126 129
10 145 109 71 121 137 33 158 26 116 147
7 1 111 63 185 37 65 183
5 55 148 82 191 48
7 70 61 93 195 155 100 141
10 9 94 196 159 197 128 5 76 150 90
7 83 140 167 101 27 189 127
8 2 156 96 42 122 194 29 117
10 106 15 20 87 161 171 170 35 102 165
7 12 46 174 52 51 36 139
8 154 120 184 131 38 49 86 193
9 77 135 25 173 18 3 186 67 19
8 44 81 192 97 134 68 14 85
10 88 172 182 80 58 50 166 132 17 78
5 160 57 151 107 75
8 40 23 43 64 146 152 66 153
7 54 176 179 162 119 136 164
8 103 21 22 28 79 115 114 74

Total makespan: 77

