20
10 134 65 160 133 66 85 128 9 143 112
10 17 182 148 196 123 33 191 60 189 8
12 181 197 11 167 19 165 185 73 27 34 161 125
10 16 71 135 162 77 103 41 91 179 175
12 31 63 64 102 72 156 12 169 62 104 97 30
10 163 166 45 75 54 74 44 194 40 99
8 180 127 93 2 136 69 29 26
11 159 173 28 101 108 67 116 57 18 52 187
9 137 147 150 7 132 90 68 20 155
10 164 152 122 158 153 53 25 14 131 50
9 121 0 4 193 145 6 107 130 42
9 111 95 92 84 109 96 61 146 119
12 32 13 43 144 120 188 171 82 199 198 139 36
10 35 192 114 38 70 80 110 184 176 59
10 49 106 56 15 88 168 94 141 83 174
11 21 157 5 37 118 87 154 51 115 79 177
7 170 126 113 3 47 48 100
9 190 151 1 55 140 138 105 86 178
10 172 78 98 24 89 183 149 23 186 81
11 46 195 58 22 117 124 142 39 76 129 10

Total makespan: 68

