25
8 93 86 136 65 57 35 0 74
8 129 199 33 108 110 87 84 95
4 80 163 101 105
11 2 98 59 173 54 193 8 38 118 147 154
5 150 83 161 36 91
6 178 157 171 115 112 62
7 61 103 164 114 153 96 192
6 125 134 32 46 68 181
7 81 159 165 64 73 107 56
8 7 168 43 1 145 78 156 176
9 30 117 19 191 143 111 184 85 123
9 144 102 179 50 71 186 25 190 51
9 133 13 119 31 79 75 97 170 40
10 6 16 160 138 113 196 116 140 77 18
6 3 58 24 131 82 142
7 188 49 12 88 94 177 166
11 90 26 158 172 47 27 139 135 100 5 167
9 15 23 174 28 189 162 109 104 21
11 130 9 155 183 149 175 39 141 137 20 99
6 126 11 42 67 151 63
11 198 17 195 37 60 76 14 45 92 152 121
8 146 72 22 4 53 197 194 187
7 122 55 29 52 148 89 66
8 41 34 180 128 44 70 48 69
9 106 182 124 120 169 132 10 185 127

Total makespan: 96

