15
16 2 167 58 183 166 76 114 148 84 121 199 98 141 21 97 19
14 158 145 85 37 192 9 20 5 174 64 15 119 193 126
11 17 7 146 179 162 165 47 180 79 38 164
14 99 161 128 81 181 22 26 10 151 120 197 132 111 43
13 124 118 96 156 88 147 90 102 188 40 39 103 51
14 110 48 135 34 187 86 195 8 32 152 55 130 109 131
10 1 63 78 35 4 149 173 83 24 154
13 50 59 133 44 3 6 14 89 75 150 107 157 62
15 182 105 11 93 54 94 66 100 53 172 27 36 18 16 176
12 108 57 144 184 60 106 189 122 142 30 80 159
15 191 169 168 143 67 112 70 73 186 138 178 71 65 101 74
11 77 140 170 137 129 13 0 153 23 160 115
16 49 136 12 104 92 33 56 194 95 127 41 177 125 155 163 31
11 139 175 45 72 29 69 117 28 25 171 91
15 113 82 87 46 61 196 52 123 68 134 42 190 198 185 116

Total makespan: 105

