25
10 122 98 196 171 182 113 34 37 18 89
5 48 38 155 164 131
8 29 104 88 142 169 5 183 25
9 87 148 140 27 51 187 168 173 143
7 166 144 185 42 10 116 107
7 45 71 75 0 95 179 181
10 55 56 108 47 135 50 124 80 61 43
9 94 59 129 81 68 117 193 92 17
8 20 115 114 149 90 83 180 190
8 188 15 79 91 150 9 35 147
7 54 184 14 177 78 62 66
7 197 103 57 8 53 46 120
9 139 77 16 23 159 100 70 163 24
7 6 191 176 126 26 41 97
7 198 40 13 84 102 118 112
8 69 44 167 192 86 127 96 194
10 175 133 121 151 60 109 19 137 125 172
6 63 154 3 111 73 152
7 145 4 134 132 1 141 65
9 76 106 110 52 105 119 12 99 157
8 7 85 32 158 153 199 165 49
9 178 174 136 189 195 2 21 22 160
9 186 138 67 156 82 33 101 128 93
9 74 130 30 123 72 11 31 28 36
7 170 146 162 64 161 58 39

Total makespan: 52

