20
12 104 56 94 11 135 116 145 165 185 30 64 177
9 110 183 34 178 158 136 172 44 128
9 188 68 169 6 113 77 181 198 35
9 127 61 18 131 88 25 119 162 139
11 52 22 163 118 82 23 96 59 98 196 154
10 123 83 174 159 58 156 125 31 81 89
11 86 170 5 14 73 138 114 15 126 48 55
11 161 130 27 46 80 140 67 45 176 41 134
13 37 184 90 91 54 148 157 193 38 103 180 166 29
11 26 155 115 149 182 79 199 108 173 144 146
9 105 19 66 50 132 101 51 92 120
9 32 192 40 7 100 164 143 133 84
9 60 137 2 160 124 121 87 107 152
11 122 150 195 106 20 102 153 1 65 53 76
8 117 75 168 85 39 24 197 42
9 191 70 8 49 28 16 69 167 36
9 147 171 111 4 74 97 13 71 142
9 57 194 72 179 95 17 151 78 109
10 186 43 33 47 112 62 187 9 141 0
11 21 93 12 99 175 189 129 3 190 10 63

Total makespan: 139

