25
5 28 45 158 2 75
10 62 89 175 119 102 190 193 58 43 111
7 146 8 72 147 38 188 113
8 138 106 92 126 140 185 105 70
9 195 6 68 32 22 51 145 16 127
8 42 187 128 65 164 174 166 151
7 165 78 143 135 157 178 14
7 55 57 20 136 183 15 0
7 125 104 139 11 41 66 161
10 18 59 150 99 130 141 122 27 116 56
11 79 129 81 101 17 69 40 181 148 4 199
8 196 167 108 61 114 191 162 137
7 83 152 93 10 9 192 86
10 112 73 37 30 198 60 131 24 71 133
6 46 100 144 52 109 176
6 33 95 194 76 39 149
9 67 91 154 12 54 197 63 107 177
2 124 180
7 26 118 34 160 120 23 168
8 170 182 19 90 29 156 77 173
12 186 142 36 169 172 88 64 155 31 74 121 189
8 85 82 171 117 21 44 115 98
9 5 159 47 1 179 153 163 134 35
10 48 53 49 184 3 25 50 84 94 132
9 123 97 13 80 87 7 103 96 110

Total makespan: 56

