15
11 145 152 93 14 27 9 88 80 148 124 187
11 69 77 186 161 45 6 28 61 94 156 139
12 172 19 79 179 138 176 74 110 184 4 105 166
10 84 42 68 82 75 26 1 167 18 51
14 52 91 16 35 11 31 92 133 153 135 164 2 33 122
14 76 165 193 30 189 20 181 49 99 106 73 115 143 62
13 0 96 134 53 162 132 154 198 58 72 196 129 149
14 107 41 190 71 50 59 141 38 159 185 85 136 171 86
13 109 197 103 111 118 155 140 120 199 114 163 48 147
12 54 144 121 13 119 175 5 70 169 83 170 63
13 131 8 64 40 101 188 194 25 100 95 12 160 195
14 7 43 37 81 23 36 180 44 66 128 191 102 22 47
15 192 57 146 177 108 55 113 90 60 56 17 126 98 15 29
16 174 10 158 34 65 151 117 3 123 87 142 104 67 24 89 46
18 125 116 39 97 130 178 137 157 127 168 173 182 78 150 21 32 183 112

Total makespan: 186

