15
13 103 144 150 51 22 75 93 58 92 160 88 174 30
15 55 194 65 76 130 105 121 169 133 70 149 139 115 24 112
16 81 122 61 138 52 25 136 9 14 193 153 197 173 89 17 66
14 185 49 16 119 57 73 171 154 167 135 180 137 11 69
11 129 28 116 41 183 104 163 187 35 84 125
15 91 6 13 152 145 48 2 157 47 87 161 123 3 151 156
11 8 96 27 78 117 141 39 114 4 98 107
13 190 175 36 18 179 128 198 43 140 83 33 146 124
14 131 26 37 97 106 15 20 110 186 132 0 56 68 7
11 38 189 82 158 32 74 23 5 85 196 80
15 60 195 192 21 102 120 101 168 164 165 63 67 147 71 40
13 162 184 50 199 94 134 178 72 126 79 62 170 181
15 100 166 34 44 142 159 54 113 172 111 53 155 127 176 45
14 64 19 143 148 46 42 1 177 86 109 10 90 12 188
10 99 29 108 118 95 191 77 59 182 31

Total makespan: 186

