10
16 199 102 111 3 108 115 18 90 162 100 141 126 10 128 85 29
20 30 47 163 198 182 114 177 112 172 135 84 16 131 95 74 72 51 63 48 189
24 160 6 113 142 180 148 87 178 134 54 5 55 8 176 69 39 86 68 31 170 70 82 0 71
18 187 89 118 164 166 91 191 139 62 136 185 65 14 46 168 116 165 33
20 93 81 153 105 56 49 109 121 144 36 140 67 76 17 179 101 19 22 94 97
21 77 26 44 119 28 156 58 195 188 151 45 88 40 23 183 130 104 190 138 107 196
20 157 60 43 147 61 9 64 13 103 52 125 145 127 24 25 154 122 20 99 192
17 173 120 159 143 21 146 50 11 106 42 32 167 133 34 137 197 66
25 1 152 171 92 80 79 110 186 83 37 194 184 132 124 35 158 59 96 57 75 149 161 2 175 174
19 7 98 169 73 150 41 53 38 129 27 4 12 181 193 155 123 117 78 15

Total makespan: 292

