10
23 19 85 148 123 178 33 160 153 109 162 159 179 116 48 17 168 173 177 197 66 45 81 195
27 151 146 25 129 103 111 149 64 87 14 158 46 128 10 133 47 9 120 135 186 36 62 90 12 8 119 152
19 44 65 110 114 3 132 175 184 60 125 180 170 70 13 77 73 32 6 154
16 167 164 74 35 122 40 181 157 56 72 86 196 82 198 147 172
22 71 61 138 4 150 89 124 102 76 166 31 107 7 101 15 105 88 191 117 91 39 126
20 144 18 96 58 104 38 113 93 169 68 37 63 43 53 121 28 174 199 95 194
22 141 42 29 183 75 0 22 137 99 127 26 21 142 185 27 79 98 52 143 57 190 55
16 189 41 11 136 83 67 5 24 118 16 23 193 165 163 51 176
15 115 108 20 84 69 130 155 187 54 2 94 97 131 78 92
20 139 182 112 30 140 192 134 1 156 100 49 161 34 106 171 59 50 188 80 145

Total makespan: 268

