30
8 85 130 80 175 69 148 12 196
7 167 6 105 25 4 32 172
6 137 165 142 77 7 108
7 75 96 62 173 39 58 125
7 156 59 23 1 104 51 184
8 17 128 65 195 134 135 144 141
8 9 122 37 163 28 193 117 71
9 174 109 52 149 177 94 22 154 41
4 176 168 20 188
6 24 158 171 197 50 61
7 157 124 79 118 160 55 143
7 114 123 82 29 194 95 33
8 98 180 159 126 103 81 90 26
6 73 56 54 179 153 3
8 129 53 2 38 0 100 106 43
8 99 152 86 139 42 16 78 88
7 136 27 147 131 19 113 164
6 47 44 166 132 76 21
9 119 34 89 66 83 191 116 72 198
8 14 187 110 40 120 10 5 183
6 112 169 190 162 63 155
4 192 18 57 35
7 146 97 68 70 31 87 64
5 91 30 45 60 13
7 170 150 111 107 93 186 92
4 182 48 11 185
7 8 121 140 178 145 138 46
5 101 133 84 102 127
5 189 161 36 115 15
6 181 74 67 199 49 151

Total makespan: 41

