30
8 17 198 12 44 130 80 175 69
7 167 6 105 199 32 172 18
7 137 31 7 165 142 87 77
7 125 101 75 96 62 173 39
7 178 59 23 1 104 29 156
8 195 134 135 144 128 36 65 141
9 9 163 19 25 54 193 117 41 71
7 94 177 154 149 184 174 166
4 176 168 20 188
7 50 61 155 136 24 158 124
6 160 118 143 91 15 79
7 114 33 170 194 95 82 58
7 22 127 126 103 81 90 26
4 109 179 153 73
8 2 38 0 43 106 53 129 196
7 100 16 78 99 152 86 108
7 113 164 5 42 131 27 147
6 21 52 76 51 182 47
8 116 72 34 89 66 83 28 119
8 183 14 40 88 120 10 187 110
8 169 159 63 190 139 148 162 98
5 192 3 197 57 35
6 146 97 68 85 70 64
5 30 45 60 4 37
8 13 111 107 93 186 92 191 150
5 48 56 112 11 185
7 8 121 145 138 46 171 140
6 157 55 133 84 122 102
6 123 132 189 161 67 115
5 49 151 180 181 74

Total makespan: 41

