10
23 147 135 121 56 48 100 165 68 38 13 177 196 77 184 159 27 110 34 15 52 195 146 25
22 136 123 3 88 1 191 83 53 115 117 158 75 74 95 6 138 113 49 92 17 54 96
19 193 154 79 102 132 189 134 179 85 55 155 73 180 188 137 172 5 70 140
19 122 166 126 182 18 181 16 9 128 192 33 118 186 127 60 26 106 12 28
20 169 109 150 45 197 149 175 114 112 76 71 82 168 42 141 161 64 69 111 156
18 174 31 198 183 162 99 103 119 40 19 72 11 145 157 7 41 39 51
20 129 81 24 120 144 131 29 22 43 59 194 86 66 130 63 108 0 133 37 199
22 101 58 167 148 187 32 61 30 57 143 185 36 97 160 116 67 98 46 62 107 90 176
17 20 23 163 84 80 89 87 10 65 4 47 91 104 8 170 78 124
20 21 152 171 50 153 151 178 164 190 94 14 139 35 105 44 142 93 173 2 125

Total makespan: 267

