20
7 146 16 156 44 58 38 68
10 54 35 197 104 22 50 18 89 159 61
10 107 180 171 169 8 88 117 124 193 131
15 12 172 3 80 5 2 74 13 178 72 29 106 141 52 30
7 39 53 105 33 177 135 47
12 161 85 179 152 63 90 77 153 86 7 37 191
9 48 91 100 75 76 166 128 112 150
10 167 87 46 25 165 175 189 19 199 122
10 190 79 133 116 94 129 183 176 119 136
10 51 114 71 103 84 1 109 140 26 99
8 24 194 60 97 121 56 186 28
7 164 42 155 111 92 142 168
10 126 118 4 192 20 157 125 95 101 45
10 187 14 154 138 34 120 184 73 137 36
9 64 139 6 62 174 21 17 9 78
12 15 113 143 0 163 32 158 98 43 132 160 57
10 81 110 108 23 162 144 182 41 130 10
11 102 196 27 11 198 173 149 59 96 40 82
12 70 115 67 55 148 151 69 83 65 49 147 170
11 195 123 66 185 134 145 31 188 93 181 127

Total makespan: 129

