25
9 44 183 71 131 120 104 165 46 100
8 117 164 182 89 24 125 73 86
7 90 68 75 99 43 132 185
7 6 62 14 114 175 193 47
9 195 167 49 126 154 188 65 176 67
6 31 172 110 57 64 159
7 79 88 59 146 166 72 138
8 38 70 156 129 143 192 9 145
11 162 111 194 63 76 39 196 19 1 118 85
7 87 10 45 15 151 113 95
8 191 74 83 137 69 97 41 2
9 0 147 12 58 27 18 150 197 123
9 51 170 93 16 7 11 169 34 112
8 142 81 174 54 91 141 135 198
9 5 130 121 140 3 53 189 161 52
10 119 115 184 187 25 101 139 124 106 55
7 77 109 4 20 171 30 92
6 199 144 186 84 36 22
8 103 153 136 160 158 179 94 105
7 29 133 107 181 80 180 98
10 157 173 60 32 116 127 56 152 28 33
9 17 50 78 82 42 40 23 128 122
5 178 155 96 108 66
9 8 61 13 149 102 134 190 35 168
7 177 26 148 21 48 37 163

Total makespan: 75

