15
15 131 49 34 139 137 88 145 158 159 39 130 141 0 140 92
12 135 25 62 95 70 40 32 13 111 12 37 187
12 160 180 146 91 199 176 9 162 118 184 182 156
14 125 123 175 170 2 58 165 120 119 48 198 33 19 112
15 44 166 150 20 65 43 174 47 15 97 103 121 36 132 153
11 149 29 8 87 105 38 79 61 138 161 114
20 77 136 53 80 71 57 124 98 117 185 63 35 151 108 173 85 69 31 126 177
13 195 167 157 186 11 54 110 73 24 127 75 51 106
14 14 142 148 143 76 196 169 193 60 64 66 192 90 133
13 102 152 55 67 107 74 172 28 5 93 56 18 1
14 41 134 6 96 100 50 21 147 27 197 113 116 181 178
12 154 99 30 179 94 155 164 122 101 83 81 104
12 144 7 86 190 68 188 3 129 82 115 59 84
11 10 46 183 22 17 128 42 109 26 16 168
12 52 23 163 171 189 45 78 89 72 191 194 4

Total makespan: 180

