30
5 61 191 42 52 170
8 190 107 121 16 89 180 161 75
6 187 177 79 70 103 140
6 112 109 197 151 69 149
4 11 3 176 111
6 32 159 46 146 44 147
8 158 78 74 102 15 80 137 182
9 128 49 143 1 110 22 116 63 59
8 86 95 2 179 5 142 9 50
6 48 113 84 195 154 47
6 124 14 91 145 18 171
7 155 60 8 57 66 17 83
5 104 166 185 133 101
7 178 100 90 68 181 21 132
6 64 92 20 24 169 82
8 0 139 56 119 163 96 45 93
6 148 184 67 7 138 120
7 193 58 136 4 174 85 36
5 160 117 33 108 167
7 99 98 183 88 51 172 39
8 53 129 125 62 76 65 122 55
9 81 186 23 73 144 194 6 114 35
7 41 37 38 199 127 153 87
7 94 106 72 28 26 71 165
6 40 34 54 130 27 152
6 31 188 43 12 156 164
7 175 123 30 141 189 135 105
7 131 97 10 173 198 196 162
7 115 168 157 19 134 77 192
6 25 126 118 150 29 13

Total makespan: 89

