20
12 48 176 150 139 129 138 177 9 188 179 45 73
11 118 10 195 47 1 162 102 66 156 190 91
10 191 84 123 184 63 78 98 105 166 33
9 148 136 22 174 135 120 31 82 158
11 178 137 2 189 23 124 24 19 37 86 167
7 49 117 187 196 130 53 107
8 106 77 116 35 197 59 50 6
13 52 186 168 13 96 134 68 119 18 114 131 26 170
7 60 193 185 142 65 115 199
11 55 90 83 155 44 93 141 21 92 175 173
6 161 144 16 56 67 132
10 25 99 51 42 121 180 126 128 14 27
10 39 20 46 147 30 172 153 160 7 95
11 104 157 79 100 122 101 146 11 29 43 113
10 28 94 181 61 8 80 54 183 36 140
8 17 75 149 171 32 81 40 133
8 109 125 152 182 192 87 89 194
11 4 74 127 70 151 69 165 15 85 62 108
12 34 154 0 12 76 143 41 145 57 164 38 5
15 159 88 198 58 112 163 97 110 72 3 169 71 103 111 64

Total makespan: 141

