10
14 53 52 138 128 54 146 46 163 125 130 115 166 58 56
23 94 181 198 72 112 85 76 158 116 86 4 161 23 149 140 1 190 69 50 57 172 176 5
21 154 184 195 185 106 194 107 44 14 35 82 25 196 73 141 153 62 66 102 15 6
21 43 110 133 93 7 132 147 188 19 28 55 157 91 81 48 88 165 171 148 24 10
21 30 127 103 175 177 34 191 129 135 160 13 0 32 2 90 108 121 9 164 123 114
21 137 145 77 144 83 65 119 96 104 168 167 78 26 173 169 170 142 150 71 60 47
22 182 61 136 156 189 37 17 16 99 63 68 101 70 105 162 118 187 117 89 38 155 74
16 92 113 40 42 21 3 152 18 178 8 29 79 41 39 100 183
22 80 134 131 111 139 20 49 95 180 151 197 51 45 124 143 126 87 122 174 84 192 12
19 67 59 22 75 33 179 11 36 109 98 186 120 31 193 64 27 159 199 97

Total makespan: 256

