25
8 0 74 84 73 93 189 146 1
7 132 110 87 157 72 35 108
5 136 150 166 163 30
9 54 193 8 38 118 154 5 173 109
10 161 36 133 113 26 120 194 83 122 178
5 171 115 127 199 112
7 61 103 164 114 153 34 43
6 183 181 96 124 68 121
10 69 107 56 134 158 64 148 81 91 86
9 66 46 7 168 111 145 78 156 179
9 191 143 137 85 117 19 62 33 80
7 51 141 167 186 71 102 50
9 48 79 75 97 188 119 13 198 42
10 16 31 140 129 116 162 160 138 77 18
6 142 169 165 58 184 24
6 40 94 177 95 49 12
11 47 105 131 89 57 27 100 139 196 6 135
8 3 15 23 174 90 28 104 21
10 130 9 155 25 17 99 11 20 101 39
6 63 82 190 67 151 126
11 44 149 14 45 187 92 152 195 37 60 76
7 4 172 170 53 197 70 65
8 175 159 144 32 123 98 29 52
7 176 41 88 180 147 22 128
9 125 59 55 106 182 2 10 185 192

Total makespan: 94

