10
20 179 119 27 22 81 153 122 113 173 102 74 65 0 28 39 86 178 69 104 75
20 194 9 182 121 162 135 58 190 21 90 129 38 132 186 97 147 187 161 77 172
20 63 181 133 138 17 174 137 64 47 96 61 136 168 183 144 163 116 32 157 25
18 37 123 176 71 43 198 148 94 191 10 139 51 78 175 164 188 118 54
21 171 19 4 126 23 159 44 195 180 82 101 189 185 109 106 34 100 1 166 134 177
21 59 103 149 73 120 128 72 46 26 146 192 5 193 143 108 20 45 12 99 52 87
22 93 15 112 117 160 16 158 14 60 95 141 42 48 170 197 156 92 140 130 88 131 124
18 3 150 31 29 111 89 35 2 169 50 33 125 66 165 184 13 145 11
18 7 83 80 30 142 105 127 152 114 36 57 41 70 155 151 24 56 79
22 55 67 68 76 8 40 18 199 107 154 49 167 115 6 110 85 196 53 62 91 84 98

Total makespan: 268

