30
8 175 52 84 93 167 119 112 88
6 117 12 25 170 142 121
5 39 81 156 185 20
8 38 54 141 19 1 123 5 157
6 115 6 106 15 71 104
6 161 94 86 199 174 97
8 9 183 171 49 11 55 43 125
6 148 77 98 60 50 80
10 145 116 73 159 24 155 53 64 66 189
4 74 176 27 10
4 131 184 0 61
7 13 75 82 22 47 144 51
6 44 89 100 92 195 187
8 166 113 63 109 68 173 151 34
7 42 139 101 193 95 83 102
6 154 36 70 76 87 180
5 150 197 134 168 110
6 18 192 85 59 136 160
7 65 69 194 128 198 48 3
7 45 114 178 149 164 107 118
9 177 108 186 132 2 16 152 91 158
9 147 129 188 120 140 90 153 33 133
7 79 17 137 179 146 165 135
7 169 124 23 162 62 26 29
4 40 122 111 143
5 28 57 4 78 7
9 41 67 32 127 31 172 126 37 163
5 196 14 58 96 99
6 46 56 191 130 8 30
9 105 72 182 103 138 190 181 21 35

Total makespan: 92

