20
10 99 38 26 108 169 175 139 85 102 151
9 16 90 93 168 53 6 18 25 9
11 75 31 29 107 158 129 181 20 155 177 21
9 22 186 84 145 41 3 37 194 28
10 199 114 58 33 74 192 164 15 100 111
9 190 132 77 65 104 51 133 178 34
8 73 172 193 159 49 112 2 149
10 10 5 92 17 1 61 86 24 121 170
10 97 0 91 130 195 187 71 136 69 174
8 184 123 171 117 143 188 116 127
11 185 120 76 180 4 83 147 166 146 131 8
11 124 189 140 45 87 157 119 39 19 163 148
9 40 27 126 88 94 55 153 95 89
12 80 59 50 150 162 161 152 72 7 138 167 54
11 113 32 79 198 98 154 14 101 125 197 62
10 144 70 23 11 109 48 182 12 82 160
11 64 68 105 35 115 106 52 96 42 183 36
9 142 13 78 165 156 56 137 44 66
10 30 196 191 63 173 179 46 135 122 47
12 60 141 128 176 57 118 110 67 43 134 103 81

Total makespan: 134

