20
11 135 96 125 143 101 183 155 145 173 64 137
10 92 86 190 181 73 184 25 182 107 4
8 74 124 10 26 29 160 40 66
8 75 19 97 18 71 24 120 68
7 39 70 146 126 46 98 109
9 105 134 9 41 91 198 56 84 104
10 154 45 122 138 49 171 43 21 0 34
10 54 111 3 140 38 27 185 51 192 57
13 67 175 87 33 17 103 170 153 15 78 99 7 94
10 11 150 2 22 195 90 191 187 193 108
11 32 12 186 83 35 199 42 149 79 197 69
14 95 188 194 178 133 172 81 147 180 89 159 5 141 100
13 166 132 152 80 23 148 72 55 76 62 121 31 158
8 174 47 13 112 167 44 65 165
12 88 177 156 52 48 53 161 115 144 59 196 85
8 77 118 30 139 20 63 14 163
6 164 37 61 179 106 157
10 142 60 116 129 131 36 6 168 114 169
10 189 127 130 50 58 151 117 1 28 162
12 16 123 8 136 110 176 119 113 93 128 102 82

Total makespan: 71

