25
6 61 141 149 165 119 25
7 157 35 4 116 57 121 154
7 109 88 43 1 139 84 68
9 142 110 7 140 156 94 37 48 27
6 133 160 21 104 96 10
8 24 78 64 80 144 76 126 49
7 147 13 192 108 169 111 173
7 32 38 93 184 92 198 34
8 105 86 125 50 161 137 191 170
11 82 62 164 6 199 101 127 138 98 120 28
8 66 195 17 107 44 153 53 51
8 124 183 152 189 33 73 118 60
7 148 181 186 23 8 163 196
9 117 180 194 166 79 15 122 158 159
8 45 19 87 197 26 77 83 102
9 112 30 182 16 134 74 54 3 115
9 172 150 162 132 100 113 36 39 46
7 56 103 59 70 29 95 176
7 146 85 20 128 58 42 63
8 90 106 91 151 179 52 97 9
10 178 193 168 129 40 18 75 188 177 65
5 187 5 71 190 175
10 69 47 155 131 130 171 41 123 174 81
9 89 22 114 55 12 72 136 67 185
10 143 135 2 145 99 11 0 31 167 14

Total makespan: 109

