20
10 57 59 56 179 90 73 60 37 135 103
11 39 139 152 10 131 97 34 46 62 197 11
8 176 17 76 198 165 93 81 44
8 38 23 149 124 53 143 4 28
8 33 91 163 156 67 12 167 192
9 74 18 102 194 195 92 114 94 86
10 172 137 1 61 25 127 83 184 69 125
8 190 158 0 8 110 126 80 164
12 162 29 186 108 78 157 118 138 3 87 88 77
9 123 7 148 161 128 189 115 64 98
11 180 181 178 99 168 22 132 153 19 166 16
9 193 104 196 109 49 35 58 141 26
11 9 107 177 121 170 150 24 159 6 41 96
8 40 106 89 5 151 36 183 14
14 105 185 32 136 187 55 134 147 15 100 79 174 142 169
12 84 129 42 160 82 145 51 47 85 188 155 111
8 31 2 13 144 75 66 50 117
12 133 101 48 182 21 154 30 68 199 191 43 95
11 45 52 130 113 140 146 122 20 54 120 63
11 65 173 72 27 71 70 171 119 112 175 116

Total makespan: 97

