30
7 138 86 73 69 178 124 185
6 171 139 194 153 186 24
7 5 81 58 72 179 184 104
6 164 53 182 59 161 95
8 123 183 122 4 155 87 77 54
8 156 88 19 90 110 66 3 170
4 0 31 78 80
6 152 189 79 136 92 62
8 85 16 163 82 173 98 68 145
5 94 61 23 15 130
6 172 148 109 91 114 65
4 71 115 177 47
8 129 13 30 41 18 22 7 169
7 111 190 102 125 140 21 199
8 176 165 126 36 107 113 108 93
6 174 83 46 137 6 40
7 32 35 43 9 154 141 28
7 127 159 51 180 11 75 147
9 166 191 119 52 20 196 89 56 63
4 100 167 151 27
6 70 149 8 29 49 42
8 160 121 197 97 150 14 48 162
8 133 99 74 26 101 105 45 157
10 34 118 117 144 38 135 195 187 143 2
5 39 158 67 116 106
8 198 12 146 181 192 76 128 57
8 37 60 175 17 44 96 168 64
5 193 188 132 131 25
7 120 1 112 103 50 84 142
4 10 33 134 55

Total makespan: 83

