20
10 187 28 155 127 96 177 145 73 135 91
15 195 83 89 164 148 60 150 130 43 34 111 31 118 32 0
8 44 170 39 167 159 120 30 173
11 9 58 169 36 90 140 188 59 109 137 124
11 153 119 66 50 115 80 193 61 152 24 161
10 17 21 4 88 128 183 175 163 158 149
10 142 45 165 8 196 184 72 144 199 166
8 1 78 113 123 162 23 131 190
11 197 26 168 185 29 171 117 110 179 126 76
11 16 22 42 51 180 75 14 186 194 74 65
10 82 5 102 192 103 2 13 11 121 100
8 122 40 15 7 116 92 84 136
10 132 70 41 95 114 53 6 71 77 49
8 56 37 141 106 38 154 147 10
11 134 182 108 81 85 46 47 27 189 191 48
9 138 98 69 19 181 55 112 18 52
11 35 25 99 93 151 125 57 97 146 64 101
10 20 62 87 160 156 129 68 107 172 54
9 63 176 104 79 178 143 3 33 174
9 94 12 67 157 198 105 86 133 139

Total makespan: 70

