15
12 9 89 137 77 98 28 183 119 88 75 121 81
14 55 67 193 141 184 64 83 21 32 104 155 148 142 58
11 106 174 26 122 7 136 87 132 15 130 135
13 140 103 143 79 169 97 191 85 78 138 27 92 111
16 12 189 186 45 159 6 41 164 154 35 168 126 34 50 99 133
16 24 39 54 0 134 181 18 147 198 3 100 175 72 117 71 73
12 170 128 1 36 187 152 48 131 188 163 190 145
18 30 166 113 47 25 179 176 171 17 167 42 31 127 118 199 156 33 120
15 53 153 114 182 180 10 107 59 4 11 101 51 5 60 157
9 29 16 161 124 8 144 23 160 13
14 61 177 2 76 125 74 57 62 109 185 173 14 96 80
8 95 115 90 63 49 65 44 105
14 195 196 158 52 46 20 162 197 70 129 56 178 102 22
12 69 37 146 123 192 110 112 139 19 94 43 91
16 116 150 38 84 172 40 108 66 194 93 165 149 68 151 82 86

Total makespan: 144

