25
9 129 108 184 92 5 60 135 66 103
7 15 147 131 126 169 26 58
10 22 56 177 57 199 8 107 1 181 87
8 40 75 49 64 69 31 80 105
8 138 13 71 51 54 16 102 28
6 106 145 20 62 38 30
10 4 0 185 139 27 25 164 104 12 179
8 10 83 84 171 132 113 176 23
8 37 137 195 118 73 2 180 130
5 93 124 9 141 24
9 148 35 18 120 99 117 85 97 89
8 166 91 140 101 81 134 162 111
6 190 156 115 86 43 14
7 123 161 153 167 53 174 32
8 151 189 110 160 65 155 96 78
10 90 34 173 133 192 21 76 47 168 82
8 172 79 55 152 39 127 157 19
8 122 165 61 183 191 119 50 72
6 46 142 100 121 41 182
9 186 188 70 52 163 112 170 11 63
7 178 144 143 88 48 77 114
8 36 59 29 150 17 3 45 193
7 74 175 44 149 125 146 33
11 42 198 159 109 196 7 136 158 154 187 67
9 68 116 197 194 94 95 98 128 6

Total makespan: 106

