10
24 53 123 110 39 125 176 18 157 187 101 56 32 138 64 164 150 197 38 159 139 182 137 173 48
14 85 152 115 105 25 31 118 163 179 78 79 180 20 160
22 68 140 181 99 59 109 120 177 198 117 194 142 60 73 84 196 75 16 96 44 114 69
18 66 67 183 93 86 37 126 58 141 19 134 100 43 136 40 10 26 146
20 23 191 162 65 132 154 13 131 24 8 11 88 28 50 186 36 72 41 129 106
19 121 91 167 77 168 128 166 97 156 9 92 98 63 199 34 119 15 82 14
19 184 6 62 107 49 46 135 155 71 158 33 47 144 172 165 127 2 112 3
20 76 1 122 45 5 81 169 95 17 175 147 21 148 149 54 83 90 80 143 171
24 185 30 70 4 151 133 178 52 7 57 145 29 161 0 12 51 116 55 89 195 188 35 130 192
20 190 189 111 94 27 61 87 74 170 153 113 42 103 22 102 108 174 193 104 124

Total makespan: 312

