30
7 86 160 150 171 97 3 12
6 178 25 43 89 134 76
7 164 103 55 165 9 50 39
8 162 190 48 167 60 120 52 63
8 118 72 82 56 28 143 169 84
7 51 188 199 173 32 85 131
5 145 136 18 100 14
6 59 6 91 19 114 90
6 113 106 99 192 174 54
6 182 53 126 133 15 65
9 125 57 170 163 88 40 101 66 30
7 148 142 172 144 139 154 155
8 71 27 8 184 140 198 87 158
9 24 2 5 4 147 123 146 37 10
6 73 79 17 21 11 108
9 166 93 116 185 33 157 110 124 62
6 23 77 0 94 175 168
5 61 151 105 153 117
7 181 149 109 20 69 129 107
6 128 34 36 111 176 78
4 16 41 67 137
9 45 189 112 132 121 92 49 22 70
3 83 35 75
6 159 191 31 26 115 81
6 95 47 46 193 196 138
6 29 80 127 195 194 180
8 74 58 119 179 44 183 122 135
7 130 177 68 7 156 161 13
6 187 98 104 1 42 141
7 197 186 38 102 96 152 64

Total makespan: 41

