20
12 33 168 121 79 165 169 186 20 118 58 120 17
8 88 34 176 57 25 42 21 193
10 51 173 124 96 39 75 38 197 135 99
14 76 198 181 188 45 194 162 147 48 14 144 56 150 178
9 101 112 111 36 18 93 187 73 164
11 60 100 157 140 109 177 71 77 126 139 131
7 74 104 136 128 174 133 24
11 65 37 191 15 69 61 32 78 62 179 81
8 43 154 199 30 10 7 3 116
12 102 137 63 145 180 29 55 87 6 91 159 41
9 44 114 163 59 170 122 155 108 11
13 50 195 85 184 16 9 192 90 66 106 31 156 143
9 92 94 160 8 22 27 1 5 0
11 84 148 23 53 132 183 95 64 153 158 98
9 167 141 107 19 151 152 52 80 134
9 125 68 123 2 12 127 40 190 129
12 110 54 103 82 119 67 161 189 46 113 142 146
10 115 172 89 105 97 182 49 171 185 175
7 13 83 138 117 70 86 130
9 26 72 4 196 35 47 149 166 28

Total makespan: 151

