20
12 110 191 42 171 163 146 105 172 186 150 51 151
11 17 111 180 86 194 181 189 142 73 184 39
8 192 30 91 155 55 169 168 174
13 53 36 7 195 64 29 187 137 65 54 80 97 190
10 20 197 131 16 93 31 193 154 18 140
13 188 101 109 161 70 81 133 129 66 52 43 26 25
11 89 0 76 77 148 22 156 158 71 59 100
8 112 165 159 63 11 130 92 124
8 9 115 152 12 38 122 46 94
9 134 40 15 74 107 164 85 37 34
13 196 149 2 5 160 125 44 58 28 33 99 47 23
10 116 178 176 68 175 27 79 49 153 4
10 1 199 35 90 120 13 183 88 127 95
7 69 128 75 135 170 8 162
12 96 67 173 182 118 61 60 117 14 84 24 108
9 157 32 56 48 123 136 166 83 10
8 104 119 72 141 177 121 143 102
7 106 147 87 103 138 132 145
12 41 113 3 19 78 198 139 82 21 45 114 179
9 62 6 126 144 57 50 185 167 98

Total makespan: 99

