30
7 60 164 116 173 99 118 154
7 93 51 4 171 68 12 132
6 57 101 181 153 110 56
6 87 43 197 27 74 134
4 96 170 166 161
5 126 107 15 141 155
6 145 162 120 53 95 103
7 73 94 151 160 104 83 67
8 0 48 8 111 44 102 121 131
6 78 58 195 42 174 13
6 38 97 3 52 22 106
7 143 62 35 199 1 17 82
7 156 125 86 168 85 117 59
7 148 33 158 71 122 192 49
7 109 149 124 112 179 72 25
9 139 32 45 146 135 144 19 188 98
8 75 152 175 184 24 115 136 157
4 137 140 150 183
6 37 100 89 29 142 193
7 180 169 105 123 69 5 172
8 185 64 133 119 190 159 63 14
7 92 165 77 189 80 55 127
6 163 20 66 31 79 23
10 84 194 178 50 129 26 191 61 18 128
6 88 21 47 177 30 176
6 90 108 147 91 167 39
6 28 186 54 40 198 11
5 34 65 130 41 6
8 76 2 182 70 113 114 187 196
8 10 16 46 7 81 36 9 138

Total makespan: 79

