10
17 13 80 53 54 114 75 146 46 163 125 130 115 187 166 52 138 56
23 94 181 198 72 120 85 76 158 116 86 4 161 23 149 140 1 190 69 50 57 172 176 5
16 6 196 143 8 154 184 195 34 194 82 35 153 62 107 44 14
21 160 133 93 7 132 147 157 91 188 10 88 81 48 185 19 110 186 43 28 171 24
21 129 135 191 32 2 90 108 121 98 70 177 30 47 148 103 175 127 11 9 164 123
24 73 141 0 167 78 26 173 169 170 142 150 119 96 104 168 71 60 41 83 106 137 145 77 144
20 118 15 101 68 182 61 136 156 189 37 38 162 105 55 17 16 99 63 117 74
18 92 113 40 42 39 100 126 155 178 89 29 79 65 18 183 199 3 21
25 102 66 151 197 51 25 84 165 180 139 20 49 95 128 112 131 111 134 192 12 87 122 174 45 124
15 31 193 36 109 67 59 97 58 152 64 27 159 22 33 179

Total makespan: 255

