15
13 176 199 140 55 3 133 20 57 50 152 74 168 42
14 118 58 65 4 68 95 36 86 150 173 90 96 125 100
17 13 69 161 132 102 128 106 155 164 26 78 37 18 103 177 111 108
14 97 7 145 159 22 109 148 85 178 151 19 72 53 30
14 104 107 15 44 162 60 14 39 40 79 21 137 183 67
18 113 84 160 47 34 131 73 139 80 88 2 1 184 192 77 11 190 32
10 24 31 54 41 112 64 149 70 189 191
11 33 193 126 197 114 43 71 0 158 157 174
14 119 115 141 66 172 144 194 51 127 94 61 25 23 187
13 134 175 138 56 105 196 166 110 38 117 120 82 9
15 62 46 121 75 16 91 142 83 154 93 101 167 146 27 181
12 49 63 180 81 87 188 12 45 153 99 123 35
13 89 198 179 185 6 129 8 29 98 124 17 48 169
10 122 76 28 163 156 195 136 170 186 147
12 171 10 143 130 135 92 165 182 116 5 52 59

Total makespan: 183

