20
8 164 129 87 38 44 194 163 125
9 37 6 36 155 77 172 195 142 149
10 99 18 27 2 131 97 187 130 104 175
12 154 0 178 55 186 62 120 188 179 71 169 12
9 89 103 138 113 10 57 45 108 96
10 46 49 40 80 69 11 35 160 56 135
11 13 51 33 84 17 145 177 24 158 30 107
11 167 159 79 170 25 122 173 3 137 31 82
11 118 5 21 78 141 88 59 8 93 52 68
7 54 123 105 139 65 111 116
9 39 102 191 20 14 28 199 192 198
10 143 183 128 94 144 114 171 153 190 63
10 58 119 61 29 110 121 83 98 106 53
9 81 85 112 189 136 166 162 50 132
11 91 23 1 66 126 197 47 174 72 140 100
13 134 133 7 92 168 117 32 76 9 60 165 184 181
10 151 19 127 4 147 115 70 176 180 152
9 34 101 48 43 150 161 146 156 86
11 22 124 109 74 64 42 73 148 16 193 15
10 157 26 75 185 90 182 196 41 67 95

Total makespan: 104

