30
7 42 119 162 33 130 59 84
8 193 196 24 148 142 113 158 128
6 131 127 92 20 167 198
8 171 134 96 156 139 62 191 102
7 40 115 52 179 140 21 5
5 150 14 46 197 172
8 170 195 169 117 141 49 53 149
6 194 104 165 152 176 23
8 38 160 108 187 173 77 121 50
8 41 51 97 153 63 81 11 26
6 64 114 28 1 185 143
5 3 43 199 101 54
4 89 36 6 80
7 135 103 184 110 138 188 125
9 55 30 190 72 90 177 145 76 107
8 94 70 10 192 15 91 35 144
8 136 175 112 109 147 86 4 8
7 37 116 34 69 154 56 39
5 45 159 88 163 118
5 44 18 151 100 124
8 65 25 111 182 137 157 57 74
6 82 83 178 183 126 48
6 189 13 67 132 79 47
6 68 174 60 155 27 85
7 99 71 87 78 146 186 180
7 161 61 2 9 166 181 22
7 12 0 32 120 129 98 29
7 16 73 66 123 75 19 93
5 7 31 122 58 17
6 164 95 133 168 106 105

Total makespan: 88

