30
4 195 55 168 122
7 16 89 180 30 2 91 100
5 64 79 70 127 187
9 38 20 45 155 146 192 123 112 171
6 86 145 111 75 138 3
8 183 140 46 63 137 154 116 27
9 190 102 37 141 94 5 33 78 74
5 166 128 49 44 4
7 9 87 50 11 41 179 95
6 26 151 17 22 113 58
5 124 18 61 47 13
7 178 8 71 131 83 32 132
4 136 97 104 80
10 90 68 40 57 48 181 103 143 77 167
8 152 92 101 82 130 65 24 42
9 109 93 121 0 139 56 119 163 96
6 115 148 184 67 125 133
4 21 149 160 85
4 69 31 120 7
7 59 147 107 172 36 98 51
8 62 73 134 53 129 170 176 10
8 194 114 186 23 142 35 14 39
5 199 76 15 153 88
7 193 106 72 52 60 188 28
6 197 81 19 34 54 185
8 43 84 161 156 164 25 165 157
6 191 105 135 159 12 175
7 196 162 158 6 173 198 99
7 110 117 1 66 189 177 182
8 126 118 150 29 174 169 108 144

Total makespan: 90

