15
16 2 167 58 166 199 121 148 84 183 196 114 98 141 21 97 19
15 15 119 193 122 4 153 158 145 85 37 192 9 20 5 174
13 179 41 10 164 180 79 165 38 162 36 17 7 191
12 161 128 173 22 26 181 120 197 87 132 111 43
16 124 118 96 40 39 51 127 88 47 103 102 188 76 90 135 156
13 151 34 187 110 48 195 8 32 152 86 130 109 131
11 154 106 149 83 126 64 1 63 78 35 168
14 133 44 3 6 14 89 107 75 150 92 99 24 157 62
14 18 16 146 190 176 53 172 105 81 100 11 93 54 182
12 189 142 52 30 139 108 57 144 184 60 80 159
15 71 65 138 101 143 67 73 27 186 178 169 112 70 72 74
10 170 137 115 160 129 13 0 77 140 147
15 177 125 50 163 31 23 104 49 136 33 56 194 95 155 12
11 69 117 28 25 66 29 175 45 55 171 91
13 113 198 185 59 42 46 61 116 82 94 123 68 134

Total makespan: 107

