25
4 131 5 45 166
7 39 187 99 151 26 49 73
6 115 177 64 137 67 153
9 59 180 70 17 141 12 191 112 57
12 63 4 108 41 175 100 52 91 174 169 102 58
5 53 125 118 10 117
8 130 150 86 160 50 85 157 55
8 179 178 164 37 140 149 120 148
9 127 25 95 165 135 13 173 185 98
6 106 65 51 161 172 42
10 44 82 30 15 18 136 188 155 189 21
9 38 129 197 182 81 158 122 79 7
9 142 128 56 193 186 111 8 83 35
8 3 114 80 198 16 97 147 31
7 103 72 9 143 119 116 89
8 32 66 145 183 54 109 48 93
7 1 90 88 162 23 78 22
10 124 28 61 36 96 139 6 14 176 94
9 2 123 75 60 138 132 190 24 0
7 101 107 11 68 27 77 34
7 144 46 29 87 181 156 69
9 121 76 113 146 170 20 126 133 43
10 195 159 105 62 104 167 194 199 74 152
6 168 84 19 33 163 184
10 110 92 154 71 192 196 40 134 47 171

Total makespan: 76

