30
7 64 190 31 165 101 97 86
8 2 9 198 14 140 25 117 163
8 177 143 77 94 131 119 108 105
8 18 54 28 132 114 109 160 52
7 30 179 43 127 193 134 102
6 185 11 129 48 76 32
6 45 180 194 72 169 175
5 161 146 159 168 90
9 99 5 153 98 50 23 65 144 75
6 115 34 150 141 157 40
7 186 120 137 138 171 118 151
9 35 156 152 46 103 56 82 196 59
5 111 170 155 189 21
6 74 53 73 22 69 93
6 121 195 70 178 19 162
4 13 26 87 136
6 110 158 4 133 55 0
8 29 33 181 116 24 68 199 41
6 89 154 63 78 126 36
6 145 10 164 66 1 130
5 188 67 83 79 49
8 112 58 96 16 142 166 128 42
5 62 60 81 12 6
8 15 107 7 51 27 71 88 100
7 3 85 39 183 172 91 20
7 176 187 148 44 106 123 17
6 149 197 182 38 167 192
7 61 174 8 104 95 191 139
7 57 84 184 47 173 122 113
7 92 147 37 125 80 124 135

Total makespan: 63

