30
8 168 113 119 176 175 190 123 197
6 45 10 27 3 41 55
7 134 65 120 19 46 43 50
6 74 31 191 96 95 163
7 199 12 20 187 67 76 135
6 51 194 38 102 30 141
6 138 24 23 153 126 36
7 57 151 35 87 56 1 133
8 66 25 183 152 157 37 42 182
7 143 77 161 80 170 106 70
8 132 154 89 53 156 140 112 171
9 155 165 28 14 160 148 189 72 62
6 52 111 116 58 198 9
7 16 4 131 21 71 8 61
5 68 79 169 144 93
7 17 122 7 108 86 75 63
6 125 158 104 39 185 147
7 178 139 29 59 84 118 188
7 2 32 105 114 172 137 101
7 159 196 33 26 98 97 173
7 167 129 127 81 99 60 166
6 11 179 22 6 48 117
4 13 164 180 145
7 162 110 18 174 69 146 92
8 5 181 195 193 91 184 15 128
7 44 100 142 115 109 90 83
8 64 82 0 136 40 47 103 124
6 34 88 85 73 186 94
4 130 150 149 121
6 192 54 107 177 78 49

Total makespan: 85

