30
8 21 54 89 143 122 49 55 107
8 187 0 129 173 69 11 68 148
8 66 100 137 82 88 171 138 74
8 79 121 152 114 19 161 119 20
4 27 164 110 5
5 83 188 46 72 43
5 29 135 63 62 111
7 149 142 163 36 6 64 105
8 1 175 58 190 186 41 70 182
6 176 4 45 91 13 174
6 15 158 169 48 22 136
6 39 198 165 23 146 24
6 102 184 134 151 53 197
7 14 96 87 86 47 25 178
6 9 18 33 177 35 32
3 97 144 90
7 108 124 162 80 195 26 73
10 166 183 199 147 109 180 193 61 59 141
7 77 103 57 133 192 76 44
5 12 194 116 179 51
10 38 31 93 140 118 155 132 168 101 94
9 117 30 60 8 172 189 145 170 123
6 10 160 131 37 130 98
4 65 128 2 7
9 84 157 85 71 34 167 153 28 92
6 40 106 17 99 127 126
7 104 150 50 112 95 56 52
6 125 120 185 113 75 16
7 196 42 67 159 156 154 3
6 181 139 191 115 78 81

Total makespan: 39

