30
7 45 60 172 152 19 79 109
7 198 37 187 101 93 29 150
7 103 53 196 193 23 59 56
6 119 122 112 73 127 25
6 195 85 80 17 48 66
6 72 158 87 173 186 95
7 28 70 13 189 1 3 30
4 58 11 134 130
7 36 97 8 132 32 137 171
6 27 52 111 75 63 40
6 149 180 123 191 102 144
7 46 182 133 49 99 116 192
6 129 7 6 117 9 44
7 39 181 141 76 174 131 22
7 157 16 26 82 50 86 177
6 5 83 34 139 61 100
8 4 118 68 43 64 169 140 47
7 104 197 0 151 14 185 126
9 110 147 67 170 98 138 194 62 74
6 159 161 190 65 153 143
8 90 166 77 106 120 42 113 175
5 51 81 136 41 125
7 145 96 24 179 115 57 84
6 10 15 18 33 167 88
5 91 188 156 38 69
7 31 128 94 124 107 105 176
10 155 184 165 55 163 114 92 199 21 154
8 142 2 183 71 108 35 164 178
7 20 162 78 121 168 12 148
5 135 146 54 89 160

Total makespan: 83

