10
21 72 29 25 166 154 133 171 100 70 90 64 125 119 0 97 48 155 195 149 39 47
19 190 66 109 78 185 61 63 189 129 136 73 159 28 56 163 164 107 80 186
22 51 150 13 105 178 12 183 118 128 196 49 145 191 103 139 21 40 92 55 143 194 62
20 144 59 96 26 46 170 19 130 27 116 57 99 148 192 10 111 4 20 120 91
20 153 31 184 7 84 117 1 137 169 32 3 181 69 6 173 122 2 75 134 14
17 110 135 124 15 106 160 162 79 11 182 54 24 37 87 16 112 138
21 168 167 180 35 151 82 68 8 30 188 127 42 132 113 142 89 104 161 5 165 77
17 198 140 38 83 197 53 175 52 23 67 152 131 44 174 176 114 126
20 123 199 115 156 187 22 76 17 86 36 81 34 58 95 18 65 158 193 157 108
23 141 172 9 88 93 146 60 179 121 85 43 74 41 94 33 71 147 98 45 50 102 101 177

Total makespan: 321

