15
14 87 108 125 90 83 166 82 100 94 79 69 177 115 176
11 168 150 160 4 118 81 188 95 139 138 194
12 195 77 146 71 165 111 120 156 84 66 153 92
14 163 107 137 53 22 39 122 76 9 47 199 136 89 59
16 2 149 184 119 145 148 112 41 180 110 157 32 45 175 78 25
16 23 73 143 7 88 191 91 167 158 96 33 5 128 48 80 20
13 62 105 154 114 134 159 85 1 36 70 190 56 57
15 178 18 16 130 63 152 117 37 183 121 97 86 193 49 161
14 51 141 162 198 42 196 60 68 61 52 46 182 28 126
14 26 74 6 186 127 35 174 124 104 8 192 44 93 21
13 65 15 101 102 164 10 3 144 31 197 170 132 58
11 185 30 155 38 106 19 50 67 29 109 17
13 113 181 172 14 129 43 169 116 142 13 64 151 179
10 99 54 140 171 24 98 0 131 123 72
14 55 189 40 135 27 12 75 11 34 187 103 173 147 133

Total makespan: 151

