15
13 64 97 40 32 91 127 175 71 66 199 185 30 25
13 164 79 111 138 17 121 10 92 103 15 58 165 163
14 9 184 65 157 181 125 29 44 137 149 84 117 47 57
17 192 59 179 4 176 145 124 122 28 22 46 133 87 36 82 182 120
8 16 102 78 147 113 0 170 198
15 12 110 35 136 3 45 37 140 72 74 171 96 33 53 73
12 54 160 153 168 95 166 56 148 126 100 141 152
13 83 131 173 88 5 50 76 104 70 187 14 34 60
11 69 172 190 43 1 85 112 119 8 174 115
16 180 62 11 23 86 109 61 98 93 89 151 31 196 132 20 42
13 26 135 24 27 41 162 177 134 161 144 67 51 178
12 114 7 81 108 156 159 154 48 6 169 55 128
15 38 191 129 2 106 101 186 167 123 116 13 39 188 118 21
15 99 155 150 143 90 49 94 77 80 52 139 68 142 183 19
13 105 18 75 146 197 158 107 194 195 189 193 130 63

Total makespan: 147

