30
7 191 147 160 196 104 134 5
6 141 144 37 123 178 12
8 145 188 76 62 19 182 51 189
5 46 138 2 183 137
5 105 117 113 126 25
8 66 48 81 159 153 151 140 109
5 7 91 34 166 165
5 45 103 139 27 149
5 44 162 92 158 74
3 124 20 98
7 154 63 161 110 83 29 136
8 89 84 54 33 125 4 3 55
7 177 21 94 24 146 135 119
6 93 69 30 190 175 18
10 31 128 95 6 79 10 115 148 150 169
7 75 121 8 85 41 78 9
7 170 193 58 60 99 82 171
7 100 52 39 127 130 80 97
6 112 15 133 40 194 67
7 186 142 122 35 65 47 38
5 155 181 90 86 26
8 163 53 72 73 129 49 101 71
5 17 131 174 87 1
7 164 176 70 36 167 143 173
5 11 116 156 22 118
10 152 180 172 77 64 192 16 88 32 120
8 14 185 106 198 61 168 197 114
8 195 132 68 50 107 108 23 57
7 111 157 42 102 187 59 56
8 179 28 43 13 0 184 199 96

Total makespan: 40

