15
13 9 189 84 160 180 59 40 52 110 192 20 157 137
14 154 33 199 17 30 37 77 142 135 158 129 53 80 145
12 96 61 164 122 39 185 100 44 114 58 27 99
16 101 22 7 159 183 28 115 25 14 94 125 167 86 1 60 171
11 126 62 15 190 5 68 184 79 146 89 143
13 4 102 72 76 83 67 139 10 133 51 56 63 87
14 74 48 174 173 34 75 150 0 194 131 55 191 6 8
11 71 195 155 29 93 45 107 169 103 46 81
15 186 151 166 172 19 69 148 161 147 47 111 127 16 106 105
13 109 13 97 11 188 153 98 73 78 66 196 57 165
15 182 31 197 121 138 132 82 128 141 3 179 32 90 12 108
12 119 91 149 49 193 136 38 43 2 181 41 26
14 92 64 124 118 163 198 178 175 113 23 130 24 21 116
13 187 168 120 144 88 156 85 152 35 50 112 177 65
14 123 70 36 54 18 134 170 42 117 162 95 176 140 104

Total makespan: 193

