20
8 115 44 59 5 8 136 18 28
9 57 121 37 23 3 36 70 155 141
10 31 185 25 104 183 10 30 164 61 43
11 13 27 65 7 170 83 1 49 19 159 94
8 92 118 86 63 195 81 108 168
13 38 46 182 67 98 101 75 39 128 95 110 180 60
10 99 89 12 154 111 189 152 126 71 165
11 193 162 153 87 135 84 34 41 178 22 188
8 194 45 116 47 160 186 55 68
9 109 32 11 4 131 88 146 90 50
10 129 16 144 148 53 176 77 157 114 105
7 91 167 35 76 173 150 143
10 54 15 145 106 171 120 56 93 197 199
11 58 74 130 158 73 66 42 191 24 122 113
10 64 181 29 51 97 69 82 26 62 149
9 163 33 139 14 190 147 137 124 127
10 179 79 80 169 132 172 123 142 112 198
12 134 102 107 85 125 40 78 103 0 48 72 21
12 6 174 196 119 192 161 117 177 151 140 156 17
12 175 100 133 187 184 20 9 96 52 138 166 2

Total makespan: 101

