30
6 90 192 7 16 32 57
6 70 85 158 106 121 181
7 33 15 186 23 127 190 141
8 19 26 42 105 39 169 149 187
8 199 119 128 129 77 47 148 115
6 101 83 145 191 153 68
7 25 154 109 114 135 34 140
5 189 99 193 180 46
6 168 38 120 160 159 58
7 163 4 51 97 116 152 2
6 100 17 65 40 37 89
6 134 94 179 10 126 93
7 27 48 92 50 36 88 95
8 122 172 155 62 123 174 73 21
5 110 18 156 197 133
5 107 5 59 175 139
7 41 86 104 165 162 53 146
7 170 195 80 35 79 30 78
9 56 12 9 20 111 112 81 72 24
7 108 103 137 49 164 96 125
5 136 60 61 82 1
8 75 6 63 138 185 167 0 44
7 183 67 8 102 13 74 87
8 124 196 166 178 176 3 143 117
7 43 173 182 188 84 142 194
7 177 144 29 64 184 11 71
6 130 161 198 14 98 131
7 147 52 22 55 151 157 69
5 150 171 45 91 113
7 66 76 54 31 132 28 118

Total makespan: 89

