15
8 60 40 130 78 80 172 42 148
15 138 65 82 68 185 150 139 101 26 0 191 174 57 51 49
15 124 4 6 107 77 168 17 11 110 24 13 126 66 71 140
11 90 63 102 141 171 98 25 95 199 75 146
15 94 52 159 143 67 109 3 21 184 59 166 196 115 129 53
11 83 106 160 5 8 15 152 183 111 194 180
13 162 119 54 144 45 173 86 125 36 145 179 118 108
12 35 55 132 47 41 100 73 18 120 9 177 122
16 161 44 178 97 7 2 163 182 188 104 50 112 72 149 158 79
14 29 187 89 14 103 154 170 169 74 10 105 186 96 91
10 38 189 123 61 157 70 142 20 30 114
12 151 87 88 195 64 116 32 175 58 128 93 1
16 62 134 33 136 190 197 69 34 176 84 147 27 81 133 198 164
15 28 76 31 131 92 37 22 192 99 117 193 167 85 137 46
17 56 165 156 43 155 113 12 181 39 135 121 153 16 23 48 127 19

Total makespan: 175

