25
9 137 151 103 15 105 114 112 63 169
5 73 42 94 10 120
6 35 16 9 187 81 140
10 165 132 33 5 13 51 159 66 161 144
9 104 82 92 119 68 8 136 183 46
7 143 44 174 50 25 65 191
8 55 190 177 67 166 180 154 162
9 43 108 188 146 78 184 193 141 145
8 72 62 22 59 152 23 178 122
7 156 189 77 86 155 167 124
6 38 115 142 164 79 157
9 31 158 34 117 20 186 49 85 29
7 128 32 138 127 111 171 198
6 97 149 47 100 118 90
10 30 99 80 56 41 69 101 181 170 176
7 75 54 195 6 88 98 11
7 21 89 107 131 18 192 37
8 153 2 84 12 39 14 24 139
7 26 197 58 110 194 173 148
10 76 106 126 91 52 61 133 150 27 121
9 95 48 53 7 83 130 45 17 182
8 102 125 36 4 199 93 3 179
9 96 147 123 28 129 163 74 87 172
12 60 134 71 168 19 0 57 70 113 160 196 116
7 40 175 64 185 1 109 135

Total makespan: 75

