30
9 0 112 211 113 36 81 82 197 11
10 16 18 181 156 193 210 127 114 243 224
7 47 144 15 72 48 248 33
9 139 154 240 218 1 6 219 192 119
6 99 148 185 63 10 129
11 159 167 168 158 62 110 137 186 5 145 205
9 61 195 217 108 229 244 153 92 172
8 27 184 138 234 198 115 57 79
7 102 73 221 52 125 151 235
7 65 94 29 161 40 53 249
10 8 107 171 95 122 49 178 225 90 50
7 117 175 88 28 132 213 37
9 207 169 31 68 191 58 147 170 177
8 222 231 146 140 70 165 241 35
9 200 109 201 164 45 13 188 17 136
8 134 85 204 38 214 59 80 246
9 215 20 32 118 93 174 76 173 121
9 202 203 162 142 232 100 120 98 230
5 223 104 237 196 2
8 227 228 44 12 180 233 245 128
6 189 77 216 133 21 84
10 9 130 190 106 66 183 41 71 101 226
9 131 163 34 51 3 60 14 124 242
8 30 103 87 22 111 4 220 55
9 239 126 42 96 187 54 212 83 19
9 150 105 199 157 238 75 26 166 7
7 194 176 24 209 97 135 247
10 123 25 149 155 69 160 43 23 208 67
12 236 78 182 56 86 89 206 179 74 46 91 39
5 141 116 152 64 143

Total makespan: 72

