25
9 80 157 96 4 5 179 105 30 152
12 233 43 192 221 172 190 145 24 230 156 150 206
9 154 244 101 85 143 14 162 68 56
10 57 205 122 64 27 83 127 100 42 153
10 78 215 214 166 146 46 164 199 218 74
10 247 15 16 31 34 115 94 234 240 114
9 219 137 38 36 87 246 35 88 109
9 167 129 121 241 8 207 165 82 11
8 49 170 12 236 89 197 208 212
10 86 191 173 196 128 47 194 61 2 177
11 203 60 13 149 187 125 58 91 161 136 48
11 93 28 44 133 70 66 140 55 79 132 26
11 25 223 142 139 102 69 237 77 232 18 104
10 181 116 159 10 113 37 228 224 97 185
10 50 138 124 225 106 112 213 119 184 33
12 32 220 75 117 76 229 90 210 163 40 141 158
11 120 9 95 41 238 227 239 126 202 45 103
9 39 19 211 169 242 108 22 52 51
10 23 65 147 67 195 107 118 98 188 168
10 6 0 183 59 235 73 198 216 110 151
8 182 63 130 20 135 245 54 243
11 99 134 81 111 1 7 144 201 176 72 189
8 92 171 123 160 200 62 186 174
10 155 180 193 231 222 249 148 209 204 217
12 175 226 3 29 178 84 21 248 17 71 131 53

Total makespan: 134

