10
27 7 138 221 103 109 222 35 170 128 20 122 134 153 95 112 245 107 25 180 184 104 216 124 120 31 240 202
23 19 101 121 227 27 129 126 99 15 179 75 59 239 0 85 61 60 45 236 83 162 119 192
23 166 17 55 51 73 116 14 69 87 57 79 158 144 161 98 168 183 225 8 70 94 3 234
20 78 218 172 145 58 38 244 76 137 146 41 213 96 6 132 66 204 18 117 42
26 21 91 224 64 114 135 37 186 30 23 50 175 248 156 44 108 149 207 187 210 171 203 47 136 199 140
24 127 5 206 177 155 53 190 229 123 43 65 102 74 196 24 26 28 68 188 110 92 220 230 10
27 174 49 72 219 77 32 67 164 130 90 54 241 193 22 217 159 151 56 63 93 16 243 62 226 105 89 233
24 189 29 200 197 34 247 242 13 198 223 178 97 82 133 165 212 141 232 191 88 160 11 2 48
28 118 246 163 176 9 12 249 148 211 182 1 209 195 143 150 157 214 231 152 125 154 46 71 169 142 185 80 205
28 113 173 237 201 235 40 238 39 215 52 111 86 194 139 115 147 84 131 33 208 81 4 167 106 228 181 36 100

Total makespan: 252

