25
9 225 38 124 24 201 139 56 170 88
10 26 103 54 192 36 51 164 189 244 159
13 172 35 117 185 155 187 111 11 212 42 153 204 140
8 231 186 86 14 240 154 208 61
11 46 69 22 52 75 166 222 145 143 190 135
12 60 31 223 235 106 146 237 93 21 165 169 120
11 133 15 122 30 76 188 49 243 118 72 178
10 7 197 43 239 87 227 217 207 220 25
11 23 149 126 17 84 102 32 99 163 216 107
9 104 148 110 245 200 27 13 219 202
9 20 41 57 141 132 176 242 116 203
9 156 44 174 248 28 91 158 58 9
10 6 161 168 131 224 47 162 45 206 8
13 196 144 247 171 77 228 177 128 181 67 100 134 147
10 48 96 218 198 53 205 65 123 105 226
12 1 193 130 184 194 81 79 115 232 59 34 94
7 119 249 71 233 234 127 3
12 18 66 85 68 229 138 150 70 83 137 92 12
10 191 113 98 19 108 73 82 109 16 29
10 180 80 114 95 151 74 78 179 50 39
9 121 55 125 209 62 4 10 152 63
8 40 211 195 214 210 199 2 5
9 97 90 89 238 157 64 0 101 230
10 33 246 236 213 183 221 142 167 215 160
8 175 112 136 182 129 173 37 241

Total makespan: 90

