30
6 37 20 13 166 105 116
8 188 181 121 109 25 93 133 51
11 173 228 214 57 24 26 206 12 86 27 53
10 236 162 92 39 177 135 178 99 160 220
5 169 126 175 150 11
7 35 106 0 156 110 71 50
9 125 217 157 139 233 113 6 143 193
9 104 33 202 161 10 36 84 15 66
9 119 219 215 172 146 141 70 246 229
8 31 90 131 111 167 69 28 72
8 78 144 7 234 147 79 117 165
12 189 124 30 198 73 95 108 187 47 132 191 76
8 42 58 32 174 163 38 22 241
8 65 102 208 186 238 244 1 77
9 179 210 103 23 128 91 130 213 46
8 203 197 138 190 101 60 44 185
8 182 240 248 48 149 230 153 164
6 211 96 81 136 40 89
11 68 148 212 75 14 207 142 227 18 235 3
5 195 232 224 52 112
8 19 200 152 54 74 63 171 8
10 205 134 118 64 201 170 88 55 184 4
9 221 56 226 49 231 158 159 82 176
8 237 59 194 114 83 98 168 17
10 242 151 129 199 216 140 247 155 67 120
6 85 204 154 2 192 180
10 107 218 9 87 245 5 249 127 80 45
9 243 43 94 145 16 97 115 183 122
8 223 123 100 41 196 137 209 29
7 21 239 225 62 222 61 34

Total makespan: 72

