25
10 33 186 207 76 227 64 228 80 191 223
11 120 193 214 212 145 211 48 85 36 43 1
10 154 139 86 37 176 22 65 141 26 241
12 0 233 101 210 122 107 90 23 21 135 32 213
10 229 160 73 11 244 197 224 87 202 72
9 200 249 180 50 143 215 91 57 127
12 220 162 74 29 217 113 30 173 185 10 155 42
12 230 108 203 66 234 190 231 152 59 27 7 177
9 165 106 40 110 20 95 174 125 17
10 79 133 12 182 45 15 13 183 208 221
10 142 96 164 46 53 157 129 116 209 153
9 149 243 163 2 167 109 123 92 172
9 8 19 225 114 159 222 226 192 88
8 171 115 194 121 49 138 150 119
11 75 117 151 242 169 175 28 39 238 161 206
15 236 52 245 104 70 58 144 63 181 128 97 38 69 156 246
10 82 3 34 187 189 118 35 112 240 89
12 99 41 93 54 68 94 136 168 178 147 67 62
10 61 98 5 140 146 102 235 247 44 16
9 4 71 184 137 170 51 47 218 83
9 158 24 134 55 14 196 204 148 132
9 201 103 105 126 130 216 25 9 111
11 198 56 60 237 232 205 6 219 81 77 84
8 100 18 188 199 248 166 31 239
5 131 78 124 179 195

Total makespan: 120

