15
14 50 155 59 240 65 168 118 42 105 142 80 36 177 172
21 58 68 8 217 242 64 28 184 245 152 163 85 164 215 94 51 198 160 91 132 20
13 241 82 244 158 114 77 96 162 195 21 181 165 40
19 4 216 140 43 166 238 183 137 107 124 66 173 13 204 193 156 15 113 208
16 10 52 187 234 220 247 106 37 226 230 189 97 212 131 63 202
19 175 235 125 47 122 201 151 87 170 17 46 161 209 190 38 178 86 29 243
15 71 67 228 246 100 180 174 39 134 32 34 103 18 33 141
17 144 31 176 117 248 218 30 22 3 11 102 111 213 200 130 56 44
20 49 5 249 88 98 35 115 147 61 110 159 24 62 231 194 89 186 221 7 74
15 19 127 196 101 26 206 23 41 14 92 79 154 81 229 232
19 93 203 239 219 1 16 123 149 188 84 72 146 150 70 207 225 171 119 143
18 185 192 116 237 69 139 210 76 128 54 27 182 121 222 60 90 191 224
12 157 138 227 73 75 9 25 197 48 223 55 211
17 53 108 45 126 129 205 78 145 199 148 167 120 233 104 12 99 109
15 2 112 236 153 0 214 133 135 83 179 95 136 169 57 6

Total makespan: 204

