30
12 44 27 80 160 162 117 148 223 40 124 111 104
9 246 3 170 226 88 211 161 142 151
9 237 65 191 51 134 169 145 222 34
9 186 103 136 50 10 155 219 64 31
9 206 242 176 164 14 149 156 110 125
4 18 1 236 208
8 30 137 39 225 168 73 53 194
7 12 9 100 60 5 52 179
9 165 205 218 204 159 120 91 139 210
10 47 212 96 8 217 157 99 238 16 11
8 0 183 66 114 43 92 233 119
9 79 107 36 48 199 89 195 68 132
9 180 245 63 163 106 62 158 231 247
8 143 81 35 234 24 187 2 171
9 228 178 181 174 129 82 54 200 172
9 25 190 21 49 90 105 93 146 214
10 101 239 227 196 128 215 32 85 84 248
9 147 6 76 235 20 241 138 113 126
6 22 70 131 33 188 201
8 203 207 154 240 112 58 78 4
8 140 130 102 121 13 17 71 109
7 144 23 224 193 55 213 150
9 15 77 133 59 209 141 189 108 56
7 220 243 115 216 221 185 202
8 46 61 123 29 232 127 37 57
7 41 72 74 167 230 249 122
8 184 182 175 173 69 177 45 98
9 26 19 42 116 152 75 197 198 118
7 95 153 86 135 28 87 94
9 244 7 166 97 229 83 192 67 38

Total makespan: 103

