20
13 1 18 166 69 86 13 16 9 88 128 42 243 124
14 33 10 123 221 126 180 163 173 38 11 60 3 161 68
16 66 26 231 51 200 188 74 239 208 12 52 97 29 229 133 7
7 193 20 24 157 8 75 213
12 144 226 89 61 106 197 59 98 64 92 63 175
14 112 178 2 196 25 234 78 187 220 46 146 135 147 245
11 53 246 191 236 32 145 105 230 222 131 198
13 91 55 150 156 170 174 36 76 244 94 40 100 167
13 90 242 107 192 165 34 153 15 185 194 215 149 211
10 137 80 70 50 30 179 21 108 249 164
17 141 169 183 151 195 127 17 224 101 104 85 158 181 214 111 132 99
12 203 143 148 212 6 138 113 142 240 201 172 65
8 237 82 115 204 4 160 248 19
11 27 232 109 130 152 54 129 37 45 247 41
14 5 72 102 114 189 190 140 223 184 71 199 154 125 56
15 39 159 73 206 182 225 79 186 93 95 103 23 238 168 81
13 83 48 116 134 207 57 176 58 22 171 233 139 119
12 218 209 228 110 96 217 118 62 122 14 44 227
13 219 202 205 210 28 216 136 0 155 120 235 77 177
12 47 121 117 84 49 162 87 31 43 35 241 67

Total makespan: 171

