10
25 23 223 166 145 14 128 195 90 163 234 103 34 97 1 214 29 144 158 73 0 49 68 44 189 182
27 133 134 184 10 185 70 246 215 42 161 117 229 108 198 155 100 71 156 168 123 15 211 39 122 67 47 66
26 76 213 61 109 171 201 31 157 179 21 33 24 130 98 136 172 2 153 84 79 196 26 16 27 126 164
23 190 4 25 167 12 191 248 78 3 5 11 51 107 22 162 115 200 221 105 186 69 208 220
24 169 53 72 181 199 77 225 45 65 205 160 146 175 237 7 59 125 30 54 106 143 236 222 87
25 206 112 91 99 81 197 242 239 95 60 232 121 180 244 150 187 101 38 57 18 178 202 188 241 111
25 58 80 114 110 192 238 231 83 40 124 227 116 249 247 173 119 37 19 235 224 183 159 43 8 226
29 135 233 93 170 75 140 92 148 137 120 74 212 193 50 52 219 63 154 129 141 210 138 86 217 177 36 48 147 32
21 245 35 131 203 132 151 82 165 209 62 94 127 243 174 55 216 149 102 228 9 17
25 218 13 89 113 240 85 118 194 204 56 139 28 6 176 46 142 207 41 230 152 104 64 96 88 20

Total makespan: 376

