20
11 54 166 135 85 81 236 87 169 140 198 64
16 63 86 22 211 24 88 224 174 8 190 125 9 62 118 113 112
12 51 160 157 94 243 215 14 221 57 162 23 150
15 11 66 20 138 246 69 95 178 98 40 80 158 143 247 213
11 39 17 100 26 222 171 231 238 239 10 96
14 92 12 192 82 114 48 183 223 106 59 176 1 55 56
13 41 147 137 15 220 194 129 75 104 126 27 165 3
14 70 36 50 25 21 35 109 229 228 44 120 13 151 108
13 199 58 127 130 170 45 145 179 111 89 110 210 207
12 242 205 197 121 227 38 149 191 37 77 189 67
11 225 249 185 241 32 123 142 6 18 204 68
8 76 49 152 203 156 97 216 16
11 217 248 202 31 175 182 29 219 196 28 186
14 214 201 90 164 235 139 132 115 208 52 161 105 71 153
12 79 245 244 136 128 144 122 103 131 107 60 74
12 230 117 2 234 172 188 173 233 78 181 65 206
14 34 168 99 209 232 61 7 73 101 154 30 180 84 200
14 53 167 226 187 124 42 141 72 133 116 212 240 163 102
14 195 91 177 193 148 218 5 43 134 19 237 119 93 4
9 184 46 47 83 0 146 155 33 159

Total makespan: 145

