25
13 103 118 206 64 19 51 182 247 176 115 192 13 101
9 185 162 111 160 114 169 138 27 210
8 172 132 10 112 86 244 49 156
12 217 2 22 61 16 221 12 204 157 77 15 116
11 200 191 194 142 196 5 90 126 14 47 97
12 214 117 100 239 141 232 213 120 240 183 147 220
9 34 46 45 243 41 43 155 67 164
11 94 179 165 174 228 72 92 69 66 60 223
11 188 74 23 87 171 105 42 131 21 58 215
11 0 76 230 198 48 78 166 233 153 216 25
11 158 154 122 39 149 181 35 136 95 129 222
10 83 152 75 102 130 99 208 193 71 241
8 82 52 26 106 9 237 80 173
8 3 148 145 6 170 4 20 150
9 167 227 98 144 89 187 161 56 93
10 199 55 245 242 40 29 211 177 18 17
9 110 31 50 124 134 168 65 121 32
8 91 207 127 151 119 11 79 146
9 59 108 53 84 128 186 57 163 123
9 231 236 109 178 81 44 63 85 143
11 7 197 219 135 212 36 1 203 195 248 33
11 96 180 133 235 70 37 125 8 224 246 28
10 249 201 38 73 175 137 190 107 113 88
7 159 238 68 229 189 218 139
13 104 226 234 202 24 205 209 54 140 30 225 62 184

Total makespan: 118

