15
16 21 74 183 29 49 189 101 227 2 219 113 41 25 234 104 216
10 208 60 14 170 92 4 136 202 180 94
16 122 218 244 242 247 99 20 184 124 57 220 150 26 69 161 175
19 224 151 139 79 246 201 198 143 240 115 66 102 125 13 65 121 142 34 235
17 138 211 97 158 157 128 1 230 177 147 212 153 106 176 191 236 168
18 30 11 107 131 76 17 85 130 86 73 169 68 46 36 199 214 144 78
20 103 56 141 96 44 19 6 24 0 53 167 88 179 35 31 15 112 156 192 7
16 155 117 193 194 229 133 129 51 243 18 109 185 5 87 55 166
14 200 45 195 159 165 127 83 38 187 47 9 84 98 54
16 116 64 118 160 162 186 215 146 123 3 50 70 149 226 232 204
23 108 37 82 206 152 75 145 10 164 190 221 58 209 111 114 28 23 40 140 148 91 32 225
9 119 172 173 238 223 80 207 42 81
18 8 210 52 249 181 126 228 205 95 239 22 39 213 33 93 197 62 245
21 241 48 77 43 231 154 100 182 217 174 71 16 203 171 233 196 188 222 237 163 12
17 67 134 137 178 132 63 110 120 27 248 61 89 135 105 90 59 72

Total makespan: 155

