15
16 217 42 79 192 74 168 9 72 177 17 222 105 245 129 67 159
17 195 39 111 230 210 208 95 122 184 5 53 28 143 133 174 220 93
15 56 104 227 236 82 180 63 21 204 234 109 52 33 212 191
21 116 241 209 153 49 156 127 148 239 31 126 119 137 80 167 106 101 225 128 169 99
18 114 166 65 20 172 229 193 6 25 150 231 61 117 97 90 38 196 13
14 226 178 140 132 173 176 237 175 199 125 205 57 206 45
16 201 130 58 55 102 154 203 12 88 198 186 218 160 152 76 40
16 223 50 3 43 51 216 171 47 164 120 219 26 71 96 243 73
21 185 135 83 70 91 182 81 190 108 211 54 202 224 187 44 146 92 11 145 179 213
16 10 215 69 232 194 107 244 123 240 1 221 242 246 197 37 200
16 214 103 183 98 18 121 29 136 139 110 161 8 59 248 144 48
12 115 87 32 68 2 238 147 118 188 149 46 36
21 112 75 86 77 24 138 14 62 64 4 134 30 7 22 78 60 141 162 34 41 94
16 19 228 233 189 249 23 165 100 124 89 163 181 207 85 157 66
15 16 0 113 158 235 131 15 170 27 142 84 247 35 151 155

Total makespan: 179

