10
25 37 186 170 204 165 10 163 140 123 17 103 149 71 27 235 230 191 6 1 238 206 92 53 155 20
29 31 138 9 178 180 202 107 14 57 131 19 171 60 152 108 209 221 197 177 137 175 218 184 93 213 151 182 2 63
27 130 145 245 217 43 164 47 194 154 13 118 172 237 211 73 196 34 98 248 167 100 96 219 39 240 199 121
23 127 102 76 136 82 5 68 181 64 215 225 12 242 201 65 101 232 193 32 243 58 192 7
22 11 244 84 23 143 16 72 80 29 75 161 38 168 135 36 216 144 79 95 44 46 49
22 226 28 120 4 116 231 62 157 174 41 88 220 25 214 122 0 234 133 200 113 67 183
24 110 173 85 160 115 119 210 146 153 241 139 126 207 50 33 77 40 3 59 134 52 94 81 66
29 114 159 74 112 105 227 128 15 91 190 35 176 185 158 246 99 22 141 97 148 42 51 111 249 203 45 83 125 223
22 233 212 156 142 106 162 78 30 222 70 188 117 208 89 169 147 224 69 187 195 86 179
27 104 54 24 55 26 166 56 8 236 228 150 124 18 61 129 229 109 239 198 189 205 247 90 48 21 87 132

Total makespan: 385

