20
13 117 247 10 41 124 243 242 236 135 120 175 143 204
13 197 62 84 11 1 162 54 148 80 160 61 192 93
11 174 71 218 153 193 43 180 115 14 201 184
13 13 85 200 188 185 171 191 22 47 225 211 21 31
9 113 114 159 221 46 30 137 75 136
11 138 187 109 3 157 110 198 73 91 55 77
12 131 59 38 179 163 202 217 56 233 97 145 4
12 89 112 199 29 129 216 95 18 118 45 208 245
11 19 186 24 212 74 6 146 210 229 35 108
11 226 33 25 87 149 48 133 240 182 107 123
18 167 104 111 76 168 17 144 90 5 8 96 64 181 63 12 194 98 134
13 151 222 231 196 126 238 206 2 150 40 234 249 177
13 20 34 39 70 190 207 81 58 220 172 158 57 235
14 213 88 176 164 101 195 237 128 156 52 103 106 209 119
11 28 0 36 78 100 152 99 154 147 189 65
14 50 68 7 60 142 165 69 214 228 173 227 67 32 246
13 15 127 94 170 121 230 205 116 125 51 16 239 37
13 169 27 72 224 241 223 26 53 66 183 219 86 83
10 178 232 139 23 215 203 141 82 42 49
15 248 244 166 132 9 140 102 92 155 105 122 161 130 44 79

Total makespan: 139

