15
15 128 178 53 168 98 129 119 176 246 164 90 240 6 70 3
10 235 2 206 4 159 30 61 37 19 5
18 249 49 25 131 99 210 1 47 152 91 141 221 15 161 104 69 84 169
18 227 116 231 109 139 46 199 79 22 67 71 230 200 203 234 40 191 68
14 77 144 8 160 110 17 29 82 52 34 155 130 211 102
13 95 205 72 232 89 143 117 248 41 114 226 97 28
18 59 57 43 174 62 242 229 0 64 192 7 228 151 94 108 138 225 125
20 32 238 24 18 56 180 217 142 145 241 146 36 11 112 66 135 215 121 243 190
14 198 13 58 75 245 105 224 184 194 181 87 54 83 81
19 33 220 202 50 16 162 185 244 76 166 27 182 134 101 189 172 236 223 154
18 175 115 193 123 209 222 111 74 126 140 113 195 124 92 78 183 177 45
16 167 65 187 120 208 186 14 239 96 103 153 156 179 219 88 188
20 150 197 80 21 106 44 214 23 147 149 20 173 233 38 10 132 196 48 60 73
22 216 86 85 218 207 107 237 42 127 247 51 100 12 158 31 148 163 9 171 213 118 137
15 201 170 204 133 165 35 55 212 26 122 93 39 136 157 63

Total makespan: 212

