10
25 228 176 46 3 11 91 225 57 164 9 201 88 122 1 174 12 0 213 238 229 216 45 96 234 33
25 119 188 24 139 233 78 37 83 142 189 215 71 69 41 236 182 77 6 158 190 149 50 94 160 196
23 13 133 202 231 66 165 8 113 235 81 53 193 127 146 220 237 162 186 62 210 240 110 107
25 105 206 106 245 101 15 141 64 87 136 90 82 40 100 76 208 159 137 197 47 59 178 214 147 145
20 242 63 140 185 205 111 5 31 56 161 211 114 218 138 203 177 195 23 151 198
28 84 123 26 157 219 117 89 144 212 58 166 246 244 102 120 4 80 199 29 239 221 39 169 93 131 183 200 249
25 153 187 232 115 18 125 226 191 30 167 230 65 173 54 171 99 21 134 55 67 156 143 16 175 112
29 130 209 223 36 121 247 217 22 28 132 74 52 72 148 207 194 49 170 92 61 51 180 7 118 172 104 241 70 35
30 154 243 124 168 98 163 43 192 97 75 34 227 38 135 108 27 86 17 179 10 184 248 85 103 155 150 95 25 48 222
20 68 19 44 2 32 116 152 181 204 42 128 126 129 20 73 224 60 109 79 14

Total makespan: 409

