25
10 107 37 3 38 30 56 130 211 86 155
12 91 196 154 241 133 187 23 40 99 144 137 164
8 170 83 57 50 136 33 6 118
9 138 34 179 185 205 132 114 222 58
10 94 128 13 110 93 47 117 140 231 129
10 134 191 75 230 242 14 223 101 17 44
8 12 61 190 112 74 49 71 245
10 147 165 143 42 173 39 36 115 53 126
11 214 208 141 161 162 79 54 151 63 221 7
11 45 198 35 28 127 51 1 236 108 169 246
10 0 76 149 90 247 157 82 24 192 32
11 218 176 153 103 156 146 227 175 193 18 178
11 174 233 194 66 55 167 20 160 224 100 232
9 73 212 202 158 181 21 142 189 216
12 8 46 121 43 206 88 68 201 235 240 9 84
13 243 16 135 87 217 145 69 64 26 213 80 172 219
12 59 188 85 195 89 225 207 19 220 67 111 199
8 152 210 92 237 139 10 109 25
8 120 234 168 98 41 171 229 125
10 97 15 78 60 209 200 248 197 95 106
11 48 182 116 186 204 62 239 81 4 166 163
9 104 150 27 228 65 70 159 113 131
9 177 77 96 215 22 180 5 102 203
10 124 122 119 11 105 184 72 2 226 123
8 29 249 238 183 52 148 244 31

Total makespan: 89

