25
8 166 146 159 165 12 162 103 124
9 209 120 199 69 183 82 169 54 74
9 15 158 178 200 71 114 4 216 37
11 68 131 115 217 150 153 167 91 92 203 100
11 237 75 134 143 94 186 88 61 179 152 112
9 6 45 121 177 224 72 174 211 19
10 11 53 225 96 55 47 227 182 63 213
12 89 202 129 154 244 137 64 20 62 110 79 171
10 108 163 156 101 235 230 191 8 195 198
11 193 59 185 234 67 39 214 128 13 9 44
8 157 196 160 180 144 14 42 148
10 219 155 43 248 228 125 232 87 215 83
10 56 116 7 33 142 17 81 93 95 187
8 231 204 98 123 119 136 246 197
10 218 161 145 189 76 50 21 222 84 104
9 233 2 138 27 66 97 201 184 139
12 65 90 135 36 239 223 164 22 172 41 111 49
9 127 40 141 210 168 229 48 5 205
11 46 57 117 208 3 130 207 58 70 77 26
13 107 151 23 221 25 226 147 243 106 133 249 140 188
10 51 238 206 132 86 60 242 241 236 99
12 113 240 0 80 245 38 181 212 126 149 31 28
12 1 176 192 52 190 105 173 29 122 78 170 73
8 247 220 109 18 10 194 175 16
8 85 24 32 102 35 34 30 118

Total makespan: 60

