15
22 0 118 168 16 75 143 81 27 57 179 213 173 200 236 132 148 56 50 196 198 108 5
17 102 184 129 32 37 19 204 11 15 47 109 92 36 54 175 126 114
14 156 188 52 227 220 125 94 239 35 112 66 219 249 73
13 1 103 210 120 43 150 9 197 60 48 6 2 127
13 106 216 96 10 235 186 164 33 214 222 59 221 26
15 149 193 238 113 130 211 158 244 142 18 72 20 85 225 166
19 154 245 71 241 163 233 45 226 87 161 64 77 30 247 115 135 224 138 51
19 82 153 78 203 14 93 240 178 86 39 176 185 165 152 68 207 144 116 169
16 62 42 104 180 242 171 140 38 3 23 215 136 95 192 234 160
16 111 182 162 34 151 189 212 134 199 100 80 133 55 205 209 79
17 194 98 218 246 191 12 131 65 155 195 69 53 146 83 13 21 84
19 31 223 121 208 202 167 128 248 49 206 61 230 91 159 174 88 119 22 190
15 139 183 117 25 122 137 44 228 8 110 124 7 90 28 147
18 74 99 145 187 101 97 46 243 40 172 170 141 177 157 107 24 4 232
17 105 123 89 29 58 70 217 231 237 41 76 17 67 229 181 63 201

Total makespan: 225

