20
15 125 58 196 95 59 89 103 96 142 79 35 88 115 117 83
16 165 237 244 110 69 163 51 155 177 11 31 36 216 14 166 202
13 203 176 102 234 136 39 63 62 161 8 70 91 248
10 239 46 9 187 76 64 178 134 210 180
10 232 227 231 170 157 224 65 12 126 19
10 21 247 101 67 121 119 172 2 139 158
14 193 86 81 154 75 57 99 133 225 153 175 162 108 191
13 28 145 233 56 123 50 10 190 127 109 74 16 54
10 105 34 97 174 219 245 60 18 43 194
13 116 23 209 186 55 114 29 17 53 45 26 140 130
16 152 204 113 192 129 135 118 156 41 48 100 240 228 223 249 38
15 0 238 84 137 124 94 236 214 148 217 173 242 181 229 164
12 218 49 150 226 85 179 33 205 146 40 199 72
12 230 171 243 120 77 132 198 208 24 4 149 213
12 82 144 13 220 169 185 44 131 167 212 112 37
12 128 111 78 141 182 221 61 47 106 188 32 71
11 42 80 206 73 160 90 87 98 159 27 1
11 15 147 104 222 168 52 207 235 211 68 197
13 7 3 25 22 215 107 6 189 138 151 143 201 66
12 122 183 20 200 92 184 241 5 195 93 30 246

Total makespan: 85

