15
17 147 86 134 242 22 203 153 161 186 61 137 56 105 47 17 126 75
17 151 94 157 207 2 205 117 1 235 13 50 190 26 25 132 243 213
17 53 57 201 9 128 101 69 87 115 112 15 240 221 152 8 55 177
14 125 30 131 54 231 199 224 100 176 247 98 102 48 197
15 244 67 36 237 220 114 28 21 121 41 43 175 24 164 217
14 227 32 194 85 139 163 111 180 183 5 210 104 187 109
21 233 138 189 3 4 165 23 168 76 10 95 19 62 212 46 80 230 51 166 142 228
15 39 229 78 145 146 150 35 192 120 239 34 27 33 116 130
19 143 92 249 72 11 58 149 202 179 66 214 191 124 181 171 42 31 118 246
15 64 89 74 93 174 159 188 40 44 206 232 127 79 18 90
21 38 218 97 7 248 162 6 148 37 158 222 215 184 49 88 193 123 45 238 223 129
13 65 91 154 155 200 103 107 216 133 0 99 173 14
18 77 219 169 172 208 209 225 226 140 136 84 211 63 106 195 122 135 241
15 81 113 71 119 156 234 167 141 96 170 82 110 160 70 68
19 73 245 236 16 108 198 196 182 20 52 12 29 83 204 60 185 144 178 59

Total makespan: 234

