10
23 60 213 249 233 217 27 43 75 207 197 171 31 82 176 198 113 79 193 13 247 8 240 37
27 52 15 14 68 123 94 134 114 22 58 10 219 158 93 72 139 39 63 112 116 12 180 127 34 170 175 192
26 245 196 124 203 218 7 133 204 182 17 103 0 9 33 53 96 125 205 227 73 178 174 135 239 194 211
21 195 132 121 57 163 101 104 146 85 188 225 30 199 11 223 55 221 70 190 215 248
20 19 137 222 165 141 202 212 155 224 238 107 164 183 160 50 162 38 147 92 185
28 109 226 45 150 168 24 36 235 90 201 77 177 241 229 200 69 242 208 191 106 126 47 40 179 244 49 67 56
26 87 143 65 184 108 25 149 83 122 142 187 169 128 97 145 98 42 20 231 173 95 234 76 110 71 84
27 61 246 5 228 4 232 6 172 115 140 89 157 216 209 3 23 210 62 28 237 138 214 80 120 131 86 161
29 99 16 152 130 78 129 41 105 54 154 32 46 151 26 44 51 21 2 111 66 236 91 81 243 167 189 206 166 18
23 119 102 220 144 136 156 148 159 29 59 117 88 64 153 230 35 181 118 186 48 1 100 74

Total makespan: 261

