30
9 193 134 27 183 178 59 179 177 218
10 98 130 203 79 116 89 143 36 13 153
9 77 222 220 200 82 214 55 83 120
9 123 21 62 114 30 101 6 195 238
7 173 235 201 84 29 69 234
8 8 127 51 23 210 26 196 221
10 87 113 227 3 11 12 128 141 197 191
7 162 167 104 40 53 48 158
11 190 106 136 17 38 216 93 34 229 19 95
10 16 192 230 156 102 213 164 115 9 198
6 112 52 46 163 119 212
9 56 99 133 248 28 0 172 37 71
11 187 182 207 72 208 25 32 237 174 22 96
8 124 121 126 157 132 49 67 244
9 73 215 185 169 88 107 103 145 243
6 247 160 188 189 4 152
7 122 181 149 45 111 15 50
9 168 117 225 90 137 217 33 85 80
8 176 125 223 42 232 129 41 140
7 97 65 105 154 226 159 70
9 209 202 1 166 91 7 165 86 142
9 206 109 78 44 61 20 100 54 194
7 139 241 205 146 24 75 131
7 211 249 170 81 110 39 148
10 224 246 10 118 245 18 92 186 63 2
8 94 242 180 236 66 14 76 240
8 147 175 58 108 233 144 219 35
7 64 43 74 57 138 199 151
7 5 161 60 31 150 228 68
8 47 171 135 204 239 155 184 231

Total makespan: 108

