10
26 82 27 152 64 115 46 59 227 40 159 41 31 163 150 141 178 203 172 68 176 195 5 119 142 112 155
22 19 2 156 105 47 32 92 114 246 196 88 125 185 138 13 4 233 36 161 95 60 28
31 249 96 26 89 12 148 162 140 11 164 247 175 23 107 98 29 58 149 6 139 113 146 30 207 39 239 104 228 214 124 77
29 43 165 79 48 63 193 151 244 206 197 80 123 22 24 153 14 91 232 221 235 84 189 50 225 69 147 17 158 7
27 116 0 3 118 223 166 100 234 173 34 130 219 102 205 66 184 8 108 199 182 218 132 90 83 57 240 238
19 62 136 191 170 229 33 55 212 20 204 160 106 37 52 117 192 167 86 45
28 209 126 174 49 245 18 70 38 21 201 103 67 122 241 190 220 208 44 216 121 134 78 210 53 110 109 65 101
21 202 179 35 25 127 183 242 194 187 120 99 188 72 94 111 128 74 200 236 186 61
27 16 10 230 171 168 135 248 217 54 85 73 51 143 169 157 154 133 56 76 226 211 87 237 129 131 81 75
20 181 144 93 177 145 15 97 180 42 71 198 9 243 231 215 224 213 137 222 1

Total makespan: 343

