30
10 6 214 128 100 17 12 106 176 127 245
10 75 3 163 104 164 67 55 243 131 25
11 183 84 241 234 239 170 219 1 43 229 169
7 151 157 158 141 227 81 54
5 60 136 115 73 188
9 39 142 191 203 22 32 59 0 26
7 175 196 124 105 172 29 156
7 51 85 87 182 180 133 102
10 27 201 198 129 58 50 212 86 116 18
7 210 167 83 165 221 194 216
8 91 70 121 15 47 168 38 33
8 204 225 23 113 218 178 148 93
10 95 247 10 185 153 57 52 44 65 119
9 48 199 61 206 200 146 79 21 117
8 5 197 192 238 16 76 228 120
9 97 123 174 145 8 41 109 179 160
7 181 88 46 122 220 42 118
10 89 45 211 207 217 138 62 49 155 249
7 230 240 71 202 107 248 82
8 14 112 20 63 162 144 224 186
7 173 40 233 208 68 53 184
9 161 7 222 24 152 2 193 232 66
7 213 236 242 223 177 195 189
10 235 215 137 28 103 143 135 171 69 11
8 13 237 94 4 149 101 226 99
7 98 78 72 154 34 31 134
7 246 190 126 231 74 9 159
10 140 56 36 187 139 96 64 110 77 30
8 35 37 90 114 92 205 132 147
10 244 209 150 80 125 166 19 108 130 111

Total makespan: 95

