20
18 188 98 21 171 89 95 28 91 211 56 11 129 34 139 39 154 77 29
12 231 46 187 8 169 16 4 110 178 0 230 158
10 102 59 239 64 235 9 130 226 5 106
11 17 240 220 41 49 246 24 55 36 73 180
10 227 210 100 82 137 63 159 112 191 104
13 206 118 229 205 131 225 20 152 67 221 209 86 238
13 173 122 111 123 88 18 101 108 181 27 151 85 244
10 51 10 90 121 153 35 116 84 135 38
10 186 54 219 192 148 74 174 136 141 19
16 189 107 144 32 66 193 37 40 164 72 61 161 175 75 33 113
11 99 177 208 214 196 70 133 128 216 115 200
14 81 198 201 162 168 127 30 57 7 83 124 42 23 224
13 199 202 26 185 184 22 2 149 215 87 218 155 138
15 14 242 237 120 157 47 76 119 132 223 248 71 13 217 233
13 204 228 165 103 97 163 197 156 194 241 65 179 140
10 52 232 69 134 93 195 6 203 176 126
11 172 213 45 25 147 145 94 125 166 143 150
13 78 117 247 105 212 3 80 44 183 190 222 243 62
15 53 249 58 79 146 170 182 109 96 15 114 234 207 43 167
12 68 92 48 50 12 31 142 1 60 236 245 160

Total makespan: 85

