15
20 133 147 206 132 139 164 76 23 210 21 142 168 27 81 104 43 116 11 19 226
17 80 196 158 201 86 60 221 162 249 240 14 103 247 234 61 29 49
15 45 225 214 241 213 33 145 51 108 237 190 32 16 42 106
16 98 182 114 140 186 207 72 242 243 124 3 235 212 69 172 169
13 20 52 120 150 155 66 77 220 22 170 0 101 30
17 67 248 38 233 216 40 63 64 71 232 95 244 223 230 167 215 13
20 130 125 193 245 152 1 121 160 55 227 211 99 218 109 102 198 93 39 179 18
14 79 34 136 157 192 37 229 129 184 178 82 7 85 183
16 128 119 199 171 122 92 46 87 8 131 219 236 185 146 165 173
18 57 187 189 58 12 143 110 28 231 105 195 65 96 191 17 166 134 175
18 83 205 91 97 56 5 74 202 180 204 73 137 153 148 70 54 154 53
11 35 217 208 200 174 194 163 10 135 6 4
17 94 127 181 50 161 118 197 59 68 47 126 156 113 151 117 138 90
20 89 62 26 48 100 44 75 123 203 25 9 115 222 188 88 141 246 224 112 111
18 2 239 149 78 31 159 15 107 41 84 36 144 228 177 176 238 24 209

Total makespan: 147

