30
8 204 133 99 67 194 37 165 210
7 144 28 134 6 185 200 241
9 248 195 201 212 52 26 59 81 15
7 213 151 187 0 5 38 224
10 233 236 154 120 132 140 22 77 139 129
10 64 75 183 203 104 152 8 198 205 49
8 157 119 96 174 35 40 166 145
7 215 116 17 92 123 12 207
8 94 110 4 29 189 93 63 60
9 225 89 111 219 169 56 13 167 135
10 246 237 50 208 231 214 197 30 180 32
9 57 244 128 55 121 143 98 95 232
8 112 21 249 1 130 211 218 223
9 141 170 235 86 58 54 202 126 10
9 51 16 114 11 199 100 175 178 47
8 109 206 76 150 209 23 82 234
9 230 43 106 159 46 25 39 216 148
6 27 44 69 149 3 217
8 84 192 156 242 118 176 20 122
4 147 42 196 7
10 137 91 18 163 74 70 87 142 72 83
7 125 48 2 161 238 188 160
8 171 186 73 221 193 88 9 101
10 103 191 179 41 153 14 146 45 108 68
9 105 34 31 164 190 107 229 220 240
7 177 162 138 155 136 97 173
8 184 243 80 36 113 226 102 168
10 62 247 19 158 131 90 127 228 61 66
7 24 245 124 222 53 79 85
11 227 71 182 33 115 172 65 117 78 239 181

Total makespan: 45

