30
7 225 163 238 159 127 48 35
11 197 214 1 201 190 29 105 240 109 99 107
8 130 170 93 103 236 67 143 234
8 221 172 47 53 223 76 20 228
11 32 111 187 202 210 227 7 95 242 145 87
7 167 171 144 157 49 113 4
8 57 218 96 75 91 123 191 195
9 70 43 38 126 173 68 162 27 40
8 226 177 119 33 169 72 249 245
6 94 140 86 22 211 207
11 65 137 66 23 122 19 14 241 168 220 5
7 69 90 150 178 132 12 146
7 246 180 196 54 193 216 98
7 229 204 84 213 39 155 141
8 3 73 78 248 199 244 77 164
10 166 212 106 41 83 135 136 121 50 152
6 37 74 10 108 30 2
8 100 52 151 85 97 71 138 134
7 125 120 219 183 114 36 46
9 128 231 189 13 186 209 34 8 200
8 63 217 112 6 179 237 9 133
11 149 148 175 104 115 51 160 45 215 233 56
10 28 92 165 154 188 156 117 44 182 82
10 124 176 118 88 110 174 81 64 18 15
8 147 59 42 208 222 101 58 89
8 153 11 62 139 230 0 102 31
8 131 158 205 80 232 181 192 55
8 142 243 17 203 129 185 26 16
7 60 184 194 21 24 79 247
9 25 239 116 206 235 61 161 198 224

Total makespan: 71

