20
10 30 247 233 130 191 20 182 241 89 10
13 181 36 22 230 79 146 63 163 210 4 198 59 102
13 235 45 148 170 138 24 85 153 211 176 177 48 245
13 6 133 144 159 1 204 57 147 164 71 40 143 216
13 201 58 78 232 17 77 64 68 2 152 74 37 80
15 106 18 43 188 27 54 179 124 229 213 157 169 186 228 184
13 123 69 194 196 178 236 217 174 122 183 222 39 72
10 116 62 23 118 224 15 44 49 199 226
16 95 203 117 96 53 52 237 185 249 214 112 154 161 104 193 90
10 200 192 132 187 11 180 221 60 165 91
15 47 208 142 134 107 0 175 67 32 156 38 29 16 5 155
10 50 160 239 158 73 248 81 140 87 212
15 207 115 209 190 97 26 82 127 13 167 225 28 34 76 173
10 141 55 103 129 70 88 135 31 12 93
13 113 244 240 246 136 66 223 128 243 41 197 46 33
13 65 137 205 227 98 119 162 231 219 61 51 19 35
10 145 172 215 114 220 166 25 7 218 21
13 195 86 8 3 242 94 9 149 171 84 202 75 120
12 121 100 42 101 14 108 56 234 206 111 139 99
13 109 150 131 110 238 83 105 189 125 92 168 126 151

Total makespan: 149

