25
7 146 159 249 103 174 162 12
9 75 199 69 124 153 82 169 54 74
9 15 200 114 71 36 4 216 37 158
9 68 131 115 94 92 167 91 217 150
11 143 186 88 135 177 61 179 152 112 20 237
8 25 224 211 6 45 121 102 212
12 63 73 53 225 96 47 227 213 236 100 232 104
12 154 79 171 62 110 97 127 89 202 129 137 64
10 198 230 191 8 195 101 156 241 108 163
9 19 185 234 67 44 214 128 181 193
8 42 148 190 157 196 160 180 39
11 219 83 151 228 77 215 87 155 244 43 248
9 56 7 55 93 95 33 142 187 130
9 209 231 133 197 136 246 123 119 145
11 98 218 161 14 183 222 9 189 76 50 84
9 66 138 27 203 233 184 235 80 139
12 229 223 164 65 41 22 182 111 172 239 90 49
10 17 48 40 116 210 168 72 5 205 141
12 178 70 208 58 57 46 3 117 11 176 86 26
13 226 147 243 106 125 107 23 221 13 134 140 81 188
8 21 51 206 242 59 60 238 99
10 38 149 28 126 204 31 113 240 0 144
14 2 201 29 122 78 170 105 173 166 132 192 245 52 1
9 247 220 18 165 120 109 175 16 194
9 85 24 32 118 10 35 34 30 207

Total makespan: 61

