20
10 182 241 10 138 96 30 247 41 195 173
12 109 163 210 4 198 79 65 213 48 59 102 145
13 148 22 45 169 203 130 24 85 235 185 211 176 36
13 39 20 159 216 141 75 215 147 164 71 155 1 6
14 92 152 37 233 74 2 17 77 201 58 78 232 128 143
15 200 228 184 91 66 202 188 27 239 18 54 179 124 229 40
13 196 67 224 236 217 174 123 69 16 137 191 125 243
14 116 53 23 118 205 63 84 15 49 199 226 167 26 115
16 127 249 112 154 234 161 104 193 90 177 72 95 52 237 28 113
13 114 80 180 221 60 34 132 187 165 246 140 103 11
13 134 107 142 181 146 50 175 208 156 122 29 244 186
12 204 87 160 57 70 222 178 38 158 172 212 248
10 220 13 0 207 82 93 129 97 209 190
11 73 245 88 135 31 242 121 55 157 240 170
11 192 5 44 68 46 33 64 197 47 136 133
12 43 151 227 98 119 162 231 219 61 223 153 35
9 25 7 81 76 3 32 12 218 21
11 166 51 120 194 86 8 149 171 225 89 9
16 100 42 108 94 19 117 101 14 183 230 62 206 111 139 99 144
12 214 56 150 131 106 168 238 110 83 105 189 126

Total makespan: 148

