20
12 82 7 95 34 238 188 164 159 78 207 18 124
15 140 202 89 57 170 75 146 105 195 9 100 134 144 158 32
13 217 224 102 77 152 165 97 167 10 69 16 130 127
15 150 11 46 30 151 54 213 120 176 215 203 210 142 194 5
12 13 119 155 135 141 115 19 211 163 212 109 218
14 154 74 76 236 199 91 143 98 4 94 139 117 50 249
14 113 40 191 70 147 232 168 137 79 187 2 48 52 56
15 47 148 26 0 36 114 85 173 178 235 136 55 92 162 225
14 226 101 245 22 149 86 72 169 99 17 15 123 189 61
11 96 219 204 37 122 129 53 240 244 233 237
12 41 126 111 222 205 1 138 29 81 44 247 197
9 231 196 172 223 198 67 230 214 175
10 71 157 63 243 242 209 108 166 112 200
11 104 180 93 132 145 90 153 125 45 39 3
15 193 131 27 68 182 14 20 24 234 220 116 183 110 35 84
11 25 229 156 184 208 241 6 201 49 121 28
12 246 118 190 65 83 31 103 161 106 185 128 87
14 38 64 60 43 21 177 160 107 88 248 174 73 221 133
12 171 12 179 186 192 59 80 227 8 181 228 66
9 239 51 42 206 33 62 23 58 216

Total makespan: 161

