15
16 95 160 171 126 100 71 211 226 82 229 209 136 218 111 87 37
18 72 219 197 134 76 57 75 248 175 240 132 83 26 213 242 117 55 0
15 244 29 173 30 120 23 191 39 221 25 236 18 238 10 51
12 106 125 144 77 113 206 152 108 212 119 80 40
13 177 243 45 208 44 143 150 149 59 180 19 168 21
16 182 89 20 56 67 131 118 172 195 247 130 58 5 114 202 32
20 70 24 199 4 207 78 124 203 64 190 184 115 157 31 49 127 110 204 116 139
16 141 34 9 225 169 151 194 52 8 129 103 101 237 104 54 65
19 178 140 105 17 239 1 216 22 93 12 90 6 174 196 223 148 81 158 36
19 166 200 61 74 121 137 193 88 135 246 97 162 63 163 233 96 179 86 3
13 245 154 176 2 210 35 99 188 11 123 235 159 42
18 146 38 47 98 66 60 183 84 161 187 156 62 48 50 224 16 85 128
18 122 138 92 170 133 222 68 107 7 112 198 27 46 94 227 109 33 43
17 228 214 189 220 217 232 155 241 15 73 41 153 164 231 14 249 185
20 28 102 91 215 192 142 230 145 165 234 186 167 69 79 205 53 147 13 181 201

Total makespan: 171

