20
10 154 84 171 215 40 28 0 37 45 133
13 191 132 140 142 102 243 44 72 173 73 10 235 12
12 92 121 122 77 177 162 227 190 49 244 39 214
13 33 200 30 160 178 68 16 4 19 130 184 166 24
10 104 21 203 14 107 234 79 26 93 71
14 20 186 144 35 197 222 194 106 180 170 34 131 212 81
13 6 99 226 139 42 217 229 213 54 96 232 62 43
12 187 86 204 109 128 201 125 196 185 112 13 238
13 182 82 47 36 89 134 205 115 143 127 88 5 111
13 123 15 129 25 179 136 53 117 216 230 114 38 83
15 70 199 118 56 126 163 9 110 221 8 240 165 241 29 2
11 124 156 22 231 181 168 224 159 119 148 97
11 7 135 74 164 76 202 55 237 41 64 75
10 155 52 208 103 172 247 249 60 167 220
15 69 59 120 211 61 67 193 108 149 219 245 233 51 94 113
12 169 100 66 176 46 95 183 65 80 242 145 223
14 152 189 138 248 48 18 174 31 228 11 57 87 63 146
13 195 206 236 246 58 32 141 50 239 161 209 116 91
16 210 98 85 78 1 175 27 198 137 157 225 150 153 101 105 90
10 3 188 207 17 218 147 192 151 23 158

Total makespan: 89

