10
26 26 224 217 236 56 63 72 240 248 142 172 212 32 162 206 36 161 176 77 131 117 4 163 188 238 214
25 109 222 31 129 230 10 208 5 52 175 220 167 97 226 119 99 29 168 17 231 102 80 79 154 213
30 86 19 232 83 101 8 237 103 171 247 57 190 144 192 113 197 219 20 136 58 13 221 6 98 94 81 82 170 185 215
26 24 249 110 91 75 90 78 122 243 85 0 16 158 71 173 107 35 140 1 37 23 193 34 246 43 50
19 70 147 245 153 62 169 124 3 174 139 95 159 108 242 218 152 241 96 121
27 126 178 184 88 201 123 205 84 209 155 137 25 104 130 179 200 125 244 199 93 198 54 118 33 165 39 181
23 134 22 202 74 207 225 166 151 143 42 40 105 73 46 53 87 114 150 138 14 55 145 211
22 11 61 44 30 186 27 210 76 120 65 115 239 182 18 204 164 60 189 59 196 67 15
28 235 116 7 180 92 12 49 100 223 45 128 156 132 89 51 203 48 38 111 191 28 149 127 2 66 112 234 216
24 141 148 228 21 187 106 160 69 157 194 146 135 68 133 177 64 233 47 41 183 229 9 227 195

Total makespan: 352

