25
9 85 126 12 24 88 136 158 200 74
12 196 198 153 148 54 221 151 168 16 236 160 93
7 187 90 105 82 47 219 2
10 116 210 120 107 135 84 162 140 241 186
10 95 23 43 182 244 166 119 181 218 45
11 79 214 92 42 110 216 234 185 103 146 91
11 86 199 228 180 21 235 14 170 101 215 94
12 237 17 64 195 211 34 1 106 62 97 163 127
10 134 113 51 229 123 143 76 60 184 242
13 222 4 99 73 36 192 212 20 63 114 78 25 246
10 40 194 193 243 201 226 7 209 208 152
8 178 121 183 249 139 37 13 61
9 132 171 233 164 83 223 167 131 33
11 52 144 10 77 109 174 71 207 8 206 248
6 58 154 59 69 89 3
11 104 0 232 9 65 22 238 176 177 6 156
6 15 111 70 145 35 161
9 41 122 247 147 118 5 28 217 18
10 117 188 133 72 102 197 202 165 128 68
10 240 245 96 224 173 38 225 227 31 149
12 239 55 11 159 189 49 179 80 150 213 100 19
12 30 169 87 205 125 66 155 137 57 108 138 129
10 130 115 44 50 230 29 203 220 190 67
10 157 48 32 172 175 75 204 27 112 191
11 53 142 231 56 39 46 81 98 124 26 141

Total makespan: 57

