25
8 225 38 140 126 42 100 124 75
9 244 147 159 5 164 192 222 103 54
13 184 117 185 155 187 111 40 86 96 116 11 212 229
8 77 88 134 82 208 231 186 172
10 46 130 143 129 135 232 69 22 51 190
12 237 235 106 93 21 165 120 31 240 128 60 70
13 170 118 30 76 163 133 15 24 49 243 122 72 178
13 215 36 217 52 17 43 239 87 227 202 139 25 26
9 216 220 57 23 84 102 32 99 107
9 13 182 156 110 119 228 101 104 148
10 41 20 14 245 141 203 153 219 176 242
10 241 248 191 89 44 151 169 214 158 58
10 6 168 131 71 19 7 206 8 61 47
9 105 67 177 142 218 196 144 247 171
9 145 188 205 48 198 226 121 65 123
11 1 146 193 179 79 194 9 81 59 34 94
8 127 189 62 78 236 249 132 174
11 83 234 92 12 68 137 157 18 66 85 150
9 91 108 233 73 39 113 16 29 98
10 74 80 114 154 95 27 180 3 207 50
10 152 63 10 4 109 55 125 161 115 209
8 56 211 45 195 224 210 199 2
10 238 162 223 230 64 0 200 35 97 90
10 213 183 221 246 166 112 33 167 138 160
11 175 136 149 37 53 181 28 197 204 173 201

Total makespan: 88

