30
6 152 91 9 192 143 28
7 41 144 110 227 213 157 133
10 241 46 90 190 178 242 210 106 238 221
10 203 166 37 174 186 170 177 30 209 145
8 171 92 102 103 140 151 27 162
9 226 125 228 204 4 95 233 163 205
8 234 7 212 89 196 197 124 236
7 121 54 72 167 80 207 118
8 130 6 61 116 230 59 141 243
8 81 32 71 57 83 22 198 199
8 23 247 84 104 142 63 147 36
6 108 218 172 55 88 134
11 225 69 220 17 2 82 38 200 201 123 195
8 239 5 194 62 109 158 117 8
7 18 70 224 78 99 19 86
11 0 246 181 160 187 39 50 161 29 66 105
11 153 185 211 206 115 113 20 67 98 217 155
6 94 159 56 127 107 34
5 44 148 139 229 180
9 120 214 64 11 16 189 232 14 128
8 25 40 119 191 176 150 193 132
8 49 76 73 48 26 175 231 24
9 96 244 3 136 114 156 43 77 112
8 169 184 111 248 237 79 1 235
8 131 47 33 188 182 146 208 126
9 137 165 65 245 135 202 215 68 122
10 15 179 154 97 87 35 31 173 183 74
8 223 219 52 101 53 249 51 222
9 85 21 75 168 60 138 42 93 240
10 100 10 12 13 129 149 164 58 45 216

Total makespan: 95

