20
13 100 13 167 52 90 126 227 216 58 31 41 21 50
11 93 134 1 233 197 82 34 2 210 228 219
13 96 127 198 80 98 92 114 81 129 85 5 211 189
13 224 243 144 107 160 42 146 3 84 97 188 163 158
13 24 40 22 119 0 48 8 225 240 142 201 55 47
13 204 215 39 17 209 7 69 174 151 145 157 195 4
13 247 200 110 226 139 109 124 29 12 150 38 237 70
10 37 89 86 241 232 10 161 57 56 178
13 103 25 190 54 234 186 205 162 123 165 43 177 132
11 67 35 159 191 136 91 222 72 231 63 196
14 249 112 242 137 62 49 180 141 244 221 122 102 36 66
13 235 65 155 106 135 128 230 44 104 105 184 206 130
11 213 78 74 164 248 108 168 153 236 245 27
15 185 194 45 217 9 182 149 118 212 28 116 138 187 166 193
12 113 111 19 238 94 75 202 133 26 14 60 199
13 77 15 64 218 23 99 170 179 33 220 101 59 11
11 53 87 46 68 229 181 117 183 176 154 30
12 73 6 131 246 223 71 148 95 79 172 192 20
15 147 16 120 203 32 76 115 125 171 239 169 88 207 51 121
11 214 18 175 208 143 83 140 61 152 173 156

Total makespan: 107

