20
12 89 104 232 151 203 68 25 15 143 191 178 229
8 38 237 28 125 172 111 134 9
16 200 157 243 10 121 97 50 69 70 238 146 42 49 197 222 35
14 67 224 132 142 159 22 214 154 16 76 190 130 105 30
13 131 79 34 185 119 137 181 186 233 4 189 166 110
9 64 169 61 175 92 0 221 91 101
13 17 188 249 236 21 139 120 63 40 83 19 118 180
15 124 225 150 95 240 113 193 179 88 165 60 194 13 202 162
13 11 201 182 117 66 72 56 245 7 32 1 158 227
11 8 93 36 218 155 107 199 167 149 18 133
11 244 122 85 37 59 129 239 65 116 26 247
12 148 39 84 248 187 20 164 99 192 44 215 136
15 127 152 82 246 94 53 62 14 242 138 103 100 2 228 141
11 226 87 123 55 213 41 73 171 77 115 57
14 176 128 108 98 205 140 135 156 102 234 223 212 27 206
13 96 220 6 219 47 174 177 198 29 144 106 231 170
10 78 126 235 112 207 204 173 71 168 33
15 90 48 109 74 5 31 86 54 195 217 216 58 3 160 81
13 45 209 114 211 12 51 210 184 161 75 208 153 183
12 230 43 52 23 241 24 46 145 163 80 196 147

Total makespan: 146

