15
18 244 128 178 108 53 168 98 129 119 70 74 164 90 191 73 34 198 6
12 2 206 181 5 15 87 84 4 159 30 61 37
16 186 190 152 91 210 33 49 25 169 99 248 201 104 141 221 11
14 200 46 109 3 227 1 79 22 67 71 230 231 81 249
13 77 247 116 59 82 52 161 130 211 180 58 17 29
14 95 205 72 232 89 235 94 51 114 226 97 78 143 117
21 155 229 0 171 14 179 57 225 125 234 138 246 174 43 151 7 228 76 196 62 242
17 203 121 32 238 24 142 145 241 217 139 19 146 36 41 135 112 66
15 28 240 176 13 215 54 83 224 184 194 75 245 105 102 8
21 144 103 50 16 172 236 223 154 237 162 185 134 101 166 27 182 202 189 160 69 131
18 175 115 193 123 209 222 111 243 45 47 183 64 126 92 124 192 113 195
15 167 219 88 239 65 187 120 140 208 93 177 153 156 100 188
19 220 48 60 150 197 80 21 106 44 214 23 147 149 20 173 233 38 10 132
21 137 213 118 96 122 42 127 218 207 107 148 163 9 199 85 216 86 12 158 31 68
16 39 136 133 165 35 55 212 26 18 63 157 40 110 56 170 204

Total makespan: 207

