15
18 175 24 40 44 239 228 89 189 122 82 222 0 187 80 65 107 155 55
19 77 184 59 76 206 91 92 214 87 216 115 247 179 129 199 70 1 138 248
14 51 71 42 198 177 204 81 223 61 234 152 230 62 146
14 88 217 19 200 95 114 159 67 25 191 11 84 103 156
15 193 164 211 47 74 203 78 18 38 158 215 15 249 123 2
15 201 90 236 140 43 131 108 240 242 22 94 27 111 41 56
18 105 96 235 3 226 133 31 5 72 169 190 208 174 4 161 205 145 102
19 64 73 113 221 69 127 63 35 186 66 118 130 100 163 219 139 14 53 165
22 13 232 112 183 101 119 124 32 48 137 97 26 29 181 57 166 23 241 49 20 68 8
18 98 207 9 237 150 212 154 194 54 134 218 28 245 30 196 143 86 171
20 192 79 220 209 144 148 178 6 58 176 39 83 50 85 116 109 149 167 141 37
12 229 188 197 120 99 243 170 75 168 244 151 21
15 10 117 136 233 106 34 126 224 104 195 128 147 142 153 231
14 60 180 16 46 110 12 227 36 135 121 157 52 202 132
17 172 93 225 210 213 33 246 173 162 185 238 160 125 17 7 182 45

Total makespan: 222

