20
13 36 28 92 165 59 240 140 111 139 197 210 207 104
13 218 65 232 94 246 50 1 14 170 223 191 134 158
16 185 64 239 30 70 174 138 208 102 194 183 166 71 13 175 122
11 66 109 95 186 103 46 128 91 99 51 23
8 209 188 10 167 88 217 60 52
9 82 9 107 131 78 44 168 137 151
9 31 119 164 62 227 245 214 220 53
10 56 187 3 159 49 85 24 63 35 57
14 115 228 5 75 116 211 242 40 89 163 124 154 86 125
15 121 235 203 249 224 17 216 87 146 233 161 98 129 181 179
11 206 45 212 76 136 12 38 145 132 148 18
10 77 29 142 93 153 147 34 26 155 117
14 213 199 234 221 72 160 20 97 67 15 80 58 39 184
12 149 106 25 7 229 54 127 247 79 190 83 61
12 222 156 231 33 198 244 27 123 47 0 180 84
15 182 178 110 150 171 105 189 126 141 157 114 200 96 205 196
16 172 41 108 6 177 201 195 219 100 237 55 74 162 204 90 193
13 11 241 19 22 202 226 176 112 230 4 143 225 73
12 32 238 192 37 118 81 152 113 236 215 173 69
17 8 248 42 43 48 133 135 2 16 68 144 120 169 101 21 243 130

Total makespan: 161

