15
16 196 136 189 155 2 139 141 111 186 206 10 93 114 164 50 166
14 91 248 210 96 27 9 103 207 63 137 205 3 108 188
20 14 15 57 51 1 67 199 97 65 187 193 229 151 22 127 120 46 198 237 45
19 177 11 115 214 168 106 175 37 249 242 144 34 165 49 163 77 94 29 18
20 227 240 191 208 95 62 48 195 129 159 213 138 125 225 170 149 215 31 47 83
14 230 70 21 30 99 78 60 121 185 105 167 180 200 162
14 56 39 110 201 80 183 156 154 172 107 42 126 81 74
21 179 59 233 132 72 148 73 133 82 90 68 243 178 25 202 101 169 55 153 69 184
12 247 58 222 231 131 66 211 113 75 173 26 23
15 122 13 224 145 19 8 157 171 219 52 87 92 220 117 118
20 190 228 28 100 6 241 7 16 44 0 197 20 239 71 41 217 182 181 53 146
17 246 40 84 89 216 212 235 143 204 160 232 61 54 33 135 64 140
16 203 88 32 223 218 147 76 192 85 244 238 174 35 38 194 17
17 109 112 134 245 86 124 226 102 234 116 119 221 12 209 150 152 128
15 5 123 236 79 158 4 36 43 142 98 176 104 130 24 161

Total makespan: 211

