30
6 32 12 177 71 215 190
8 182 54 183 106 114 238 36 224
9 55 102 62 120 45 86 165 17 105
9 194 247 134 150 50 20 185 98 240
9 73 205 142 126 67 77 9 85 178
6 147 191 219 248 225 227
10 21 2 232 246 87 90 113 38 209 110
9 30 69 228 222 112 3 149 127 180
7 138 139 122 220 19 229 27
9 107 93 39 53 108 121 171 226 13
7 52 34 164 169 33 160 136
8 130 132 47 131 0 99 75 206
7 168 196 216 58 80 199 70
10 155 192 94 78 159 51 163 81 202 195
9 208 249 231 95 184 198 42 116 143
8 151 92 117 140 59 157 181 65
11 6 218 43 26 212 14 193 201 230 242 176
11 35 234 186 166 223 162 7 125 74 5 237
9 137 96 109 203 123 63 25 66 221
6 79 197 8 187 233 18
8 97 217 82 210 118 16 241 133
10 41 154 245 161 44 213 100 104 57 167
8 60 88 28 243 200 72 128 174
6 129 235 29 37 145 40
9 101 24 64 148 115 152 46 239 172
10 15 153 173 244 4 48 144 179 68 211
9 1 49 124 236 10 119 141 175 22
8 11 170 204 23 76 146 158 91
6 189 156 135 61 207 89
8 83 31 214 103 188 111 56 84

Total makespan: 48

