30
5 59 155 51 76 14
11 128 207 198 98 185 172 25 197 118 176 47
10 173 237 138 133 84 209 74 177 182 80
5 123 53 232 22 90
6 7 34 222 46 220 243
9 105 102 13 79 2 30 184 132 19
11 215 221 91 163 170 15 77 96 225 49 160
10 228 114 241 149 110 169 60 10 61 24
9 166 151 247 153 179 178 180 99 66
9 117 136 57 56 246 191 122 40 196
8 217 240 157 35 189 152 195 52
9 145 43 210 168 144 0 213 203 111
6 73 175 69 54 20 190
8 167 231 85 150 218 214 39 31
8 126 104 48 146 37 187 212 116
9 42 124 41 71 248 26 36 108 192
7 193 89 200 186 38 226 1
7 64 181 6 17 32 216 81
9 78 229 115 147 239 137 12 45 143
8 174 65 3 164 127 68 233 28
9 103 162 224 131 92 230 154 70 101
11 83 148 199 94 44 165 88 97 95 130 120
6 161 236 58 249 107 55
8 8 21 11 219 188 194 158 139
5 113 62 112 18 227
11 183 208 121 135 156 109 223 234 106 142 50
8 23 63 93 204 245 205 159 33
10 86 211 16 82 67 171 5 202 29 206
9 72 141 9 129 244 242 140 27 134
9 238 235 100 75 125 87 201 119 4

Total makespan: 51

