25
10 163 104 217 126 164 30 135 134 138 218
9 18 12 42 10 19 34 189 79 213
9 183 54 181 116 92 146 65 76 236
7 207 195 184 31 94 103 56
12 161 117 46 53 96 27 122 121 211 232 93 203
10 171 200 83 57 87 148 238 132 145 158
10 237 74 202 190 239 99 23 67 41 20
9 60 159 101 194 62 7 230 172 180
7 128 16 129 185 81 32 58
11 187 91 114 219 136 55 157 153 48 199 124
10 78 174 214 69 231 234 37 52 175 168
12 142 155 88 38 115 197 227 170 166 80 8 63
12 86 221 169 14 154 66 149 97 100 182 228 24
12 133 147 222 9 68 118 108 98 162 111 36 25
8 1 43 244 208 4 201 212 140
9 205 131 130 33 59 61 160 84 141
12 215 47 127 198 95 90 89 241 192 196 226 235
10 17 225 64 102 151 5 40 204 28 188
11 240 123 216 139 233 45 206 248 193 71 152
11 223 229 249 243 245 247 144 6 106 39 70
7 176 112 11 209 109 191 51
12 156 13 77 143 110 3 44 105 0 15 224 210
11 85 179 177 167 73 113 246 220 178 165 75
12 72 35 120 49 119 107 21 186 2 125 29 173
7 242 137 22 50 82 26 150

Total makespan: 129

