25
12 64 103 118 206 200 145 176 91 163 15 13 239
11 162 203 169 111 65 160 130 27 97 17 88
11 156 51 6 186 112 76 138 152 154 244 102
11 16 221 12 116 204 157 77 217 2 124 22
9 192 218 38 5 19 100 188 191 90
13 185 73 240 183 147 220 93 232 213 120 50 214 3
12 155 67 164 132 165 34 46 94 222 41 115 243
10 66 44 61 223 69 226 72 92 101 58
10 21 84 47 106 166 196 45 43 215 109
12 10 216 114 177 78 136 228 0 236 233 198 224
11 184 237 95 129 122 39 139 131 149 35 23
9 241 249 153 158 231 83 235 99 208
7 173 172 134 117 82 52 26
11 170 4 20 150 104 119 205 194 187 247 42
10 96 98 144 9 71 161 56 79 159 179
8 211 25 141 242 40 105 55 49
7 32 195 33 60 31 110 168
7 75 146 54 11 171 207 151
8 89 142 80 123 121 108 53 59
11 175 63 85 143 227 14 178 81 199 48 128
9 210 197 219 135 212 36 1 230 137
10 37 125 180 133 246 28 193 126 140 8
11 74 7 86 248 18 70 201 245 190 107 113
9 57 87 181 238 68 229 189 29 167
11 225 62 234 202 24 148 209 30 182 127 174

Total makespan: 122

