15
12 10 82 30 19 98 151 243 124 71 33 29 172
16 134 52 194 133 28 23 47 198 117 249 95 204 210 68 182 51
14 170 22 144 137 130 83 220 113 6 179 105 145 123 209
19 108 7 17 212 227 126 96 165 159 221 85 197 152 90 163 43 14 76 104
17 94 78 141 9 196 234 120 102 66 224 241 86 34 236 174 39 101
14 238 201 239 114 38 135 62 111 205 112 42 18 67 54
20 12 48 45 99 73 125 199 128 93 246 226 164 136 27 116 240 158 235 36 69
15 5 178 195 100 2 160 44 131 187 4 200 129 87 110 192
16 138 244 211 191 153 168 119 149 184 106 55 219 89 150 218 166
13 185 132 156 228 214 142 97 232 75 32 122 65 60
20 180 49 53 176 16 237 183 222 231 21 202 140 61 25 154 0 233 161 190 24
17 118 77 167 109 208 223 92 216 56 79 173 121 81 35 1 3 127
20 26 206 189 188 225 57 139 74 213 217 50 169 115 175 215 229 46 11 148 84
18 37 207 230 63 40 13 58 20 80 171 70 162 72 177 186 242 88 181
19 31 59 143 15 146 103 147 155 193 203 245 248 247 107 41 157 8 64 91

Total makespan: 222

