30
9 211 113 117 47 199 11 7 18 220
9 128 74 210 127 114 243 52 16 83
9 77 191 33 248 232 144 15 6 48
9 240 154 37 219 192 187 1 36 233
6 63 185 87 146 150 139
11 167 237 168 194 186 5 145 43 137 205 229
8 224 207 195 217 172 21 109 10
9 177 92 246 151 25 12 158 27 184
5 193 73 115 125 238
7 8 198 221 78 55 65 94
12 81 122 49 178 225 90 164 108 148 107 171 95
9 39 112 91 61 28 175 129 2 213
8 169 31 30 147 14 235 216 101
8 88 214 226 79 231 165 241 35
10 29 123 13 188 17 136 161 45 0 222
9 59 4 202 131 40 180 134 85 204
8 34 104 76 173 20 200 32 215
8 80 176 98 230 153 244 203 162
6 223 247 121 160 97 71
7 84 245 44 227 116 156 120
9 50 249 102 149 70 56 58 133 212
10 93 66 183 41 51 105 197 130 190 106
9 3 19 72 9 124 242 53 170 143
9 218 119 181 201 24 209 64 54 62
7 38 96 60 42 182 57 174
7 82 111 22 26 166 157 155
4 159 234 68 99
12 239 140 142 23 208 75 141 110 228 132 163 103
9 86 89 46 236 179 126 67 206 135
7 196 69 138 100 152 118 189

Total makespan: 73

