30
10 126 0 54 20 129 64 25 5 83 182
6 158 86 41 168 62 198
6 30 52 194 212 160 26
6 218 234 220 151 12 171
7 119 81 153 132 149 53 36
8 67 172 78 142 219 154 112 192
7 221 223 11 222 225 125 195
7 47 230 122 19 106 177 227
10 28 152 139 55 56 199 35 211 76 107
7 94 79 169 205 96 203 248
7 164 216 236 45 95 59 46
11 37 68 21 111 148 90 174 127 60 72 13
9 102 109 121 229 178 97 155 180 104
11 75 15 190 240 128 14 141 245 32 166 161
11 69 133 63 188 163 228 65 43 71 145 113
6 31 98 7 136 117 124
10 200 244 231 202 243 24 70 237 191 1
9 208 91 114 116 137 44 162 17 197
8 215 196 42 118 16 61 101 209
11 175 130 34 73 3 181 176 183 131 100 18
7 235 233 207 10 217 246 210
7 48 87 103 134 238 85 93
8 165 89 214 226 8 50 135 224
10 110 123 9 49 167 57 157 4 185 193
7 201 147 187 92 173 27 143
9 84 74 33 138 156 99 179 189 38
5 40 247 239 186 241
10 184 242 249 82 140 213 204 51 159 150
11 58 66 6 120 232 80 144 108 77 146 88
9 39 115 22 2 170 23 29 206 105

Total makespan: 108

