15
19 60 46 18 104 207 25 228 63 204 219 23 102 9 206 210 176 129 76 217
17 74 108 107 139 1 27 26 96 122 215 35 175 32 131 188 199 150
16 196 198 22 154 190 148 47 239 65 89 16 179 114 137 243 49
16 231 158 140 105 212 54 146 229 87 244 68 202 152 125 147 6
17 134 163 39 218 21 2 120 109 101 59 4 155 110 99 119 232 3
16 51 52 80 222 123 184 249 236 112 42 70 138 195 124 205 19
14 209 48 91 185 245 240 77 100 72 160 227 169 144 189
15 13 230 149 203 246 28 241 84 90 36 226 86 172 56 193
23 178 136 10 220 156 186 85 133 38 31 0 143 64 191 73 159 151 238 242 194 192 12 157
15 98 55 106 20 208 130 167 45 53 216 15 66 33 67 50
19 213 182 180 44 164 170 5 135 17 161 111 141 34 62 211 61 162 166 117
17 97 221 115 81 24 173 116 132 126 177 168 118 197 248 171 82 201
12 30 223 7 121 174 153 113 94 128 40 237 95
20 214 57 14 247 103 71 83 69 145 233 181 37 187 41 43 58 183 93 235 234
14 200 127 29 78 92 142 75 225 8 11 224 88 79 165

Total makespan: 128

