30
10 162 239 52 3 225 103 228 229 212 66
6 88 232 96 132 62 231
8 220 117 205 208 243 9 141 188
12 176 206 50 172 180 110 194 235 200 234 84 18
8 248 70 21 187 227 0 81 241
10 30 22 95 142 53 94 105 10 49 131
6 249 51 244 154 157 198
6 13 32 106 115 134 68
8 224 1 159 65 98 164 202 156
8 192 7 213 122 125 210 93 42
8 161 124 179 177 135 214 102 123
7 166 129 137 215 163 130 178
8 56 45 72 118 113 76 17 26
8 33 167 144 38 6 216 41 112
9 230 114 55 12 169 46 91 15 173
8 27 204 40 67 85 211 150 64
9 152 78 195 217 11 2 37 31 101
7 16 182 34 175 111 120 139
7 47 107 160 97 174 109 59
10 127 222 197 73 83 104 23 191 121 153
8 189 170 146 69 75 226 219 143
8 20 136 39 151 237 71 242 181
8 43 245 54 89 29 99 86 63
12 90 186 140 126 171 44 147 203 108 209 14 92
9 148 233 246 8 199 218 207 5 4
8 74 183 196 58 36 25 138 190
8 61 247 201 87 133 158 223 28
10 155 119 116 82 149 128 100 60 221 79
9 80 48 238 185 193 77 240 184 24
7 145 35 19 57 165 236 168

Total makespan: 73

