30
8 44 78 92 225 73 145 34 54
9 32 240 52 140 227 127 58 116 126
10 28 214 180 101 61 212 152 26 93 108
8 235 185 45 86 196 234 62 209
7 246 247 80 184 135 142 182
9 122 11 193 81 202 233 107 110 189
10 132 18 222 100 119 69 154 176 158 241
8 15 14 5 171 35 215 124 88
8 166 159 168 174 133 243 46 138
6 242 139 95 94 40 98
8 137 63 170 219 105 91 82 103
8 239 208 125 211 60 22 50 131
7 77 130 113 48 177 162 79
9 123 207 41 203 102 112 120 175 1
7 226 153 155 186 74 38 83
8 136 236 24 150 2 141 221 47
9 27 30 181 118 237 37 228 157 31
9 33 67 156 0 230 178 17 218 85
9 42 55 128 84 10 146 198 200 65
7 64 57 23 172 29 7 149
8 231 160 72 9 147 117 205 106
10 190 213 121 104 16 75 8 115 195 114
13 99 187 220 36 12 19 194 97 199 224 20 56 59
7 164 134 197 87 179 173 49
9 167 238 43 90 109 68 188 4 210
9 6 244 96 245 183 111 216 169 25
7 161 21 51 143 129 201 148
5 39 76 249 151 206
8 71 53 248 144 191 204 3 217
10 229 70 232 13 223 192 163 165 89 66

Total makespan: 70

