25
10 9 59 90 120 65 175 195 17 216 79
12 101 98 78 142 3 220 244 123 83 97 35 106
8 249 34 0 160 8 184 47 102
8 166 86 131 25 234 132 38 58
10 205 209 91 194 56 82 128 191 161 229
13 18 240 125 174 135 200 116 242 187 189 94 92 206
10 87 31 71 215 217 170 23 197 60 221
12 149 6 164 222 232 176 153 150 203 230 108 77
14 7 69 39 46 143 211 171 183 45 226 85 190 212 13
11 147 247 66 51 173 100 22 208 155 11 95
9 168 188 70 28 88 84 156 241 24
10 233 181 122 140 179 119 199 48 75 111
7 29 12 74 30 19 32 151
9 49 10 76 134 121 227 50 41 124
8 54 44 57 152 193 138 113 52
13 154 129 27 80 214 68 201 5 243 4 55 231 165
11 236 1 196 33 137 180 178 81 224 15 93
8 126 67 62 207 107 202 219 89
9 148 213 167 225 141 36 72 204 248
11 96 136 110 177 104 21 192 73 139 158 26
12 146 130 105 185 186 53 109 235 114 159 228 182
7 115 14 162 210 144 169 20
9 63 2 112 99 239 163 145 245 42
10 172 198 40 43 103 64 238 223 16 246
9 37 218 118 157 237 117 127 61 133

Total makespan: 88

