25
10 192 25 188 1 146 235 127 219 239 173
11 52 145 109 231 162 49 103 178 136 40 7
11 107 11 237 64 27 244 201 87 213 205 88
12 2 16 39 74 50 13 56 19 15 247 227 160
8 211 185 20 223 128 10 191 37
9 196 17 152 34 57 70 82 102 148
10 233 193 125 119 18 59 195 6 105 108
11 154 86 113 186 179 221 240 29 90 220 207
10 84 149 164 172 224 176 76 137 134 21
11 156 101 81 226 60 141 150 89 143 138 72
13 30 31 144 203 135 133 68 65 61 28 5 225 129
10 38 94 214 209 120 26 93 249 181 155
8 55 234 53 12 117 175 245 106
9 169 44 168 104 83 194 122 174 189
9 126 182 183 222 163 97 208 54 197
10 78 63 47 217 204 159 142 48 114 228
11 95 32 238 161 140 33 139 58 241 242 123
8 121 4 8 96 165 151 232 98
11 112 80 215 171 216 199 177 157 43 190 167
11 111 62 124 243 170 23 116 85 212 200 210
9 130 24 71 180 118 184 41 45 91
9 246 115 36 100 77 202 206 75 230
10 166 3 132 22 147 92 0 153 99 51
10 158 69 73 218 66 67 9 131 187 14
9 110 229 248 35 46 42 236 79 198

Total makespan: 92

