30
8 128 206 194 243 16 213 171 199
8 109 126 33 246 120 145 154 133
7 156 58 188 184 64 236 163
8 6 56 152 79 179 9 73 103
10 229 68 30 75 74 3 148 216 238 60
6 83 20 134 212 82 123
8 160 214 23 57 202 137 239 91
7 122 174 66 218 55 233 142
11 7 113 31 180 15 17 90 144 235 8 201
9 37 186 150 211 94 40 76 78 175
8 136 52 181 88 114 209 54 121
9 92 24 99 14 200 105 21 162 228
6 42 18 226 36 220 187
8 111 231 61 221 170 50 135 140
12 173 207 19 177 22 89 245 41 204 198 190 185
10 2 28 0 47 165 107 237 224 49 176
8 62 93 98 189 115 240 112 234
8 195 85 172 96 77 215 130 44
10 247 182 32 117 63 138 158 227 164 110
10 131 46 53 241 178 51 11 48 1 69
6 80 219 147 139 65 166
8 149 102 29 161 217 129 84 248
6 153 101 151 119 196 249
9 70 132 35 12 43 155 203 25 108
8 205 4 232 169 26 146 192 222
9 168 95 86 159 197 27 87 10 81
8 71 127 210 157 97 59 38 244
9 141 67 191 125 225 45 242 183 116
8 230 193 118 223 104 13 106 5
8 100 39 124 143 72 167 34 208

Total makespan: 76

