10
23 235 53 104 60 10 163 1 186 43 170 206 92 44 155 226 204 191 6 140 123 17 103 20
29 209 153 216 31 138 9 54 62 230 178 180 202 131 165 19 171 63 197 182 2 177 137 175 218 184 14 57 152 108
24 245 217 121 154 13 118 172 237 111 167 100 96 219 39 240 211 73 98 196 34 37 47 194 130
24 82 5 68 181 127 102 76 136 248 215 242 201 65 225 12 7 107 58 192 81 64 232 193 32
25 151 231 168 16 72 80 161 164 143 29 36 144 79 95 149 135 173 11 244 84 23 83 213 46 25
23 133 200 113 67 157 71 214 122 174 41 183 93 116 145 4 28 120 185 88 220 42 0 234
23 146 59 207 50 142 249 160 115 52 94 119 210 162 33 110 27 70 221 77 40 3 38 66
28 158 246 99 22 141 97 148 35 176 203 15 91 190 89 114 159 74 112 105 227 75 241 139 45 85 51 125 223
24 233 106 134 238 147 224 101 212 205 243 30 49 69 187 195 86 179 128 117 208 78 156 188 169
27 55 18 61 129 229 109 239 198 189 222 150 124 199 26 166 56 8 236 228 126 24 132 48 21 87 247 90

Total makespan: 386

