20
14 82 56 22 57 188 87 230 170 78 6 80 224 176 83
8 143 117 154 142 147 173 51 204
14 2 248 98 201 71 95 180 61 32 241 126 46 200 35
14 149 110 192 3 64 209 155 145 182 48 146 29 179 119
13 219 0 174 217 158 69 60 4 165 90 47 223 17
16 84 181 10 62 106 229 19 189 199 24 138 221 128 163 15 184
13 247 26 214 116 68 171 156 208 231 102 31 39 109
12 207 234 28 92 220 44 89 21 103 227 134 161
18 34 124 228 137 222 152 91 107 135 129 191 164 25 96 240 203 72 30
9 190 123 168 94 185 235 53 162 111
9 127 36 8 242 76 81 93 237 238
17 211 175 42 213 50 49 108 239 187 169 136 120 178 115 186 99 206
11 131 85 12 157 212 202 121 233 194 18 63
9 183 216 65 104 9 249 150 55 38
12 100 5 45 88 114 113 148 144 172 193 86 141
14 210 37 218 167 105 11 79 225 125 77 243 140 153 13
14 196 27 118 160 7 40 101 66 159 74 246 122 139 205
11 1 132 112 151 59 75 245 97 54 232 133
13 215 236 23 52 70 195 166 177 226 14 198 73 67
9 130 41 33 20 16 244 197 43 58

Total makespan: 85

