10
22 57 14 219 248 66 101 180 46 191 222 174 98 229 40 231 13 104 95 247 53 7 126
27 74 122 137 192 227 204 234 60 63 239 11 155 114 129 89 69 187 110 20 30 169 210 199 75 151 167 15
27 245 211 213 201 28 109 26 143 91 232 193 184 138 216 123 198 52 48 35 99 166 92 34 121 224 149 207
27 65 249 119 165 154 36 47 88 145 1 128 142 136 39 45 215 23 241 244 127 87 67 83 144 0 70 176
31 4 217 76 130 200 197 190 38 37 181 131 68 27 17 173 59 41 162 93 31 157 133 243 97 77 62 103 134 178 80 135
23 153 64 152 226 12 100 159 177 33 42 206 124 172 220 186 223 108 168 240 205 214 236 208
23 150 6 113 182 79 175 21 9 8 115 19 82 212 139 49 51 125 24 132 18 148 146 10
25 188 72 189 233 242 179 160 161 140 163 61 29 158 58 44 194 203 164 117 111 55 50 221 25 118
20 237 170 102 54 16 230 235 183 156 185 73 225 94 246 202 71 238 116 3 106
25 218 141 81 86 90 147 96 171 43 56 105 228 120 196 195 112 32 5 85 209 22 84 78 107 2

Total makespan: 266

