20
11 158 234 11 9 160 20 227 187 0 134 117
15 55 144 18 96 16 65 168 61 127 28 199 19 92 46 177
13 218 42 162 204 209 17 140 48 69 39 89 167 186
9 181 178 190 108 240 60 80 176 106
12 189 6 193 4 174 113 247 59 136 150 196 212
13 37 13 23 203 15 97 35 197 128 202 217 123 194
15 214 151 249 172 84 125 226 34 114 235 56 21 246 211 143
16 122 200 98 74 79 149 224 207 10 232 148 41 170 38 129 137
10 83 91 169 53 68 88 3 110 94 163
11 245 120 43 216 109 76 75 124 22 26 112
14 78 87 156 138 95 195 85 64 206 210 115 70 242 103
12 8 244 107 32 14 52 183 166 36 86 205 90
13 25 146 239 121 192 47 111 157 100 173 236 40 72
10 12 99 229 102 220 165 164 58 77 7
10 62 215 208 104 66 145 233 27 241 119
16 81 2 142 130 118 225 131 175 213 1 132 154 31 5 82 198
12 238 54 141 243 44 73 237 135 179 105 171 33
12 116 29 45 228 133 49 188 24 219 191 230 248
11 139 180 57 155 222 67 231 201 153 159 63
15 30 126 50 147 51 152 93 223 71 101 185 184 221 161 182

Total makespan: 159

