15
11 108 147 207 134 13 151 62 160 34 238 218
19 47 148 185 126 245 67 162 132 176 156 8 193 196 43 36 163 19 161 50
15 84 100 121 130 22 131 225 144 30 7 32 21 6 44 83
20 63 75 115 82 226 246 107 216 86 48 215 40 29 89 179 170 123 232 223 56
15 212 111 0 73 109 237 182 155 61 96 204 16 141 135 146
16 104 138 59 120 103 5 149 35 220 219 217 9 183 76 129 64
15 26 239 122 228 23 174 80 205 116 78 166 3 230 195 172
18 101 189 125 137 241 49 77 177 2 105 85 58 51 221 194 106 198 1
17 11 79 169 28 60 208 52 153 180 65 110 112 39 201 72 222 53
15 24 242 57 114 209 247 154 46 186 118 206 200 188 152 74
22 15 224 124 20 91 17 128 197 70 41 71 184 133 243 45 102 171 229 81 235 66 173
18 97 140 157 244 240 127 158 94 210 139 27 119 90 93 192 190 168 233
18 203 191 92 231 248 87 167 199 142 211 187 37 164 178 42 88 236 213
19 181 33 227 95 25 249 18 143 99 150 69 98 165 4 145 202 12 55 10
12 113 14 68 214 117 136 234 54 159 31 175 38

Total makespan: 168

