20
10 44 49 96 211 138 43 90 213 102 6
12 67 29 2 107 169 28 156 41 127 27 125 236
12 238 99 159 150 148 86 114 104 13 145 24 157
13 59 182 65 95 23 50 74 144 48 3 190 161 0
12 196 149 81 100 143 160 76 170 137 126 70 51
10 193 214 112 203 177 1 227 60 188 56
14 57 201 152 66 4 194 141 122 200 115 171 18 216 129
18 174 120 176 241 235 172 52 34 12 32 25 11 5 40 68 26 134 110
14 237 113 78 232 231 87 179 33 195 243 71 46 247 165
12 210 9 82 10 225 239 123 128 202 192 226 158
13 212 162 84 97 173 208 204 85 233 30 168 73 132
16 103 219 151 92 47 154 146 166 178 189 131 116 93 136 240 246
13 222 117 106 20 198 77 142 88 69 105 22 61 234
11 124 118 206 133 7 36 45 186 98 164 175
11 21 111 217 55 139 53 31 209 180 109 108
13 130 64 101 218 39 224 119 121 249 8 14 135 91
10 63 220 221 228 199 75 242 248 229 153
13 35 244 191 207 79 223 183 181 38 205 37 80 245
11 54 147 17 167 215 62 83 184 94 72 15
12 187 140 155 42 58 19 230 163 185 16 197 89

Total makespan: 90

