30
8 213 19 181 54 234 248 107 11
8 142 139 133 162 93 40 18 16
6 73 115 20 47 74 51
9 182 106 131 7 85 233 121 116 114
7 215 64 170 229 42 130 220
9 32 30 76 135 125 86 37 171 49
11 237 175 209 190 138 173 60 189 77 13 168
7 81 144 222 58 75 56 3
10 48 17 165 78 180 207 39 99 151 124
6 224 104 12 154 204 71
10 14 194 147 159 153 161 80 169 79 219
10 218 4 178 108 5 127 216 240 191 0
9 158 27 117 146 193 217 208 111 15
9 186 196 92 25 35 235 206 84 160
10 50 98 226 9 198 57 33 230 6 202
7 197 214 241 232 66 26 100
7 53 249 167 68 211 184 199
9 70 238 10 128 94 231 65 212 157
8 43 45 172 82 102 112 149 46
8 105 223 150 123 36 132 185 129
6 166 148 44 145 200 179
11 221 28 21 2 152 174 244 38 67 34 52
8 210 61 187 225 156 88 23 62
7 137 126 55 183 119 29 195
7 140 22 95 41 203 228 83
10 97 122 201 103 239 110 176 72 120 188
7 236 141 63 113 91 136 155
8 101 242 31 247 96 69 192 164
9 59 134 245 246 89 24 205 118 8
9 143 243 177 227 90 87 163 1 109

Total makespan: 67

