15
16 153 138 232 149 112 228 39 207 178 187 172 230 102 61 226 170
17 70 244 90 19 159 144 67 212 136 36 211 101 241 106 24 248 222
17 164 247 13 2 29 225 167 130 88 146 34 16 12 151 28 202 177
17 23 196 223 99 233 231 27 110 135 81 126 89 190 227 129 3 73
19 216 116 217 184 44 22 193 147 235 98 7 175 33 8 55 213 209 128 242
13 26 84 150 64 152 94 220 240 204 168 58 238 63
17 18 182 123 50 189 145 111 93 1 46 139 0 20 60 56 35 165
17 96 113 104 186 54 218 37 31 162 199 181 79 115 195 122 137 161
17 114 41 85 62 14 163 208 215 143 221 179 120 171 6 51 155 229
17 65 198 192 133 87 49 105 154 142 68 243 174 77 200 74 134 224
14 148 117 205 78 203 157 100 59 176 103 206 237 47 132
14 127 10 180 158 75 25 183 160 53 246 9 140 124 80
22 21 131 4 5 66 214 141 71 57 245 11 48 69 188 201 17 121 15 169 166 197 40
16 107 83 234 109 249 38 45 219 30 42 43 97 191 239 185 82
17 72 86 125 92 173 76 156 108 236 118 91 32 119 95 194 210 52

Total makespan: 223

