25
10 150 70 140 163 239 208 112 23 225 131
10 96 219 206 30 221 246 129 88 109 245
10 154 84 197 2 64 4 120 166 26 39
8 146 90 10 100 128 93 11 243
12 121 14 157 69 105 89 177 171 122 188 169 85
10 36 132 76 216 49 61 103 141 19 231
9 91 196 173 77 237 207 15 155 135
11 248 242 182 191 29 97 52 1 111 152 21
8 162 63 18 195 138 24 0 164
11 78 133 158 241 59 113 143 144 202 58 190
11 67 218 172 187 213 25 41 87 234 136 81
9 215 148 57 176 203 118 211 161 130
7 214 147 204 98 27 125 31
12 20 127 3 82 115 117 151 134 126 153 167 205
10 230 32 17 79 247 238 53 101 145 46
12 42 55 68 240 222 181 104 47 228 223 8 43
7 38 33 194 123 233 13 179
9 44 5 95 156 114 62 65 99 119
12 48 83 37 51 142 189 226 106 16 220 178 229
11 249 175 212 66 209 22 232 28 116 200 199
13 210 7 139 217 198 108 110 94 149 74 244 201 92
7 180 165 35 50 34 227 72
10 12 9 170 6 184 186 102 137 193 75
12 86 40 235 80 160 56 107 236 183 159 185 54
9 124 174 192 224 168 71 45 73 60

Total makespan: 60

