20
13 124 54 86 212 119 95 34 238 120 78 207 135 237
12 32 146 140 202 89 57 143 75 50 4 226 195
12 217 152 165 133 200 127 166 18 69 16 5 242
14 213 214 243 203 210 181 171 188 151 150 11 46 194 130
12 175 204 115 199 211 157 121 155 107 13 0 109
14 236 98 104 142 74 164 94 139 117 134 96 249 76 91
14 128 232 168 137 48 79 113 40 191 167 2 187 67 52
15 15 10 85 173 70 209 29 92 162 72 82 97 114 208 245
12 81 144 101 60 61 201 149 39 169 99 100 17
10 138 37 122 129 53 240 244 233 136 241
11 41 126 44 1 222 205 153 197 247 147 58
12 223 12 159 22 172 230 196 158 231 36 77 7
11 112 24 63 71 189 160 26 108 235 102 176
12 93 106 3 56 170 123 132 145 90 218 154 141
18 20 180 225 47 68 182 234 220 116 55 183 131 35 43 185 84 14 49
7 178 28 87 6 239 45 25
10 65 83 31 103 161 229 246 118 193 9
13 88 73 190 163 221 64 156 38 21 177 248 174 19
15 105 179 27 186 192 59 80 227 8 198 184 228 66 148 215
13 110 125 224 219 30 111 33 62 23 51 42 206 216

Total makespan: 168

