30
5 51 14 185 76 193
11 198 98 197 118 47 63 128 207 176 172 145
9 182 80 74 177 183 237 138 133 99
7 22 90 225 53 192 123 143
6 243 146 1 25 34 7
11 132 102 13 190 226 79 2 30 231 16 19
9 49 15 77 96 170 67 215 91 163
8 10 64 29 241 149 110 60 111
10 178 196 180 151 247 153 179 108 66 120
8 214 73 56 154 191 117 122 40
8 217 240 157 35 189 152 195 52
10 43 210 213 26 46 168 59 144 0 230
5 208 20 175 69 166
12 85 218 37 150 54 174 109 39 31 167 158 224
8 155 173 104 48 83 228 160 169
10 84 57 41 71 248 42 246 124 36 114
5 186 38 62 89 200
8 86 82 216 112 181 6 17 32
8 105 78 229 115 239 147 12 45
6 68 223 164 3 65 28
10 103 156 162 159 212 92 203 101 205 139
12 136 148 165 88 97 95 130 58 199 94 61 131
6 249 221 116 236 107 55
8 121 219 188 194 21 8 44 11
9 127 100 187 113 184 209 18 227 134
8 135 106 142 50 234 23 24 222
8 204 81 245 171 93 206 33 233
6 70 137 126 5 202 232
10 244 220 211 9 129 72 141 27 242 140
9 75 125 87 201 119 4 161 238 235

Total makespan: 50

