20
11 223 170 130 228 56 196 29 227 137 132 191
12 9 122 35 18 113 76 203 218 31 199 86 200
17 50 164 69 97 124 138 202 190 60 245 99 119 192 64 52 179 167
14 213 183 135 136 249 181 163 89 71 193 129 208 111 114
12 222 140 22 79 51 87 159 215 42 107 147 105
10 209 133 23 26 162 28 232 78 145 184
14 46 21 125 131 62 194 180 173 12 246 39 174 201 205
14 34 37 33 211 13 177 126 59 118 83 188 207 212 234
9 224 248 41 242 154 214 186 77 48
10 103 230 220 206 123 243 100 15 72 101
14 106 146 166 216 8 144 4 168 16 108 157 67 229 115
13 247 40 85 187 75 102 143 17 175 55 161 74 172
13 169 61 24 54 165 178 152 233 0 120 116 226 219
9 204 237 49 44 20 98 1 225 153
11 45 149 88 210 150 81 231 142 11 121 221
9 14 68 238 195 117 91 239 65 94
16 156 84 158 160 5 90 244 58 3 128 2 19 241 92 198 57
13 197 112 109 141 217 66 236 240 25 104 127 30 171
12 73 148 155 32 47 82 93 139 176 36 182 95
17 80 70 7 189 134 110 63 151 235 53 6 27 43 96 185 10 38

Total makespan: 151

