30
7 194 165 178 27 153 111 202
8 244 227 181 208 135 180 224 51
6 55 199 139 43 119 173
8 114 185 245 1 122 121 69 186
8 239 42 87 249 113 171 132 10
6 213 71 236 140 95 150
9 117 154 85 152 192 78 18 101 136
10 128 109 60 210 20 126 89 3 203 195
4 25 108 103 232
9 237 137 52 4 44 88 229 67 8
9 189 141 179 35 159 21 219 64 72
8 47 164 221 217 0 228 65 205
9 92 176 129 225 238 248 149 166 19
8 212 36 12 131 23 14 115 81
8 125 116 59 100 200 230 214 146
11 220 167 97 124 56 74 240 187 94 22 151
8 133 63 193 2 158 37 31 148
9 142 68 226 174 196 84 207 17 234
9 105 118 61 96 32 198 104 38 66
11 28 34 16 15 191 161 183 209 58 130 83
9 190 24 75 7 29 156 70 247 218
8 120 50 79 211 145 162 163 177
10 11 157 5 77 98 41 168 204 90 6
10 107 13 54 112 134 123 222 46 49 80
7 170 197 99 93 169 216 188
10 53 235 76 144 48 223 102 182 147 143
10 160 246 242 33 155 175 110 106 201 91
8 215 127 30 86 233 172 26 243
6 241 57 82 184 206 73
7 39 62 138 45 9 231 40

Total makespan: 48

