10
22 227 153 210 51 162 17 50 201 110 49 229 75 69 14 234 112 55 218 231 78 29 47
27 91 106 224 118 70 221 21 88 23 191 194 166 93 42 0 12 140 232 240 111 219 183 92 107 3 109 136
22 216 66 188 158 189 196 24 195 20 212 104 39 159 46 2 31 246 178 174 119 33 10
26 83 168 177 11 67 100 187 242 97 19 150 176 40 156 207 79 113 84 180 134 179 209 143 120 208 71
28 89 44 128 53 8 131 200 239 132 54 129 155 108 85 157 147 248 164 222 86 204 64 114 58 7 43 16 217
24 68 22 38 45 133 206 151 87 235 142 198 185 6 226 146 165 230 52 95 167 117 122 80 205
22 59 199 220 9 172 28 130 127 30 72 197 182 213 139 160 26 25 4 149 105 215 170
25 116 141 13 175 94 124 152 102 145 76 163 34 57 41 171 241 148 96 228 137 214 233 56 236 115
27 5 82 223 103 211 193 37 73 190 63 77 192 238 15 154 161 74 36 101 18 243 244 249 135 61 81 203
27 138 173 60 99 27 65 247 62 90 245 186 169 121 126 98 48 225 144 35 125 184 181 1 202 237 123 32

Total makespan: 287

