20
13 130 169 117 17 194 46 151 148 207 0 158 185 230
11 142 221 173 124 160 228 18 206 163 93 4
14 54 219 86 122 125 211 25 201 41 120 189 226 62 61
15 23 2 137 240 55 216 162 88 172 37 33 165 51 129 203
10 83 234 8 89 168 140 176 128 153 114
12 110 213 170 27 246 42 28 103 39 248 242 204
14 174 184 50 94 199 44 187 65 139 1 77 247 190 116
14 198 9 167 16 87 141 202 63 127 183 45 238 19 21
10 49 99 106 36 30 12 81 235 112 73
12 131 210 98 102 236 147 182 227 113 82 58 11
14 156 212 7 217 133 38 215 181 146 209 179 134 224 75
13 191 115 237 15 118 22 159 69 175 208 188 229 59
11 108 152 85 111 96 48 20 74 200 57 107
15 195 29 126 84 214 79 104 144 24 14 143 92 149 157 5
11 121 101 67 243 161 233 138 136 3 154 31
12 71 225 109 76 171 177 193 223 6 186 80 105
12 52 135 192 220 66 249 90 132 166 64 91 222
13 68 218 164 178 43 100 231 145 197 56 78 60 244
11 53 232 196 26 47 123 97 32 150 95 13
13 70 245 119 10 155 72 241 205 34 40 239 180 35

Total makespan: 166

