10
21 236 233 227 190 196 182 136 165 128 232 13 33 111 36 119 9 162 133 235 0 25
26 159 75 72 167 101 199 200 97 63 225 12 92 53 16 169 206 213 41 62 170 141 183 31 223 231 218
25 198 131 19 26 221 102 208 67 249 175 47 103 80 109 211 152 22 115 107 52 161 42 202 230 204
26 112 74 58 93 241 123 23 157 49 240 163 34 59 5 248 37 229 46 61 178 149 179 28 98 89 73
25 151 10 168 117 90 180 176 134 48 132 15 29 137 40 171 188 138 173 110 244 79 226 193 70 4
25 158 100 146 224 237 215 242 192 222 11 17 83 21 214 122 216 32 207 3 125 71 54 88 245 39
24 18 44 95 65 140 217 143 164 166 156 82 154 64 56 1 234 142 76 197 160 27 127 243 155
24 38 189 106 91 68 8 177 94 148 147 195 135 247 104 172 209 120 228 239 124 186 212 51 126
25 210 174 84 187 69 24 184 246 43 55 105 35 153 81 2 185 113 238 191 114 116 6 86 60 181
29 57 87 50 145 108 201 205 130 129 66 7 121 78 14 85 20 144 220 219 150 139 194 99 96 30 45 77 203 118

Total makespan: 369

