20
11 57 158 188 80 22 78 176 81 82 56 170
6 173 51 117 154 130 142
14 179 35 248 200 2 110 98 201 241 6 71 95 180 61
13 64 209 155 48 146 29 27 192 3 149 145 182 103
15 219 47 26 90 165 144 223 32 17 164 69 60 4 0 174
16 106 229 19 221 128 163 181 184 189 62 159 147 10 238 191 199
12 39 109 231 218 102 31 247 208 214 116 68 171
12 227 134 161 235 207 28 92 220 44 89 21 168
16 34 124 228 107 135 129 230 137 25 96 240 203 46 150 72 30
9 53 94 185 63 84 190 123 111 162
9 93 121 127 36 136 38 8 242 76
17 152 239 187 120 167 42 213 50 49 169 119 211 175 178 115 99 206
10 233 194 204 131 12 157 202 212 85 18
9 55 183 217 216 65 104 9 249 234
12 5 45 172 193 88 113 83 126 86 141 114 186
15 210 243 140 108 37 153 13 54 225 125 105 11 79 77 148
15 24 66 40 101 7 160 224 139 205 74 138 118 196 246 122
13 232 1 132 112 151 59 87 133 237 245 97 75 15
13 23 52 198 143 215 236 195 166 177 226 14 73 67
13 16 70 41 33 20 222 156 91 244 197 43 58 100

Total makespan: 85

