25
12 149 231 248 35 6 26 63 186 98 249 120 32
12 191 36 58 171 188 165 66 12 21 162 74 240
7 210 111 159 16 121 211 178
10 201 151 197 220 100 200 239 55 135 152
11 195 122 153 76 93 0 138 213 172 136 247
10 89 48 96 117 81 238 79 130 150 101
8 198 207 184 54 241 167 2 128
12 202 246 224 131 155 18 125 22 237 1 28 233
10 116 215 194 62 109 102 83 47 228 227
12 212 137 206 14 13 84 139 4 181 80 180 90
11 43 154 168 132 145 214 104 226 24 242 34
11 51 15 91 110 142 41 187 33 140 73 199
11 113 222 5 146 196 49 42 205 225 133 52
9 71 234 229 86 185 217 157 193 156
12 85 57 179 19 23 88 95 243 99 53 45 166
8 10 44 56 176 134 203 183 78
6 65 160 72 190 170 39
10 164 94 124 127 69 173 219 64 148 92
9 59 3 46 11 115 112 77 209 208
7 114 20 177 67 38 204 236
13 60 103 143 29 108 144 31 141 244 216 9 161 218
10 221 40 175 118 25 97 192 27 7 107
11 147 105 163 126 106 68 235 174 230 245 189
8 8 119 37 50 123 182 75 87
10 158 70 82 223 129 17 61 30 232 169

Total makespan: 95

