25
12 238 127 219 239 173 235 198 153 206 100 25 188
10 136 40 7 137 231 49 103 178 15 66
8 27 244 201 87 48 10 107 109
12 197 247 227 160 21 16 39 74 50 13 56 19
7 182 144 14 211 185 191 37
10 180 131 82 196 186 57 70 17 143 162
11 18 195 115 205 233 120 119 156 193 125 6
12 240 29 90 220 207 145 154 141 71 1 86 113
11 135 221 164 172 224 176 43 208 134 84 149
8 101 81 85 142 46 12 150 89
11 28 5 152 133 234 35 225 129 121 146 72
8 230 155 22 38 68 148 102 26
11 175 181 117 248 245 53 11 55 8 88 237
9 169 83 194 168 52 31 138 179 33
7 126 4 157 2 54 183 222
10 78 63 47 228 192 159 204 203 217 97
10 242 218 123 92 96 161 241 95 32 140
7 51 98 44 20 151 249 76
14 108 171 93 34 232 112 80 215 67 216 199 177 190 167
12 226 210 9 59 170 23 116 212 200 124 184 62
11 41 130 24 189 30 45 91 163 118 122 60
8 94 75 77 114 174 246 223 111
11 166 3 132 147 58 213 0 165 187 128 99
11 243 105 64 36 61 158 69 73 104 214 106
9 139 110 229 209 42 236 79 202 65

Total makespan: 91

