30
9 152 225 224 233 0 143 159 71 179
10 50 146 9 116 53 22 239 216 75 244
8 138 25 37 199 114 41 110 107
6 77 92 161 23 196 153
10 142 35 132 111 155 178 94 230 209 30
13 166 193 139 245 232 129 63 167 48 157 242 150 135
12 205 218 203 126 78 226 109 160 26 8 248 115
5 134 182 10 103 177
8 200 125 204 34 59 72 173 6
10 124 55 14 49 47 237 1 28 227 175
8 217 165 97 212 38 20 57 11
5 83 247 147 99 74
8 7 162 149 4 67 84 45 131
8 101 231 187 121 170 46 145 158
9 70 17 133 249 85 89 54 68 137
6 56 241 106 82 140 191
7 5 197 21 12 176 52 58
10 79 3 31 220 171 240 64 214 164 16
9 43 221 127 128 229 210 206 73 130
7 195 29 172 136 61 186 39
9 163 219 169 32 190 2 65 202 120
9 51 208 223 151 122 69 95 235 15
11 27 228 189 98 207 215 234 18 24 211 243
7 168 185 113 36 60 76 183
8 180 154 201 105 141 188 104 156
7 117 90 96 119 192 112 62
7 198 19 80 102 91 100 144
7 86 87 238 174 246 184 33
11 108 222 181 42 118 93 148 44 194 236 88
6 123 66 13 213 81 40

Total makespan: 93

