15
19 136 204 5 21 84 81 176 221 55 43 180 24 52 215 156 90 135 29 140
14 122 200 109 246 101 225 174 75 223 183 196 175 17 80
16 6 245 184 229 111 93 117 3 27 205 26 230 14 67 36 167
18 56 48 160 85 46 110 92 151 186 181 171 105 238 95 35 146 8 98
19 144 91 152 162 39 94 114 123 131 106 118 190 243 57 141 237 40 178 159
13 177 45 11 30 134 207 208 191 74 72 240 103 173
18 188 153 83 128 198 185 137 19 115 222 216 139 2 231 172 63 0 22
16 236 211 148 34 107 130 244 212 65 9 147 13 227 7 12 235
16 209 54 15 89 166 165 116 53 149 62 124 113 47 64 157 69
14 210 78 1 73 28 170 10 61 4 194 31 232 233 51
16 247 248 138 193 82 179 70 102 20 86 96 226 202 25 150 214
20 33 68 143 155 241 125 132 60 16 234 189 220 76 218 112 42 50 38 242 58
18 59 79 104 18 168 169 32 142 121 219 192 199 126 163 49 206 23 129
19 203 108 77 71 100 228 158 97 239 182 87 37 66 161 120 154 164 88 195
14 99 213 145 224 217 187 41 201 44 119 127 197 249 133

Total makespan: 137

