10
24 12 235 230 191 6 140 163 1 186 170 204 165 10 238 206 92 53 104 60 95 20 246 17 103
30 243 171 90 31 138 177 213 137 175 218 184 93 57 131 152 54 62 25 221 197 182 2 63 9 178 106 180 202 107 14
26 130 145 245 217 121 154 37 47 211 73 196 34 98 248 167 100 96 219 39 240 199 13 118 172 237 111
22 192 7 127 102 76 242 201 194 19 209 150 123 5 68 181 64 215 225 101 232 193 32
24 108 11 244 27 151 29 44 46 26 227 173 168 135 36 216 144 143 16 72 80 161 164 84 23
23 226 28 120 4 116 231 79 174 41 88 220 42 0 234 133 200 113 157 71 214 122 67 183
22 52 94 81 155 112 146 59 207 50 33 77 160 115 119 210 162 110 58 40 3 38 66
29 82 75 185 158 136 249 241 35 176 203 128 15 91 190 99 139 45 159 55 22 141 223 97 105 83 125 148 85 51
24 147 224 69 187 195 86 169 156 188 134 74 233 212 205 142 78 30 49 70 117 208 89 114 43
26 239 198 189 65 124 18 61 129 229 109 222 166 56 8 236 228 126 48 21 87 247 149 24 132 179 153

Total makespan: 386

