15
19 226 21 142 133 147 206 132 139 164 76 23 11 81 104 43 116 115 168 27
15 247 249 179 234 61 60 221 162 80 196 158 201 14 103 195
17 32 214 237 16 42 240 205 106 25 33 145 137 86 84 51 239 241
16 98 108 186 207 72 182 114 172 242 243 169 69 235 212 124 3
14 66 77 220 5 22 190 9 170 0 101 30 20 52 120
19 71 215 111 13 150 248 38 83 167 128 64 63 232 216 40 95 244 223 230
21 130 125 193 245 1 121 160 55 227 211 99 85 18 208 152 218 109 102 198 93 39
13 7 34 233 79 157 192 155 37 229 129 184 178 183
15 144 165 87 119 199 185 146 236 131 49 29 171 122 92 173
16 57 187 12 143 110 238 166 65 96 191 17 28 231 105 134 175
18 91 213 204 210 53 90 148 70 54 154 202 140 56 97 153 73 74 180
13 46 189 35 217 6 4 194 163 10 58 200 225 174
17 161 118 197 59 68 47 94 127 181 50 8 126 156 113 151 117 138
20 89 62 48 100 26 136 188 88 141 246 209 222 159 224 112 44 75 123 203 45
17 36 24 82 149 78 31 177 176 41 67 135 228 19 219 2 15 107

Total makespan: 147

