10
26 80 192 205 17 117 28 20 123 58 128 10 232 18 35 111 90 0 19 217 66 186 248 239 210 102 221
20 216 74 34 16 124 204 129 59 68 116 115 224 9 213 165 51 95 220 32 81
28 230 54 198 25 120 141 203 153 50 71 245 174 100 215 3 86 41 106 60 157 173 15 126 175 125 238 163 167
20 108 150 179 99 72 88 101 189 249 187 190 91 219 155 97 22 11 73 214 64
30 21 56 47 78 242 113 5 177 223 207 247 172 152 112 87 39 63 218 235 109 184 142 62 209 212 40 176 169 46 89
24 30 44 23 52 27 48 233 168 246 119 145 178 31 140 38 158 226 12 45 69 154 193 170 149
23 53 200 77 104 84 7 196 180 65 42 138 36 103 107 227 164 146 148 234 94 243 122 231
24 137 55 208 244 171 143 82 228 194 202 133 130 13 93 156 114 85 6 225 236 121 1 61 26
30 159 161 134 127 185 67 110 237 33 136 14 79 98 222 132 241 29 197 105 144 199 75 188 135 195 24 139 229 151 49
25 4 57 191 211 8 162 43 70 131 182 181 183 83 92 118 2 201 240 96 166 147 206 76 37 160

Total makespan: 364

