25
8 136 175 130 83 248 171 204 215
10 247 59 151 67 96 222 166 243 36 102
10 234 233 26 54 142 73 249 77 170 240
10 226 98 21 134 28 237 207 161 69 68
10 138 145 219 227 213 150 79 50 91 19
9 15 38 20 216 107 6 236 180 203
13 104 81 159 108 168 196 85 45 238 52 173 169 214
10 157 39 99 158 135 123 0 61 106 84
11 235 18 111 189 86 181 7 11 193 90 25
10 75 129 55 97 13 218 3 64 164 246
12 29 121 184 114 239 144 71 133 143 201 155 10
7 241 160 228 210 1 186 174
9 4 211 188 229 199 113 72 124 232
12 185 74 119 44 137 17 27 131 231 33 192 212
9 80 100 65 176 162 220 187 58 167
9 24 148 101 30 14 92 195 46 147
6 153 116 88 206 31 225
12 127 62 70 146 117 140 89 217 202 221 163 156
10 47 223 2 178 197 125 208 43 177 53
6 78 57 41 103 93 82
13 126 32 165 128 34 60 95 22 12 5 110 200 9
9 40 190 183 87 154 152 139 209 94
14 66 76 23 112 8 42 56 118 120 63 48 230 205 51
12 182 132 242 191 149 105 198 115 224 35 16 109
9 37 179 194 172 141 244 245 122 49

Total makespan: 57

