10
20 153 210 137 162 17 50 201 110 229 75 49 231 112 55 218 51 78 14 234 47
27 91 106 128 70 221 123 23 107 3 109 136 140 232 21 88 194 166 93 42 0 12 29 224 118 111 219 183
22 216 66 188 212 195 20 104 178 174 158 46 2 150 189 196 39 159 31 246 119 33 10
26 193 207 79 113 84 180 134 7 71 40 176 67 100 187 242 222 209 143 120 208 179 156 97 19 83 168
26 157 217 164 60 58 114 147 248 211 53 8 239 132 131 86 204 108 85 43 54 129 155 89 44 64 144
26 52 87 235 142 198 185 95 68 22 38 45 133 249 226 146 200 230 165 24 206 151 167 117 122 80 205
24 59 199 220 9 172 28 130 4 149 105 215 25 6 170 92 139 160 26 240 30 72 197 182 213
27 116 34 141 152 102 145 76 236 163 175 94 227 177 171 124 214 115 56 57 41 11 241 148 96 228 13 233
26 5 190 63 77 192 238 15 154 191 74 37 73 103 135 61 81 36 101 18 243 244 82 223 161 203 16
26 27 181 1 202 138 173 69 65 247 62 90 245 186 169 121 126 35 125 184 127 98 48 225 99 32 237

Total makespan: 288

