10
14 4 119 89 8 135 29 107 95 63 114 50 59 82 102
17 99 61 116 34 128 101 37 108 62 21 126 3 77 66 69 30 78
16 23 85 16 45 18 64 132 54 20 76 88 26 1 134 86 104
16 12 131 13 84 120 7 93 105 142 121 48 75 110 52 146 130
14 67 123 9 42 148 17 127 51 65 73 136 32 44 145
14 22 113 83 25 141 115 112 138 97 14 15 90 91 68
12 47 137 10 33 6 74 5 27 0 125 43 143
15 72 38 41 53 144 117 19 98 71 118 46 109 60 140 149
15 100 147 103 28 106 2 79 57 94 35 11 56 80 122 133
17 96 39 129 31 36 92 55 49 70 111 124 40 24 81 139 58 87

Total makespan: 236

