20
8 28 140 124 5 126 92 120 69
9 35 93 147 32 24 100 66 145 10
8 25 27 36 57 86 40 54 14
6 64 29 74 37 105 2
5 9 73 138 51 12
9 26 13 101 139 11 111 46 20 76
7 38 1 116 87 122 62 130
7 84 33 117 75 141 34 114
9 113 47 128 81 99 85 65 63 60
7 109 67 142 8 123 56 94
9 134 149 118 119 39 144 50 49 72
5 115 82 83 146 59
10 107 68 103 79 80 91 108 30 45 4
6 3 61 71 96 44 88
8 121 17 137 15 22 132 70 77
10 110 125 53 19 43 31 133 7 112 95
7 97 89 102 136 52 23 48
8 42 127 104 41 148 131 18 21
5 106 98 78 55 129
7 6 143 90 0 58 135 16

Total makespan: 83

