30
5 10 48 67 12 76
5 120 63 7 46 16
7 88 92 13 132 110 96 91
7 17 89 51 62 105 9 70
3 102 148 5
5 77 68 104 27 61
5 23 94 26 84 58
5 90 28 138 71 39
4 74 0 80 135
7 34 21 82 72 40 44 57
6 75 73 100 136 93 8
7 146 3 127 144 121 118 128
5 41 33 65 35 20
3 131 66 25
3 97 78 31
6 124 141 123 114 103 22
6 140 18 101 109 60 14
5 53 87 59 2 83
6 122 134 149 32 36 111
3 129 64 142
3 52 19 139
7 113 108 38 133 1 29 11
6 116 69 119 15 6 30
5 49 126 45 99 145
4 106 86 4 79
5 24 50 143 112 42
5 55 47 115 37 54
4 125 95 43 130
4 107 85 81 117
4 98 137 147 56

Total makespan: 72

