20
8 118 8 12 85 140 42 71 29
9 92 124 107 49 27 145 109 111 105
9 83 95 149 75 54 86 113 102 104
6 47 80 38 133 76 16
5 30 81 96 100 33
8 88 144 115 21 11 4 70 77
7 103 128 138 35 84 44 60
9 31 97 79 129 69 18 59 67 114
8 32 55 90 58 63 13 99 110
8 14 28 127 52 94 22 0 37
7 10 19 64 135 106 93 112
4 9 119 7 65
7 24 116 57 130 39 6 143
6 147 125 17 15 61 1
12 132 122 91 26 50 43 36 137 62 120 139 68
7 74 148 73 126 142 41 40
7 121 46 48 25 72 87 3
7 78 98 51 66 146 23 123
9 56 34 89 5 45 117 136 131 20
7 141 101 134 108 2 53 82

Total makespan: 79

