10
13 109 39 36 40 45 15 34 63 14 83 142 91 72
16 44 149 97 107 113 148 30 71 2 79 66 90 38 49 86 46
13 11 137 73 29 37 123 98 32 81 101 13 103 21
19 115 58 26 135 119 145 88 89 121 23 67 51 54 17 3 57 105 129 116
14 122 134 20 56 108 41 99 124 133 16 61 92 48 84
16 7 143 18 59 6 19 95 5 102 111 118 50 64 110 22 147
13 128 25 106 52 10 76 33 27 53 8 69 68 77
18 117 131 9 126 87 132 55 141 60 93 140 12 75 0 31 139 100 43
11 146 35 144 127 85 28 138 65 78 125 62
17 120 74 130 136 104 4 24 114 94 112 80 1 42 82 47 96 70

Total makespan: 186

