15
9 90 123 70 147 6 24 0 131 27
13 19 13 126 63 140 7 76 111 120 37 143 115 26
7 66 96 103 23 148 30 57
7 80 58 149 39 64 69 85
13 5 17 100 88 40 114 34 9 146 109 82 95 72
10 113 84 11 52 16 145 74 112 12 33
10 105 127 98 60 20 8 56 32 135 89
7 3 91 137 134 35 46 21
9 31 97 77 67 107 92 130 47 59
12 22 68 50 49 101 71 4 43 108 2 125 139
10 142 73 138 144 53 18 36 141 119 81
11 15 51 78 25 45 87 28 54 94 104 99
9 117 118 121 116 86 55 65 61 10
10 1 124 48 62 102 110 93 14 133 41
13 122 136 132 44 83 129 79 38 29 106 128 75 42

Total makespan: 124

