15
10 54 27 97 141 55 29 131 53 107 7
10 80 71 89 78 18 83 48 21 84 43
9 8 93 5 35 4 0 36 31 39
9 121 69 20 65 44 24 140 126 119
10 125 19 115 148 85 123 9 129 16 64
9 100 137 77 91 92 102 109 74 122
11 95 56 70 111 90 45 132 73 76 75 58
11 3 46 110 32 11 63 17 103 59 104 2
9 50 79 49 139 82 67 23 133 146
12 114 86 106 124 87 117 26 41 101 118 99 51
11 66 47 38 147 116 134 6 112 15 88 113
13 28 42 68 143 81 62 145 33 120 37 135 61 149
8 1 72 14 127 142 57 108 12
10 130 128 105 30 136 94 144 138 13 34
8 60 98 40 22 96 52 25 10

Total makespan: 168

