15
12 28 108 55 122 77 76 12 78 11 142 2 123
9 13 42 127 40 73 133 26 93 37
13 94 45 138 61 63 30 52 131 23 119 97 98 57
9 41 60 141 64 121 99 44 69 65
10 147 126 18 31 4 134 33 120 71 25
7 100 129 95 91 145 51 6
9 116 148 34 92 10 48 15 58 14
9 47 20 113 114 88 139 0 66 109
11 101 124 9 39 53 38 50 118 85 110 17
10 24 102 35 36 79 1 54 16 144 140
11 111 81 43 62 3 130 146 84 86 67 112
8 68 56 125 136 75 143 74 103
12 89 96 135 32 46 104 80 105 82 87 106 83
10 21 22 70 59 115 29 72 128 107 19
10 90 7 8 5 49 132 27 137 149 117

Total makespan: 156

