20
8 70 51 87 100 134 9 83 139
8 78 130 54 112 42 116 62 108
8 114 95 15 57 32 43 26 2
9 44 90 127 46 146 107 38 113 76
6 122 94 27 99 47 5
8 120 59 102 35 41 131 1 123
9 84 82 56 49 75 86 106 4 147
8 97 19 121 16 37 6 142 93
9 138 8 64 89 0 63 67 132 61
9 129 104 23 92 81 101 149 118 77
7 36 66 117 50 74 72 80
9 58 29 73 13 69 110 126 124 31
7 53 48 30 119 25 111 12
5 88 14 79 24 140
8 39 103 85 141 17 148 144 40
5 109 28 105 96 11
7 22 45 21 20 34 137 125
6 128 145 91 55 71 60
7 68 10 115 18 136 7 98
7 143 52 135 33 133 3 65

Total makespan: 82

