10
16 82 101 142 43 10 61 119 9 146 26 30 34 64 117 63 110
13 42 38 99 138 115 72 24 33 57 46 35 125 106
17 13 129 137 124 132 73 27 48 111 84 11 15 86 121 7 140 107
14 21 141 104 12 39 8 32 49 108 133 20 70 14 105
16 68 71 147 47 44 74 55 148 54 79 144 77 53 91 126 89
14 69 145 87 139 93 23 51 60 6 135 118 22 78 41
13 66 136 128 100 45 85 92 62 5 17 40 130 67
15 31 29 88 65 97 109 4 83 58 75 143 120 80 112 52
16 131 36 114 116 81 59 1 134 96 16 113 103 76 50 95 37
16 18 25 127 28 2 3 56 0 90 123 122 98 19 149 102 94

Total makespan: 167

