20
6 64 63 42 122 101 134
7 59 94 108 131 9 65 125
7 72 60 52 68 32 26 46
6 129 40 0 82 24 102
7 98 78 146 121 34 105 89
8 120 10 20 80 145 83 112 85
7 135 104 43 36 92 99 97
8 21 140 70 66 149 124 81 7
7 49 58 106 130 77 33 38
8 79 111 5 47 2 71 147 11
8 67 128 84 74 136 93 113 87
8 14 123 31 1 6 54 95 3
8 41 133 45 61 44 13 91 103
8 51 19 15 69 48 4 127 86
8 16 17 96 73 110 138 53 139
10 107 55 100 27 116 30 126 76 142 62
5 141 88 144 109 8
7 56 148 25 137 35 39 18
8 114 57 29 115 75 118 90 12
9 143 28 22 23 117 50 132 37 119

Total makespan: 101

