10
15 68 91 88 122 1 8 53 97 87 101 139 44 134 39 28
16 149 100 96 92 11 77 75 5 32 21 144 13 16 145 83 84
15 98 62 60 79 23 19 111 51 3 0 15 26 24 31 48
18 27 109 25 123 14 85 56 116 61 34 121 137 136 72 58 76 65 147
13 81 30 86 35 93 129 126 67 66 125 9 4 106
18 138 52 146 41 29 127 78 73 117 59 64 82 43 47 50 55 113 128
17 69 74 118 110 10 95 107 99 6 120 46 20 89 38 141 108 7
14 70 57 135 102 133 90 54 142 22 131 71 114 80 33
12 36 115 112 45 103 63 94 119 130 40 143 12
12 17 37 124 104 105 132 2 148 18 49 42 140

Total makespan: 186

