10
12 127 0 23 72 26 139 30 31 149 136 131 1
17 120 11 147 141 60 98 88 138 68 126 114 75 12 10 116 17 133
14 36 78 54 97 59 22 71 47 57 74 103 76 128 44
20 95 117 50 107 79 58 19 145 90 130 2 15 63 56 66 111 3 39 143 45
14 9 61 115 85 52 38 67 35 119 27 32 125 65 106
22 69 55 101 122 137 16 102 96 49 104 91 108 28 40 121 112 25 89 94 99 148 51
13 73 14 109 100 144 123 13 135 64 87 124 146 18
11 34 21 43 29 134 105 33 92 37 70 86
14 132 62 113 53 20 93 4 82 84 41 6 8 48 7
13 80 142 81 24 118 83 5 140 110 46 77 42 129

Total makespan: 228

