15
9 85 60 69 115 42 15 1 96 119
9 92 99 118 22 49 57 28 40 114
14 101 36 67 117 0 37 83 14 41 54 110 62 2 50
9 29 124 79 38 108 32 33 31 39
10 95 17 87 138 127 107 97 52 75 44
13 65 56 8 140 30 10 34 47 11 123 27 80 48
9 134 98 147 77 136 141 63 3 142
12 143 81 106 90 74 70 104 13 9 102 100 94
8 111 66 6 45 139 25 59 137
10 113 126 55 84 16 86 20 149 146 120
10 93 26 43 7 21 129 12 125 132 135
9 19 88 58 105 148 128 109 53 130
11 131 35 76 5 23 145 64 112 72 18 78
7 144 71 82 133 51 24 91
10 61 122 103 116 89 46 4 73 121 68

Total makespan: 86

