15
12 86 10 85 5 44 32 2 43 70 15 31 143
10 103 45 126 136 141 48 105 130 118 125
8 124 76 109 94 95 13 11 93
9 3 18 71 91 117 104 79 63 61
11 121 106 9 142 139 149 22 57 113 64 46
9 17 82 52 20 24 53 1 66 111
11 144 37 120 56 84 62 127 77 36 0 97
12 38 39 145 42 148 138 80 114 116 73 65 78
10 26 69 68 123 25 88 29 54 55 119
11 129 99 81 6 67 135 21 27 16 60 107
12 14 30 75 33 47 23 35 50 40 115 90 51
7 7 19 147 128 140 132 98
8 28 92 146 96 108 131 87 83
11 112 72 134 101 100 89 41 74 110 133 8
9 4 137 58 59 102 34 12 49 122

Total makespan: 90

