25
7 3 148 145 7 101 43 66
8 85 27 13 49 35 83 34 10
6 20 131 12 57 112 120
5 78 144 51 87 70
5 110 107 124 126 130
3 52 40 46
8 91 15 48 37 134 22 97 56
6 1 59 33 133 9 81
6 41 82 100 103 121 42
9 31 119 25 135 139 17 67 4 44
9 65 132 23 38 32 129 98 99 71
7 19 96 118 53 6 36 95
7 58 68 80 11 74 117 2
5 114 93 62 21 88
7 102 137 18 16 64 61 28
6 143 125 104 147 47 141
5 146 89 116 45 63
6 111 14 105 123 0 138
5 5 109 8 72 149
5 106 94 75 90 24
5 140 29 127 115 136
5 86 60 142 55 26
3 92 30 113
5 84 69 39 79 108
7 73 128 77 122 54 76 50

Total makespan: 41

