25
5 140 143 63 82 96
7 61 128 56 60 124 70 119
5 136 42 32 25 9
5 95 64 17 38 130
4 65 144 1 104
5 83 52 19 74 105
8 101 15 35 131 4 62 53 78
5 135 129 24 98 149
4 117 86 26 87
9 121 14 138 97 20 122 22 139 5
8 7 33 81 47 145 112 109 120
5 76 93 125 77 54
7 91 118 113 89 126 55 67
8 29 13 21 40 123 48 90 108
5 141 59 88 45 34
2 16 27
5 107 102 116 146 142
8 73 2 99 23 132 49 75 6
4 30 111 103 57
7 69 37 137 51 134 11 85
8 31 18 68 58 133 44 46 148
8 12 10 80 0 94 71 39 114
5 36 43 147 8 106
7 110 3 72 100 92 41 79
6 127 50 115 66 28 84

Total makespan: 41

