25
8 9 37 63 129 38 110 21 85
4 67 88 35 140
6 113 59 115 32 71 75
7 137 131 15 77 40 3 118
5 10 14 84 62 80
5 119 134 141 0 29
6 124 148 93 121 20 114
6 60 138 43 95 143 70
5 28 31 147 2 44
6 117 61 87 109 103 144
6 82 99 26 42 13 92
6 146 49 46 139 41 16
6 112 126 74 101 102 86
8 69 97 128 105 145 36 127 130
7 81 19 123 108 8 90 17
7 22 4 58 104 34 39 7
6 53 106 79 136 30 45
6 48 47 12 100 27 5
9 1 122 24 51 149 73 98 111 23
6 33 120 133 68 66 78
6 135 96 107 94 57 52
4 76 55 6 132
4 54 25 142 50
6 56 125 64 11 91 89
5 65 83 116 72 18

Total makespan: 63

