30
3 28 50 41
5 57 44 126 139 145
6 104 13 120 143 137 68
6 85 5 79 125 121 103
5 40 89 74 147 112
4 107 63 17 42
3 54 8 6
6 135 115 109 10 36 76
5 100 86 140 90 62
5 59 129 78 87 24
6 123 46 92 102 110 23
5 58 96 91 73 81
4 136 61 101 39
5 21 32 94 65 27
5 71 122 38 25 105
5 60 12 97 2 47
4 30 56 146 80
7 111 16 66 55 114 116 69
7 83 148 119 118 20 52 128
4 51 149 34 0
5 7 99 75 29 134
5 141 9 138 43 124
5 22 3 26 19 70
3 95 35 64
6 18 72 106 37 132 33
4 11 84 98 31
4 49 144 127 15
4 130 88 48 131
6 142 67 82 14 1 108
8 4 93 113 45 53 117 133 77

Total makespan: 66

