25
8 121 143 85 18 25 58 47 99
7 21 16 80 79 82 19 50
9 102 111 61 60 43 104 127 15 65
4 48 12 149 134
6 52 40 122 136 28 27
7 105 74 13 147 101 24 41
7 93 103 51 6 72 68 37
3 73 126 5
6 84 109 132 114 67 64
6 88 22 23 1 9 124
8 26 7 133 70 36 130 57 11
5 8 119 2 128 125
7 142 76 108 123 117 42 92
8 62 20 87 32 139 120 44 83
3 78 112 81
4 141 4 98 140
5 54 66 113 33 17
6 148 91 146 145 86 3
6 46 90 30 97 77 138
7 69 31 94 55 106 10 53
7 137 118 135 63 96 100 144
4 38 131 35 107
4 49 71 95 116
7 110 14 59 29 89 129 115
6 39 75 0 45 34 56

Total makespan: 61

