30
4 18 71 7 27
4 9 104 96 3
6 112 34 120 25 78 90
5 11 81 64 103 0
2 85 133
5 51 22 116 61 138
4 140 119 106 148
4 56 128 92 88
5 110 33 124 2 20
4 123 73 139 111
5 31 131 132 129 45
7 144 74 69 146 30 72 98
6 35 134 145 55 4 143
4 70 54 114 40
6 147 130 86 115 75 14
5 105 108 49 38 24
8 26 16 12 80 87 10 53 113
5 82 19 89 101 97
4 77 48 76 127
4 44 91 136 118
5 58 93 137 47 37
5 79 141 109 67 50
5 5 125 36 21 43
6 8 100 102 94 149 66
6 57 142 122 117 1 107
5 46 83 135 126 32
6 29 99 62 84 6 13
5 121 95 68 23 39
5 42 28 59 52 63
5 60 65 41 17 15

Total makespan: 48

