20
5 57 87 1 75 59
6 108 144 146 125 60 54
8 148 70 77 131 104 23 36 122
9 16 124 45 24 61 6 84 116 112
9 76 20 65 107 82 135 47 142 69
8 48 127 18 4 139 64 63 58
7 67 92 132 74 12 106 11
9 27 15 53 145 73 38 52 140 5
9 138 111 68 49 97 98 19 28 35
8 91 34 17 93 96 90 40 30
10 83 31 128 10 143 114 62 137 39 147
5 103 133 80 71 72
7 100 43 94 22 110 141 26
5 55 37 14 95 13
7 25 88 33 78 41 130 109
8 79 120 50 129 44 105 66 29
8 126 32 113 21 46 86 102 119
5 134 117 85 136 42
9 56 99 51 89 121 7 115 149 123
8 3 2 118 81 9 101 8 0

Total makespan: 101

