30
5 97 4 94 144 148
3 54 15 137
4 132 58 33 39
5 51 5 147 55 29
4 77 22 115 83
3 128 6 73
5 113 13 123 52 16
7 106 67 145 25 114 14 131
5 27 53 129 133 98
4 130 57 95 34
6 48 69 96 119 112 28
6 118 35 66 79 9 82
5 80 50 120 65 86
6 26 102 11 99 75 104
7 20 81 38 138 10 42 125
5 63 85 107 116 59
3 21 0 124
5 61 103 89 19 8
4 149 100 30 72
5 31 60 105 18 141
7 92 134 87 140 135 146 117
5 122 41 40 46 90
6 45 3 109 110 17 68
6 1 12 136 44 24 143
4 78 36 74 70
6 43 7 62 23 47 2
5 84 76 71 142 139
5 101 108 126 37 93
5 56 91 49 32 64
4 121 127 111 88

Total makespan: 67

