25
8 1 86 136 100 11 34 102 103
7 92 46 27 14 101 73 139
6 3 74 88 13 66 31
4 143 142 82 5
5 48 121 76 125 89
6 42 2 126 105 22 84
6 115 120 104 85 7 78
7 17 140 16 116 25 129 99
8 68 114 44 33 29 39 118 109
6 18 64 60 32 57 141
5 8 51 55 77 81
6 112 137 10 124 149 35
5 59 45 12 38 83
6 128 117 71 131 53 97
5 40 94 80 132 15
7 72 62 70 106 147 28 79
8 0 43 21 30 127 63 144 67
6 4 138 75 96 113 41
4 69 54 47 122
6 19 52 56 148 87 58
6 146 49 61 135 24 90
7 119 133 123 65 98 145 50
6 93 108 6 95 36 23
5 91 134 26 37 20
5 111 110 9 107 130

Total makespan: 60

