30
4 21 89 120 144
7 20 71 148 37 93 134 12
6 83 127 26 29 113 16
5 5 128 143 98 92
4 13 139 31 23
5 72 118 35 133 149
4 142 42 4 51
4 54 123 63 69
6 27 67 135 84 3 129
6 39 119 8 14 122 76
7 45 53 66 91 78 33 104
5 68 48 97 18 7
4 65 81 79 30
6 99 2 124 56 103 80
4 28 52 140 17
7 9 43 22 47 6 94 24
4 109 126 130 82
4 115 55 125 49
7 59 44 147 145 96 116 10
5 1 46 40 62 100
5 105 102 15 73 108
5 19 107 50 38 64
5 146 111 106 70 74
4 114 32 88 110
5 86 117 90 58 132
4 121 136 131 34
4 36 137 0 87
3 60 61 11
5 57 101 77 112 41
6 95 141 25 75 138 85

Total makespan: 66

