10
15 140 27 89 105 135 145 129 70 4 133 42 138 53 62 126
18 77 5 117 55 19 36 119 137 110 16 96 93 132 59 111 68 51 76
16 29 79 66 67 48 44 58 64 131 60 98 34 149 112 6 8
17 123 88 12 90 128 3 130 7 125 45 71 32 122 113 127 65 148
15 104 46 54 73 37 11 63 134 101 109 49 116 146 23 57
12 38 72 26 13 85 82 97 86 84 95 33 0
13 102 10 142 61 87 83 99 24 115 124 69 30 50
14 20 121 47 118 147 81 91 139 41 31 22 21 74 143
15 14 1 141 78 114 108 56 100 2 15 39 75 9 144 80
15 94 120 18 103 43 106 92 107 25 136 35 52 17 28 40

Total makespan: 225

