30
5 132 122 106 119 127
3 51 27 99
6 85 4 87 15 125 39
6 117 34 84 82 7 58
6 111 36 143 86 59 96
5 30 6 128 5 115
5 68 41 71 104 9
5 92 22 78 66 121
5 80 136 42 89 113
6 21 146 67 129 0 135
5 83 43 144 107 32
5 54 62 141 29 33
4 77 70 24 65
6 50 133 126 90 47 102
5 14 40 49 94 97
3 20 147 110
6 48 109 75 3 79 8
3 118 17 38
3 10 23 145
4 63 69 114 16
6 37 105 123 112 95 76
7 55 11 98 57 81 138 140
6 31 101 45 73 142 19
8 131 130 108 116 13 12 53 100
5 25 56 124 64 28
5 149 52 103 46 88
4 120 35 26 148
3 18 137 134
7 72 2 91 61 74 60 93
3 1 139 44

Total makespan: 67

