30
3 62 23 46
4 29 0 37 54
5 42 106 12 52 122
3 132 85 25
4 139 21 14 107
7 8 83 38 97 95 136 80
4 96 73 109 137
6 50 47 44 129 55 76
5 115 131 3 43 7
4 27 140 111 114
6 48 33 53 126 102 86
6 120 22 40 104 108 6
5 112 63 69 100 147
5 130 61 18 127 34
8 146 28 1 116 60 143 134 119
6 113 77 87 138 13 91
6 82 45 56 84 39 57
4 142 144 59 9
8 149 135 78 66 30 20 58 92
5 72 90 99 16 101
3 17 36 117
3 2 123 32
7 70 67 74 75 15 128 133
4 51 89 81 31
6 4 105 145 118 103 79
6 5 41 24 94 125 65
4 68 88 124 10
4 49 98 71 93
3 121 110 64
6 26 141 19 11 148 35

Total makespan: 32

