20
8 127 146 16 100 4 75 85 103
5 99 37 48 25 58
8 140 102 133 142 126 2 76 22
8 38 67 26 97 21 20 84 55
10 74 1 6 30 77 91 131 149 13 62
6 59 93 147 136 121 135
8 139 78 57 88 122 18 138 83
7 41 125 143 108 23 90 94
7 106 71 43 8 63 12 101
8 45 111 117 107 69 53 27 109
6 130 104 115 92 129 34
10 51 81 116 36 35 95 24 72 42 10
9 82 96 11 49 54 5 105 65 0
7 64 29 47 52 61 33 123
7 73 86 70 144 113 7 3
7 148 15 137 80 98 40 89
8 145 112 134 44 39 19 14 141
8 31 118 9 28 124 79 17 119
7 110 128 114 56 50 68 60
6 87 66 120 46 132 32

Total makespan: 80

