30
4 117 145 6 60
7 136 3 10 87 57 62 125
4 142 36 101 4
6 48 35 82 19 93 34
4 23 76 18 40
4 86 130 120 24
3 61 56 149
6 70 113 109 73 13 74
6 26 141 66 2 38 83
6 98 77 135 63 104 143
5 69 64 37 27 53
5 96 100 45 5 90
4 32 7 147 124
6 71 107 49 146 68 39
5 144 111 25 108 119
6 78 114 21 30 132 12
7 29 134 91 105 44 99 129
5 31 127 85 75 138
6 50 94 15 97 92 9
5 28 72 89 52 148
4 42 41 88 121
5 102 137 65 122 59
5 1 115 110 58 8
3 84 80 0
5 43 140 139 118 79
7 128 103 116 126 33 123 47
3 16 20 17
5 112 131 11 95 46
5 22 55 133 54 67
4 106 14 81 51

Total makespan: 32

