10
20 39 15 122 128 9 109 66 50 97 101 102 138 75 92 35 118 136 41 68 18
14 24 11 113 117 111 132 42 110 27 144 94 86 63 79
17 145 48 100 58 13 96 43 73 70 121 32 44 76 45 85 143 83
16 53 146 40 57 23 127 0 7 12 20 137 120 25 116 29 147
11 59 139 6 90 140 65 93 89 49 69 4
18 123 71 134 88 47 129 2 125 33 14 72 74 119 105 78 61 126 30
11 16 149 60 124 82 64 99 28 1 10 52
13 112 148 67 135 38 131 106 95 8 19 21 3 46
15 56 130 84 91 98 80 34 62 142 55 77 87 103 36 51
15 114 37 31 107 26 17 104 54 22 115 141 108 133 5 81

Total makespan: 246

