30
4 23 30 103 127
4 36 87 4 85
5 28 131 20 71 81
4 134 78 146 139
5 104 109 121 42 38
7 90 54 112 136 51 21 32
6 116 91 140 128 92 95
7 11 111 84 14 132 50 77
4 16 143 75 70
4 135 101 37 10
6 149 141 61 120 63 53
4 0 147 47 142
4 68 117 133 62
4 113 97 13 40
5 73 115 137 100 130
4 44 114 7 48
6 145 106 60 33 22 65
6 126 67 64 15 9 58
7 148 123 59 89 96 105 107
6 110 29 8 27 144 88
5 12 41 34 102 82
5 108 125 119 1 26
4 118 43 2 35
5 56 86 17 39 6
4 79 72 45 129
7 76 19 52 93 94 69 55
4 66 122 98 80
6 31 3 124 74 83 49
3 18 99 46
5 5 57 138 24 25

Total makespan: 64

