20
7 2 23 56 137 112 37 126
9 115 24 86 64 20 116 67 31 52
9 25 130 71 36 54 61 100 35 140
6 121 26 46 32 66 105
7 16 27 94 9 87 89 22
9 134 107 41 1 125 62 18 78 85
6 117 30 145 119 131 15
6 11 84 108 149 40 65
8 45 17 143 8 69 74 98 6
6 7 91 144 123 92 82
8 122 42 97 58 118 70 3 114
9 106 81 88 104 141 33 102 148 76
8 139 68 111 120 29 110 10 28
7 47 101 14 83 129 113 95
6 48 51 5 99 53 43
8 133 13 109 136 80 75 73 72
9 63 12 124 38 39 50 147 34 146
5 57 19 79 21 0
8 128 132 59 4 142 138 60 55
9 49 77 103 93 127 90 135 96 44

Total makespan: 96

