20
9 4 20 34 121 13 107 68 144 40
9 127 63 100 146 69 112 116 88 93
8 26 90 142 11 30 106 141 136
8 145 31 70 14 75 39 115 71
9 91 83 105 147 32 143 16 133 78
6 72 8 6 25 41 38
8 130 52 114 28 134 111 128 92
7 48 73 60 138 56 99 96
7 131 122 118 36 85 123 51
7 22 47 33 1 15 108 77
6 42 55 95 129 132 148
9 94 18 35 58 12 97 109 53 139
5 19 54 45 62 89
10 67 113 50 81 101 64 10 149 137 61
7 135 5 44 59 103 124 119
8 79 84 80 29 120 43 104 82
8 2 21 49 126 37 140 98 46
5 74 87 27 65 3
8 66 76 23 7 102 17 24 125
6 110 9 57 117 86 0

Total makespan: 97

