10
16 40 58 51 59 8 50 77 55 79 54 4 107 135 109 94 81
13 11 83 69 128 10 75 100 47 126 7 57 32 139
20 62 102 149 124 91 23 103 144 111 12 68 15 121 74 25 16 80 71 78 14
14 119 82 34 65 133 140 86 41 37 106 129 147 67 9
11 117 45 63 2 108 76 88 61 148 44 113
12 90 53 142 115 95 105 48 122 134 36 3 120
18 136 101 42 70 131 49 97 89 0 56 38 116 52 96 145 60 72 146
12 17 130 123 118 18 138 24 21 84 64 125 98
17 39 114 43 141 99 66 35 46 132 28 127 5 27 73 110 104 29
17 30 85 22 137 33 93 1 6 112 143 87 20 19 13 92 31 26

Total makespan: 186

