25
5 31 134 140 4 78
6 72 98 145 137 139 124
9 131 54 103 74 27 97 117 49 43
5 108 19 116 146 89
8 41 100 51 71 38 92 29 101
6 57 110 28 70 121 23
6 94 15 26 7 65 68
7 135 148 3 147 111 122 91
6 73 90 6 67 82 53
6 10 81 0 35 75 80
6 84 52 127 9 132 37
6 88 83 40 109 1 39
4 105 141 114 133
5 14 79 63 104 130
6 48 96 106 99 33 24
5 85 102 149 11 87
5 34 32 64 138 86
7 113 45 5 144 120 143 18
7 66 20 42 8 112 56 77
5 17 2 142 36 128
9 118 25 136 125 107 129 119 46 115
6 95 12 59 44 50 76
6 13 123 16 61 58 62
5 55 60 21 30 22
4 47 69 126 93

Total makespan: 65

