10
14 42 138 62 126 52 143 105 135 36 27 43 53 70 4
19 68 140 30 96 93 132 59 111 51 76 9 110 137 119 55 117 19 77 5
16 145 66 8 48 44 58 64 131 60 98 34 149 112 6 29 79
19 113 127 65 148 85 41 123 88 12 90 128 3 130 7 125 45 71 32 122
17 104 49 116 146 23 57 67 46 54 73 37 63 11 124 72 109 134
11 84 95 33 0 129 38 101 115 82 97 13
11 69 89 102 10 142 61 87 83 99 24 26
13 147 81 91 139 20 121 47 118 50 31 22 21 74
15 114 108 56 100 86 133 75 14 1 141 78 2 15 144 80
15 107 17 28 106 92 25 136 35 16 120 94 40 39 18 103

Total makespan: 226

