10
16 105 121 117 132 21 140 67 25 82 81 86 98 12 145 35 18
14 115 58 45 113 43 36 139 91 118 11 30 101 40 83
14 47 122 149 2 46 5 134 32 65 41 6 148 23 59
15 100 133 111 50 108 20 3 52 76 68 24 60 54 29 141
15 146 14 95 84 80 92 62 123 19 75 87 142 44 55 137
13 78 34 10 72 17 144 74 79 63 102 93 97 106
13 31 39 37 69 99 104 28 0 124 73 126 90 114
14 64 107 128 4 88 16 109 125 42 8 7 61 135 147
19 27 127 96 26 110 57 1 131 48 22 138 129 38 136 116 33 77 56 49
17 70 89 71 9 130 143 94 53 120 119 66 51 103 112 15 85 13

Total makespan: 258

