25
4 70 102 48 92
7 93 38 60 67 79 113 91
7 85 83 100 149 7 29 21
5 39 101 138 142 139
4 146 75 63 99
7 81 89 40 30 27 120 44
5 90 25 134 17 129
7 94 115 125 9 1 108 36
6 2 86 53 131 106 137
7 117 64 65 136 95 11 87
5 8 28 140 43 124
6 34 52 104 23 47 105
8 5 119 71 96 111 97 14 116
8 110 77 132 127 19 61 58 41
8 82 148 45 109 122 80 73 123
6 13 50 62 107 35 24
4 143 72 145 59
5 0 66 12 57 37
5 74 133 26 33 84
6 103 144 114 78 55 51
6 121 118 128 76 46 31
7 69 112 16 32 4 6 130
6 22 88 3 18 56 68
6 10 54 15 42 147 20
5 141 126 98 49 135

Total makespan: 80

