25
8 69 54 11 29 46 132 76 97
6 17 79 74 68 117 48
4 63 34 60 22
6 33 65 130 103 35 64
7 142 98 53 43 113 24 95
7 121 18 42 102 149 25 107
2 61 14
8 56 20 125 147 104 8 88 115
6 101 110 90 119 40 145
6 144 9 128 133 51 109
6 57 81 16 75 13 6
5 84 5 23 131 31
7 146 140 50 108 83 10 116
5 122 44 19 136 15
7 41 67 106 123 94 77 138
7 32 124 126 27 120 12 135
3 96 38 118
5 127 58 52 70 4
6 105 36 87 28 100 71
7 92 129 21 91 114 2 99
5 111 137 49 78 141
5 55 89 7 30 134
8 112 139 0 47 80 39 66 26
7 148 1 3 37 93 59 62
7 45 72 73 143 86 82 85

Total makespan: 43

