15
10 9 85 50 40 102 96 149 95 99 107
11 135 124 125 53 72 100 26 75 141 126 61
8 56 112 2 4 117 93 138 42
11 22 35 80 38 129 67 120 76 105 24 146
8 121 23 106 43 89 15 88 144
10 28 1 77 91 45 104 3 78 71 147
13 116 127 84 7 16 47 55 0 20 90 69 48 52
9 114 60 17 137 31 8 5 97 136
11 128 70 119 39 79 46 98 113 132 82 65
9 87 21 139 131 108 73 103 123 66
13 64 74 54 83 86 94 115 44 13 36 92 25 143
9 145 101 58 51 12 134 32 29 110
11 49 6 37 41 30 142 81 10 19 122 63
7 59 118 33 148 11 62 34
10 18 57 14 109 133 130 68 140 27 111

Total makespan: 90

