15
11 19 100 5 91 40 45 65 11 145 69 142
11 38 143 94 51 52 148 35 77 59 29 36
11 115 136 22 117 10 111 72 13 146 84 81
10 14 70 61 139 119 21 138 68 113 128
10 82 124 132 149 76 78 62 140 71 18
9 50 101 74 109 110 114 130 53 12
10 60 4 63 141 97 105 131 120 86 26
11 92 75 147 16 88 116 23 137 46 64 118
8 42 121 44 87 33 34 41 0
7 58 55 20 89 99 15 95
11 103 126 106 129 134 67 39 2 37 98 25
10 96 32 8 7 57 83 66 54 49 125
7 56 6 90 108 47 3 135
12 27 85 93 80 123 133 102 28 1 122 79 73
12 112 104 31 107 9 17 48 30 24 127 43 144

Total makespan: 79

