30
4 65 21 30 33
6 3 143 120 32 5 95
5 24 11 87 62 17
4 127 105 138 74
3 140 136 139
4 35 106 125 23
5 26 29 84 131 148
4 91 111 70 128
5 47 132 85 18 38
7 57 102 137 96 48 100 45
5 0 25 42 78 110
6 76 145 68 103 123 147
3 121 90 126
6 117 89 44 27 49 108
5 50 94 118 61 112
4 101 60 124 6
4 114 39 13 92
6 75 52 93 149 58 73
4 46 7 88 43
5 79 15 36 54 22
7 77 142 41 66 34 99 28
7 144 40 19 104 83 59 9
6 31 119 10 82 86 63
5 135 51 14 12 134
7 81 55 20 122 69 67 37
5 115 141 8 16 116
6 56 130 113 71 2 133
4 98 72 107 97
3 146 1 129
5 4 53 64 109 80

Total makespan: 64

