20
8 86 146 120 147 34 99 119 96
6 78 68 47 121 122 109
7 88 45 60 97 4 82 123
7 103 149 133 28 52 18 89
6 125 14 61 79 138 30
5 51 16 127 76 23
8 101 80 59 141 95 98 3 114
9 71 11 22 128 46 85 19 72 6
8 62 92 20 67 32 145 55 17
8 40 66 75 77 12 27 87 106
6 144 26 65 137 38 57
8 50 35 110 112 21 39 129 33
7 117 93 70 130 83 124 31
11 58 81 94 53 56 13 64 29 41 1 24
6 63 111 91 139 135 131
6 90 126 118 2 54 48
8 42 142 5 115 10 37 136 9
8 102 113 107 8 25 44 132 100
8 36 104 143 73 148 43 69 108
10 134 0 74 84 105 15 140 49 116 7

Total makespan: 106

