15
7 85 149 25 3 83 15 54
8 11 124 77 91 116 74 100 122
9 148 50 36 19 121 129 33 106 127
9 9 81 88 35 70 73 111 47 114
13 94 4 1 8 69 55 20 147 84 113 12 0 72
11 136 110 40 131 43 5 108 45 137 134 34
10 75 117 18 48 103 90 58 59 89 138
11 115 146 104 98 128 23 125 82 145 135 141
11 68 62 132 64 112 61 92 39 46 28 2
11 119 22 101 31 37 21 130 123 52 10 14
12 49 107 142 53 65 144 118 86 6 29 16 109
12 87 80 56 99 7 13 51 95 105 79 67 38
7 143 120 76 30 140 17 126
10 93 71 78 42 32 63 102 27 60 97
9 57 96 66 44 139 133 24 26 41

Total makespan: 160

