30
6 130 70 124 131 113 106
4 127 93 128 115
4 141 74 80 71
5 122 27 108 72 119
3 87 4 69
5 47 42 34 135 102
4 40 134 57 138
7 79 104 58 26 125 23 24
4 142 36 50 10
5 78 120 9 55 52
7 21 62 18 53 136 146 109
6 97 76 60 59 5 82
4 105 33 73 75
5 16 121 20 6 139
4 89 111 132 133
4 91 140 148 49
2 0 101
5 22 112 17 61 7
8 83 37 11 145 63 100 118 129
2 143 41
4 66 86 31 46
4 32 64 92 123
5 94 19 15 1 12
7 48 98 44 95 81 103 96
5 14 39 147 68 149
7 29 30 56 88 43 126 144
6 77 137 114 51 117 28
5 2 116 35 45 8
6 107 84 67 90 38 3
7 110 54 99 13 25 85 65

Total makespan: 51

