20
4 120 24 81 60
8 26 22 4 66 12 90 112 50
6 69 95 56 76 96 124
9 17 127 13 116 42 71 83 16 139
7 43 118 51 48 23 64 44
7 55 145 88 2 39 114 87
9 79 31 99 121 138 49 70 103 133
8 27 149 36 98 38 128 1 5
7 74 35 33 30 104 52 68
9 40 110 65 80 91 21 131 129 113
7 85 140 10 63 20 75 144
7 54 105 109 115 86 123 53
9 117 125 73 72 148 18 119 19 141
8 108 46 122 101 41 0 111 137
10 78 6 100 94 135 61 142 106 28 102
10 93 34 84 7 146 77 11 89 25 107
8 147 58 62 9 57 15 29 8
4 82 37 134 3
6 126 130 67 14 45 32
7 136 59 92 97 132 47 143

Total makespan: 107

