10
11 83 143 32 110 77 1 109 96 119 56 57
20 64 144 14 25 149 33 99 97 74 145 67 88 42 2 130 29 117 22 142 108
12 0 7 132 36 4 41 39 53 134 17 45 126
13 63 20 114 80 65 148 73 125 3 105 121 15 59
15 16 137 81 122 104 60 30 13 116 5 40 93 133 120 9
16 94 106 112 68 10 111 92 21 70 19 27 147 48 118 146 87
17 12 139 98 61 113 11 23 85 49 37 89 50 76 140 82 28 69
15 123 43 115 95 138 44 124 107 128 24 6 62 58 46 86
16 71 79 31 35 54 26 131 141 8 47 72 34 51 102 100 75
15 129 55 91 101 90 135 127 103 66 38 136 52 18 78 84

Total makespan: 205

