30
5 136 49 123 21 6
5 134 59 109 82 110
6 102 37 5 85 56 68
5 8 65 94 29 96
5 138 60 73 4 141
5 126 64 28 111 108
3 55 149 88
4 135 36 39 127
4 142 57 17 77
6 140 125 26 100 25 70
6 3 143 118 18 51 13
5 93 99 78 148 89
4 9 130 120 116
5 19 14 95 98 146
5 23 71 0 132 86
5 35 147 92 81 12
4 72 80 43 1
4 22 48 139 87
5 145 76 121 46 7
6 107 44 69 20 84 31
5 79 67 131 97 27
6 50 101 119 32 133 117
5 105 137 74 34 15
4 124 41 38 47
5 63 62 106 10 40
5 53 112 83 104 75
5 144 24 128 122 33
6 115 11 45 42 113 129
5 66 61 54 103 2
7 16 91 58 52 30 90 114

Total makespan: 65

