30
5 119 127 15 37 30
3 45 32 99
4 125 33 70 115
4 117 7 140 29
6 36 111 4 143 86 59
5 133 113 11 61 42
4 68 41 50 40
6 80 22 78 82 105 39
5 116 114 18 58 89
6 21 146 67 129 0 135
5 43 94 107 64 76
5 46 54 19 102 84
3 51 128 148
7 90 20 47 34 121 101 96
5 83 88 103 118 6
4 139 97 138 3
6 77 79 8 38 87 48
4 62 109 13 17
5 141 23 145 5 106
4 122 16 49 104
6 69 55 95 14 123 112
5 132 110 98 57 66
4 24 27 126 25
7 130 108 56 31 12 53 100
4 92 72 85 124
4 134 149 52 136
5 131 120 35 26 142
6 75 28 81 144 65 137
7 93 74 60 71 1 2 91
6 73 44 9 147 10 63

Total makespan: 71

