15
9 27 38 29 131 53 107 7 55 23
9 50 24 144 78 143 83 48 21 84
9 0 36 93 5 35 4 125 117 39
9 134 63 12 3 69 119 89 140 8
9 18 104 75 19 64 65 148 145 129
8 109 92 123 137 77 16 100 91
12 95 56 70 141 73 76 85 102 111 90 45 9
11 34 126 121 17 44 110 32 97 2 103 59
9 120 139 82 67 71 133 146 113 108
13 20 101 118 86 106 124 87 80 25 41 122 132 74
12 58 6 112 15 114 147 26 66 47 31 11 88
11 81 51 28 42 68 62 1 37 135 61 149
9 116 142 79 72 14 49 43 52 127
10 130 128 105 30 136 94 33 57 138 13
10 22 96 60 115 99 46 54 98 40 10

Total makespan: 170

