10
14 21 3 75 105 8 90 34 80 101 135 89 149 100 9
15 147 121 98 88 117 58 65 29 84 20 41 57 122 62 61
15 93 54 49 107 124 131 67 64 48 81 66 102 114 123 145
14 37 78 94 13 12 35 125 143 51 10 142 144 42 111
16 96 136 128 1 4 148 87 26 137 120 63 22 97 130 83 133
15 25 76 113 11 73 60 134 17 46 18 86 70 43 109 19
13 2 31 132 95 103 68 69 47 138 52 104 72 127
14 115 126 106 44 6 108 112 141 139 38 7 59 16 14
18 140 91 36 23 110 50 32 24 15 40 30 99 56 0 77 119 116 27
16 74 85 33 79 5 146 129 82 71 118 55 39 28 53 92 45

Total makespan: 272

