15
11 74 40 2 99 95 131 46 79 54 47 45
11 41 132 126 96 59 107 51 28 52 36 112
13 129 86 56 61 85 34 108 124 7 145 10 119 115
9 8 134 101 66 44 80 148 140 120
10 58 72 1 90 147 121 97 22 93 53
10 70 88 136 113 20 76 103 75 32 27
9 146 14 26 6 0 104 33 62 87
11 60 142 84 50 135 130 25 13 12 92 102
9 105 24 125 139 4 5 98 111 16
10 73 82 18 64 77 91 38 49 9 17
11 114 133 11 144 43 89 94 67 149 71 106
8 137 23 29 83 69 78 68 48
10 110 81 21 15 55 109 123 42 31 122
8 65 39 128 37 143 117 3 138
10 35 100 118 57 141 19 116 30 127 63

Total makespan: 140

