20
7 8 125 19 38 122 144 128
8 6 84 52 61 138 88 146 97
7 83 47 7 101 134 135 79
7 112 69 60 107 137 56 103
4 105 51 21 73
9 115 67 53 37 24 77 59 72 91
9 142 130 34 78 116 63 13 5 18
8 57 95 96 32 42 108 74 85
9 110 89 55 17 15 75 87 31 65
9 62 111 100 147 30 86 2 70 114
7 124 36 133 25 41 132 145
6 48 44 50 28 109 35
7 113 149 46 102 81 9 66
7 22 119 94 106 68 93 99
7 54 126 39 136 11 40 143
10 16 148 45 120 3 14 49 90 20 26
7 129 1 140 76 23 82 117
3 104 127 92
10 27 123 71 131 0 4 141 43 29 98
9 10 12 118 121 139 80 58 64 33

Total makespan: 60

