20
8 13 101 132 34 125 133 109 146
5 15 144 19 94 100
9 10 51 8 82 99 91 105 43 104
6 20 36 85 45 78 141
7 46 16 136 147 134 23 115
9 69 50 71 39 21 120 73 93 131
7 124 2 4 44 38 9 27
8 33 18 56 17 72 52 128 127
8 89 138 80 148 70 140 25 28
6 68 76 67 7 149 112
6 103 65 98 12 57 55
9 113 135 35 26 143 61 75 121 139
7 108 66 59 1 107 37 63
8 47 117 116 48 77 29 111 88
10 6 83 11 129 84 106 145 14 79 137
10 60 0 87 58 24 118 5 95 62 74
6 123 96 119 90 53 30
6 97 64 122 3 130 22
8 102 41 40 114 54 110 86 142
7 31 92 32 126 49 42 81

Total makespan: 59

