30
4 99 116 120 22
4 67 8 130 1
3 124 34 64
3 91 71 115
5 109 76 139 24 138
5 40 147 56 10 45
5 101 53 5 30 110
4 32 37 39 117
6 74 88 111 83 63 21
6 4 18 95 47 103 144
6 146 65 59 143 78 140
6 108 118 29 129 112 81
7 102 26 135 60 114 98 125
5 106 51 105 113 149
5 50 11 121 3 97
4 84 100 70 72
7 69 131 61 128 96 66 52
2 132 33
4 20 7 80 82
6 94 55 134 119 145 107
4 6 42 14 36
7 38 13 28 86 122 43 93
5 136 0 68 89 12
4 79 46 148 90
6 123 127 87 62 104 25
5 44 133 92 48 126
7 31 73 27 2 77 15 17
5 16 54 49 142 58
6 23 85 41 35 57 141
4 19 9 137 75

Total makespan: 67

