10
12 92 91 72 45 15 34 63 14 83 142 18 19
17 66 149 97 90 38 49 86 46 43 44 54 105 107 113 148 30 71
14 32 2 103 13 123 11 137 73 29 111 81 101 21 82
18 17 129 51 98 3 36 26 135 119 145 88 89 121 23 67 115 58 116
14 48 127 0 16 126 122 134 20 56 108 41 99 124 133
16 59 6 61 76 95 5 57 143 110 102 7 22 118 50 64 147
13 40 77 53 35 68 8 69 128 25 106 52 33 27
18 140 12 75 141 31 139 100 131 9 39 60 93 87 37 132 79 55 96
11 146 117 85 10 65 78 144 84 138 125 62
17 120 74 130 47 28 70 109 42 1 136 104 4 24 114 94 112 80

Total makespan: 186

