25
6 61 80 49 69 100 4
6 57 113 143 5 103 124
8 137 21 56 102 101 84 115 95
5 47 29 16 96 9
5 111 76 79 94 54
7 10 73 127 105 93 18 139
4 98 89 128 39
7 136 53 64 85 62 45 32
4 123 33 146 22
5 118 42 140 51 50
6 40 114 13 99 46 37
6 15 3 91 20 119 144
6 121 126 81 122 34 28
8 67 132 116 97 66 52 23 141
8 86 92 26 130 17 41 0 63
5 65 38 109 36 120
5 90 27 88 147 35
8 117 74 87 59 77 138 129 107
5 8 108 19 71 83
5 58 7 104 78 125
6 48 106 44 131 145 148
5 43 11 6 112 31
8 1 82 55 12 30 2 135 25
8 14 75 70 60 142 72 149 134
4 68 133 24 110

Total makespan: 89

