30
5 18 136 6 60 117
6 125 95 87 57 8 15
4 53 99 101 142
7 48 34 24 82 19 28 85
2 81 76
3 145 5 130
4 115 149 93 86
6 70 113 109 73 13 74
5 141 54 2 38 83
3 63 143 32
5 36 37 27 64 69
4 61 96 62 100
4 7 40 124 120
5 71 35 49 146 107
6 140 144 111 23 108 119
6 135 132 78 114 21 30
7 128 134 98 56 91 105 29
6 46 79 127 31 3 138
6 92 94 26 50 97 129
7 52 148 72 89 77 147 103
4 42 41 65 44
7 137 104 51 122 59 133 90
5 1 110 58 22 75
2 84 80
5 102 39 0 121 43
2 126 17
7 16 116 20 9 33 88 10
6 4 12 112 123 11 66
4 118 67 14 55
7 45 139 68 25 47 106 131

Total makespan: 31

