30
4 130 96 76 16
5 120 63 143 7 100
6 132 110 92 135 81 113
4 86 79 105 89
5 34 117 148 39 78
5 61 95 69 112 77
7 106 32 43 146 23 94 127
5 90 28 71 116 131
5 59 139 1 74 111
5 21 82 72 147 50
5 58 124 141 42 13
6 62 144 121 125 66 122
6 87 51 93 35 101 140
4 33 134 27 65
6 45 91 118 57 102 104
6 44 38 123 114 103 22
4 109 60 31 56
7 133 99 46 53 9 8 83
4 149 84 137 67
5 136 88 36 138 129
6 97 12 2 17 19 14
5 26 29 11 75 108
6 30 15 6 119 0 73
6 20 49 126 41 25 48
4 68 18 70 4
4 47 40 64 85
4 115 145 55 54
3 37 10 80
4 52 107 142 5
4 24 3 128 98

Total makespan: 72

