10
17 85 113 149 147 32 127 96 22 36 7 78 130 115 145 4 46 148
16 39 80 31 56 91 77 29 68 138 79 73 3 16 98 34 110
15 0 86 119 41 6 70 60 87 28 44 17 108 136 125 141
14 129 72 116 144 118 13 65 135 112 132 114 100 95 106
12 83 101 45 47 50 33 143 8 14 131 18 51
12 103 66 15 52 12 26 2 48 5 75 84 76
14 117 92 128 38 58 137 109 82 10 59 55 93 43 88
15 49 107 120 1 21 9 37 123 27 62 25 99 64 54 124
16 35 111 140 142 90 121 102 42 30 133 126 81 53 69 63 105
19 57 104 122 24 20 134 97 61 19 146 40 94 11 139 23 71 74 67 89

Total makespan: 164

