10
13 127 0 23 136 74 120 72 61 4 139 30 31 149
17 126 114 75 106 12 116 66 138 68 78 17 147 141 60 98 88 133
15 54 97 59 22 38 44 131 128 47 81 103 76 14 105 71
19 95 117 50 107 13 46 15 63 56 58 39 143 45 79 19 145 90 111 3
13 73 115 36 119 27 35 2 85 52 32 125 65 67
21 104 91 108 130 121 112 25 89 94 28 40 99 69 55 101 122 137 16 102 96 51
12 109 135 64 87 124 48 26 100 144 123 146 18
12 34 70 9 134 21 43 29 37 49 33 92 86
14 62 113 53 57 132 80 83 10 84 41 6 8 93 7
14 1 11 148 24 118 110 5 140 20 82 77 42 129 142

Total makespan: 232

