20
6 71 107 11 147 137 31
5 89 83 33 133 117
7 25 138 90 104 21 65 125
9 45 81 9 52 13 84 12 86 68
8 35 44 67 93 123 46 60 99
8 113 27 72 144 77 112 69 126
5 96 14 149 56 29
8 140 79 106 3 105 109 51 63
7 47 1 37 135 15 0 32
10 110 139 58 6 131 128 55 141 115 30
7 50 59 85 97 127 2 108
8 116 92 132 94 114 111 136 76
8 129 49 16 98 62 18 22 74
10 82 7 34 57 17 101 64 102 100 75
9 42 20 91 143 130 134 43 88 24
6 146 124 70 39 4 145
7 80 36 142 73 53 10 122
7 28 103 23 78 66 38 48
8 8 40 118 61 121 26 87 120
7 5 119 19 148 41 95 54

Total makespan: 100

