15
11 8 95 9 85 107 102 96 149 55 50 10
10 72 141 126 124 125 53 13 100 26 75
8 56 112 2 4 117 93 133 138
12 22 35 80 146 105 24 47 38 79 76 129 67
8 43 89 15 121 23 106 88 144
11 28 1 77 91 45 104 3 78 71 6 147
13 127 84 58 145 64 7 16 20 90 69 48 52 135
9 137 31 114 60 82 136 97 0 5
11 46 98 113 73 70 119 39 132 40 128 65
10 148 87 21 139 123 66 99 131 103 108
13 36 18 94 83 86 115 44 57 92 25 143 54 74
8 51 12 134 32 41 101 29 110
10 49 61 19 122 63 30 142 81 120 37
7 33 59 116 17 11 62 34
9 118 68 140 27 14 109 130 42 111

Total makespan: 90

