15
11 26 146 19 22 13 87 116 50 34 31 40
11 110 53 96 140 10 36 18 134 104 106 23
9 52 42 56 86 25 55 149 9 84
10 83 24 63 108 65 35 8 28 119 139
13 6 7 135 61 66 30 80 32 68 82 21 144 16
8 105 37 74 38 45 123 64 76
11 2 14 85 138 60 97 128 113 75 72 69
10 141 112 100 91 132 51 147 20 143 92
11 5 94 33 89 148 121 99 120 98 58 79
15 3 111 115 125 101 122 17 77 142 133 41 46 88 107 73
8 57 130 129 136 124 47 103 114
9 43 145 12 78 62 49 44 0 67
7 59 4 48 27 1 71 93
8 102 11 54 39 118 70 131 126
9 15 127 81 137 29 109 117 95 90

Total makespan: 84

