15
9 103 50 79 22 55 64 36 31 10
11 108 33 12 54 139 73 116 30 107 57 37
12 110 99 84 124 72 95 100 60 81 41 144 115
8 123 3 53 98 40 42 52 58
10 87 97 88 32 23 109 43 137 35 82
9 77 118 25 49 66 145 143 135 140
8 67 48 6 136 122 56 38 132
9 68 127 20 5 63 133 17 86 8
13 27 148 92 75 45 28 94 69 4 62 120 0 142
10 91 113 149 147 47 46 83 80 125 138
11 11 2 13 51 44 119 104 65 61 126 39
11 1 70 89 21 128 129 102 134 26 19 105
8 78 93 121 14 146 24 141 74
10 18 96 112 16 9 101 90 85 106 131
11 29 114 111 15 71 117 7 76 130 34 59

Total makespan: 147

