20
6 67 140 124 12 28 69
8 66 145 100 147 84 37 35 93
9 86 126 29 14 36 25 27 109 40
5 10 105 74 129 64
5 5 73 138 51 96
10 33 26 21 79 50 57 19 101 139 11
8 60 122 121 32 116 77 62 130
7 117 110 75 141 34 114 46
7 47 128 63 71 85 54 81
8 53 59 113 142 8 123 56 94
8 17 134 72 144 119 39 49 120
5 115 1 131 83 146
11 80 65 92 88 107 68 111 91 108 45 4
6 61 99 97 24 43 9
7 118 137 15 22 132 70 44
8 31 133 7 112 95 106 38 125
8 48 89 102 136 52 23 3 20
9 0 42 127 104 41 148 149 103 18
6 78 76 55 82 135 2
9 90 87 143 58 13 16 98 30 6

Total makespan: 83

