15
10 47 50 141 55 27 38 29 88 68 125
11 21 84 71 59 48 115 17 18 83 78 143
10 42 26 0 60 39 80 35 4 93 5
7 44 24 7 82 12 3 121
10 129 16 64 147 100 75 19 65 148 145
9 67 92 123 66 111 117 8 103 77
11 95 56 45 9 76 85 15 69 70 49 81
11 10 46 74 11 89 104 132 126 110 32 97
10 36 102 120 139 109 62 87 23 133 146
12 86 106 124 51 25 41 122 58 99 101 118 20
10 73 31 116 134 6 112 37 131 91 113
8 119 137 33 2 114 135 61 149
10 1 107 79 72 14 52 127 142 57 43
10 130 128 105 30 136 94 144 138 13 34
11 98 28 108 63 22 96 40 140 54 90 53

Total makespan: 170

