10
20 100 40 53 69 191 57 147 178 64 91 37 13 127 60 3 111 193 23 77 32
16 96 144 149 135 101 188 134 181 76 131 20 117 160 136 132 61
19 58 150 109 175 133 116 138 120 114 185 158 87 30 56 119 184 148 10 107
15 22 54 92 17 167 146 140 70 130 83 88 151 105 177 173
22 41 24 4 113 44 143 43 129 187 137 35 11 153 63 49 79 16 157 165 12 18 72
21 97 102 176 42 50 159 19 152 71 172 73 27 34 110 123 82 169 62 31 55 9
25 5 171 38 78 106 104 163 198 84 48 7 67 128 118 108 155 194 192 29 46 47 139 74 8 199
22 94 98 75 80 45 195 66 89 65 162 112 39 166 141 168 179 6 0 28 156 90 99
21 186 81 103 126 164 15 161 196 21 183 124 121 170 14 1 85 189 142 93 95 190
19 51 145 36 122 174 33 68 52 25 182 115 180 86 125 59 26 197 154 2

Total makespan: 267

