15
15 110 95 132 127 86 75 45 4 168 104 159 36 28 188 172
14 150 165 76 70 63 176 105 111 175 143 151 135 25 37
14 47 186 60 2 137 164 162 194 0 73 12 153 62 83
17 51 178 109 41 17 90 10 108 117 49 56 184 147 158 19 74 44
16 94 123 148 106 166 61 182 156 53 5 131 71 181 121 99 77
13 112 91 32 65 58 67 139 88 141 27 149 30 1
13 3 18 34 29 81 197 138 171 9 170 50 46 198
13 190 33 98 22 124 16 161 183 93 154 15 102 167
11 107 199 125 140 84 55 187 43 152 80 196
12 40 92 82 174 169 24 192 54 72 89 52 120
13 146 59 155 126 7 115 142 57 136 189 128 119 68
12 195 21 145 101 144 193 180 191 66 26 97 23
10 177 96 64 103 8 129 87 179 31 39
17 48 38 122 6 69 11 100 173 118 14 79 185 35 13 113 130 114
10 78 42 134 85 163 116 160 157 133 20

Total makespan: 196

