15
14 68 32 16 82 51 109 48 43 165 196 83 37 150 184
12 89 132 92 189 144 10 175 102 116 193 179 136
12 178 97 96 114 86 195 28 126 42 3 198 47
16 199 111 173 125 7 1 63 38 19 171 180 152 87 128 39 45
13 192 159 17 162 112 98 186 107 145 80 81 154 20
12 190 156 157 33 50 70 161 59 170 168 46 185
16 11 113 146 23 164 143 93 163 53 118 123 27 35 174 91 110
13 134 24 77 131 31 36 56 197 127 117 108 67 149
13 129 158 55 155 15 73 100 84 182 25 62 14 94
12 142 124 135 194 130 65 122 57 99 9 71 52
14 120 78 18 166 104 22 119 106 2 177 12 147 169 172
10 176 139 137 75 8 29 60 141 21 151
16 41 30 54 66 40 74 13 76 88 4 103 61 188 0 85 115
11 26 183 148 6 49 133 138 34 69 181 44
16 160 153 95 121 90 191 140 5 58 72 79 64 105 101 187 167

Total makespan: 175

