20
7 51 82 111 193 12 83 139
12 11 168 69 128 187 142 182 197 173 29 98 76
12 88 93 89 27 48 119 9 39 80 126 60 151
12 32 163 64 49 169 43 110 26 174 132 116 44
9 73 117 129 175 61 79 134 65 123
8 196 71 100 33 53 77 113 99
10 66 149 137 18 6 161 1 148 31 17
11 62 120 37 45 28 178 40 90 167 153 102
8 91 23 38 5 97 22 186 183
10 188 118 147 189 94 78 95 68 10 81
12 50 14 165 4 159 13 136 176 166 2 179 19
11 46 181 101 131 107 106 108 36 0 56 164
10 157 55 185 115 198 158 160 105 130 20
10 59 177 84 67 155 172 143 104 85 114
8 7 190 180 8 140 152 135 35
10 72 170 47 15 63 34 144 16 109 57
11 154 3 146 171 52 199 86 195 41 30 54
9 191 194 121 125 122 25 103 58 150
9 70 112 92 42 124 162 156 192 145
11 21 74 184 138 141 87 24 96 133 75 127

Total makespan: 97

