25
9 14 101 23 191 125 54 86 79 87
7 169 27 56 49 4 197 66
8 28 156 67 52 20 158 44 90
4 184 127 65 138
11 115 106 119 80 193 2 50 30 129 103 116
9 78 148 63 192 121 43 162 111 35
11 93 160 199 61 164 153 53 166 84 5 42
8 89 29 118 188 37 15 68 163
8 159 128 19 17 10 146 100 96
9 94 97 135 130 39 147 33 180 122
8 83 144 172 155 7 72 179 11
9 9 150 21 104 32 12 143 45 131
7 92 114 170 142 40 108 149
7 145 198 77 73 126 195 76
6 168 3 57 154 25 34
5 0 140 46 70 36
8 167 183 171 88 1 81 186 102
7 189 18 8 112 190 69 113
8 95 174 109 16 71 123 165 181
7 64 173 124 117 134 98 177
7 59 58 178 38 120 187 24
9 161 60 26 55 105 51 137 48 194
10 136 139 110 132 196 182 62 99 13 141
9 91 85 6 185 47 22 41 176 107
9 82 157 74 31 151 133 152 75 175

Total makespan: 76

