15
16 28 68 36 106 81 49 105 129 196 110 86 66 102 176 3 76
12 120 144 88 159 20 32 127 116 61 182 46 50
16 92 11 78 26 178 148 177 74 119 122 123 10 54 1 189 118
12 30 113 21 111 140 142 165 48 35 53 191 128
11 90 198 25 39 179 96 135 91 131 72 161
16 71 186 7 180 24 42 58 193 98 23 14 166 87 56 18 108
11 107 174 15 57 194 38 137 199 168 133 139
12 172 12 175 136 170 27 97 169 6 184 73 75
13 45 52 167 158 33 85 16 59 155 47 164 67 82
15 99 150 117 13 190 138 84 152 17 101 5 89 112 4 79
13 171 69 163 104 51 132 70 55 8 31 93 185 187
13 63 29 115 0 44 141 173 154 95 146 19 62 77
12 162 41 121 156 143 2 60 149 153 103 160 183
16 130 34 157 83 145 64 197 80 37 22 147 9 94 134 181 65
12 109 43 124 192 151 188 126 195 40 100 125 114

Total makespan: 151

