15
13 131 16 126 184 76 14 43 82 51 109 48 181 88
11 92 116 193 174 127 189 144 10 175 8 145
14 3 178 97 35 112 114 86 195 150 68 83 28 47 90
14 9 173 125 7 171 152 89 1 63 87 199 19 39 45
12 80 159 81 128 37 155 107 154 42 185 124 123
12 148 129 170 186 94 156 157 33 198 50 70 190
17 91 110 27 11 113 59 165 20 146 23 164 143 93 163 53 41 142
13 31 36 168 196 134 24 77 192 179 117 108 67 149
13 25 62 162 15 73 100 55 46 96 84 158 32 183
13 138 121 172 71 52 69 135 194 130 65 122 57 99
14 120 78 18 166 104 22 111 147 169 2 17 60 177 106
11 176 139 137 38 141 21 151 118 75 132 29
14 54 66 40 74 115 188 0 85 182 4 103 61 95 13
13 6 49 197 26 56 102 133 34 30 98 180 136 44
16 191 140 5 58 72 79 160 161 119 12 153 64 105 101 187 167

Total makespan: 171

