25
8 116 154 28 160 61 100 6 104
10 70 59 9 190 91 53 43 22 67 27
8 146 73 171 172 128 23 148 133
8 64 62 85 196 139 117 132 90
7 42 167 138 29 111 135 124
7 180 68 13 169 82 3 119
9 86 96 98 75 84 175 78 195 151
6 189 112 162 145 4 50
9 93 121 11 123 76 33 47 79 120
8 143 36 45 136 24 115 54 77
7 173 60 184 182 46 142 95
8 155 125 156 34 5 141 56 12
9 44 130 157 16 71 103 197 187 26
9 122 134 30 183 8 110 51 114 92
9 19 177 164 31 32 129 193 97 192
8 158 163 105 199 20 72 25 152
7 109 66 89 52 74 137 41
9 0 170 7 1 102 57 186 69 159
6 49 55 127 48 83 185
9 99 147 113 181 168 10 17 80 153
7 198 39 40 179 2 108 161
8 81 37 118 178 166 94 63 21
7 191 126 88 18 174 87 144
9 149 194 106 165 188 131 101 176 14
8 65 107 38 140 150 35 58 15

Total makespan: 109

