25
5 120 97 189 72 150
7 103 18 132 126 172 133 193
8 134 129 32 85 105 177 93 37
7 140 181 168 151 26 9 166
11 8 152 68 124 39 179 70 99 118 20 155
8 192 112 52 71 178 55 0 148
8 36 174 161 113 14 77 198 7
8 51 63 90 138 12 184 54 2
9 127 88 115 11 107 62 22 91 116
5 15 183 82 194 27
9 75 164 83 96 185 40 34 136 69
4 89 23 162 45
6 33 43 104 16 167 42
6 160 94 3 50 95 169
8 53 100 176 121 109 130 159 173
10 142 87 86 80 131 154 145 122 147 49
8 197 180 125 61 102 135 182 191
7 67 171 47 79 41 25 128
9 31 57 106 163 119 137 156 195 66
8 98 144 153 158 84 28 74 108
11 78 46 48 13 146 5 110 187 76 44 35
8 190 188 10 24 6 38 170 175
8 21 139 81 141 111 186 4 58
11 114 60 19 157 92 29 123 199 101 56 149
11 59 117 1 143 165 65 17 64 73 196 30

Total makespan: 53

