15
13 43 74 81 68 58 182 193 13 27 196 80 56 24
12 144 143 6 139 72 185 150 123 184 190 117 163
15 20 188 109 39 136 91 75 73 116 103 57 131 191 52 38
13 49 90 21 194 170 178 169 151 29 99 181 175 124
17 15 177 55 106 59 167 79 1 158 32 176 82 54 198 62 130 133
11 105 44 53 9 12 17 114 183 115 129 142
12 147 33 112 35 100 122 134 108 180 85 128 42
14 94 92 11 83 126 111 160 154 4 69 0 104 93 187
13 63 96 172 18 110 50 46 140 141 137 34 22 10
10 192 16 159 40 119 121 162 5 8 145
14 186 155 171 199 152 120 179 67 41 47 37 132 31 71
13 64 88 25 153 7 189 60 135 28 168 77 107 97
16 197 148 125 156 89 36 65 30 138 26 161 165 76 195 146 166
11 84 61 157 95 101 3 173 45 19 51 174
16 70 149 164 98 2 118 87 48 102 78 113 66 86 14 23 127

Total makespan: 114

