30
9 1 122 186 0 65 129 60 152 139
9 168 132 117 93 138 161 63 110 104
9 170 79 150 192 16 124 92 46 41
7 31 17 55 165 189 123 148
10 90 18 178 155 184 115 179 91 56 83
6 133 20 87 102 106 74
5 162 37 5 160 164
6 57 177 143 100 80 142
6 185 99 193 50 32 188
7 2 195 137 38 76 126 182
4 96 47 68 23
6 59 103 113 40 145 11
6 118 26 127 125 53 190
8 19 158 49 147 10 173 52 157
6 120 4 3 71 135 15
6 67 82 180 81 73 62
6 191 169 7 108 128 109
6 116 176 121 13 134 54
6 101 75 114 119 197 98
6 140 78 149 95 61 44
8 194 29 167 198 42 86 146 175
5 25 94 34 199 27
6 8 64 88 12 141 51
7 97 84 105 166 131 144 154
8 181 174 66 33 48 153 36 196
6 77 183 43 58 172 107
6 111 151 9 24 112 30
6 159 45 89 156 70 187
5 163 72 22 136 35
9 69 130 28 85 14 6 21 171 39

Total makespan: 82

