25
8 86 50 190 28 161 33 149 187
6 107 125 192 63 90 179
12 152 96 110 20 35 81 127 148 193 39 138 61
7 41 164 38 25 123 199 34
8 146 171 76 48 169 150 22 165
7 162 13 108 106 172 36 24
10 163 155 114 0 23 53 99 168 11 111
10 198 9 80 135 132 167 118 74 83 105
7 70 32 14 30 177 51 60
8 88 124 196 82 197 175 141 77
6 189 144 29 78 45 31
7 131 21 10 17 112 71 62
10 89 103 120 101 128 49 173 64 54 176
9 40 26 72 69 79 93 130 6 98
8 57 100 92 8 1 170 84 37
6 126 181 188 47 142 104
7 154 119 102 153 19 59 116
6 159 160 109 137 44 139
7 65 43 166 140 12 186 66
9 174 16 67 52 27 117 129 178 156
9 147 134 42 115 4 182 133 3 151
7 2 194 191 136 121 7 113
7 56 180 143 73 185 94 5
10 55 46 145 18 68 97 87 58 91 195
9 15 158 85 75 183 122 95 184 157

Total makespan: 52

