30
6 156 0 148 159 108 73
5 179 66 112 47 24
7 81 58 5 48 44 91 176
6 174 83 86 182 59 161
9 183 138 31 155 171 51 4 119 103
7 110 19 165 9 3 170 13
7 55 29 84 124 64 45 187
6 134 12 123 152 30 79
10 69 85 34 173 16 185 107 175 68 145
6 117 160 186 27 128 33
5 62 163 65 90 172
4 118 104 102 98
8 52 129 18 180 114 60 99 169
9 125 140 21 53 190 71 126 122 111
5 157 2 89 177 8
9 189 77 115 149 131 154 137 6 39
8 35 43 116 46 141 28 82 25
8 127 150 23 199 195 178 11 75
7 100 184 61 56 63 166 191
6 41 153 37 167 151 194
6 70 78 50 164 49 42
6 198 121 162 14 146 57
7 22 74 135 133 26 101 105
6 38 40 144 88 197 15
5 67 106 93 143 147
7 181 80 97 94 132 192 76
6 54 96 168 87 17 113
5 193 188 72 7 130
8 196 136 95 36 120 1 158 142
6 139 20 92 109 10 32

Total makespan: 81

