25
6 157 31 193 59 53 46
9 81 78 197 147 132 10 195 178 198
7 95 145 170 199 79 136 189
7 100 179 125 9 163 168 45
10 4 174 166 108 134 27 90 13 186 80
10 75 151 98 106 49 14 37 21 5 1
8 112 52 48 6 167 164 172 41
7 97 58 107 26 140 131 130
7 29 110 60 62 22 63 119
6 56 65 68 153 71 30
11 196 24 94 101 180 156 92 51 141 133 111
7 122 120 15 8 194 182 176
8 109 185 160 128 32 66 0 82
8 162 50 77 88 154 117 84 173
9 142 190 16 25 36 165 138 188 76
7 161 113 96 34 115 169 118
7 139 99 28 124 144 123 12
5 38 42 35 73 69
9 70 40 175 67 187 103 159 148 11
9 155 17 55 104 89 181 85 150 191
10 33 72 149 61 183 83 135 116 18 105
8 126 93 184 171 143 19 20 3
9 129 177 47 74 114 54 7 152 121
7 2 39 23 87 64 43 102
9 137 86 127 57 44 158 91 146 192

Total makespan: 51

