15
9 25 164 129 0 17 199 23 57 45
16 150 22 26 172 198 95 153 115 7 80 195 32 53 21 79 103
12 151 163 72 122 141 180 128 48 139 54 58 169
13 197 162 36 28 99 4 11 143 81 46 189 182 39
13 33 102 136 30 49 15 70 175 69 42 110 132 47
16 118 177 190 161 38 183 106 19 155 50 119 67 9 127 192 185
16 56 154 194 188 52 134 51 74 117 93 107 167 116 64 142 121
12 27 35 170 97 71 156 144 101 165 20 62 10
18 131 160 14 137 6 98 104 146 135 18 186 90 92 40 44 158 55 138
12 187 108 8 3 181 89 145 83 76 13 100 147
10 60 75 140 31 24 105 174 178 37 168
16 87 133 149 152 193 130 179 114 34 123 16 77 85 176 120 63
12 173 157 109 43 2 125 113 88 191 82 94 148
12 12 112 73 91 1 41 84 171 5 196 126 124
13 86 78 111 68 184 61 159 65 59 96 66 166 29

Total makespan: 189

