10
21 59 145 36 137 92 188 26 195 125 158 150 193 182 173 176 17 143 180 141 32 165
19 99 30 38 113 2 184 70 178 7 95 108 140 181 120 15 76 86 139 77
15 155 34 41 1 72 68 71 142 37 88 21 24 19 87 114
24 27 172 192 107 33 91 101 156 187 116 194 144 112 131 61 135 22 122 146 170 97 196 58 50
22 23 183 163 161 134 10 153 90 199 46 82 129 102 73 89 85 159 53 29 138 133 69
24 121 136 96 151 63 78 105 127 28 189 148 110 67 115 84 168 55 118 177 93 20 117 167 164
19 123 198 51 154 39 0 128 3 9 5 104 94 124 130 35 45 75 132 57
20 43 62 185 44 49 149 74 14 12 81 152 60 25 162 40 174 191 54 106 197
15 11 147 103 47 109 42 66 16 179 13 190 83 56 18 31
21 186 6 4 98 111 79 166 64 52 100 48 169 126 171 175 160 80 65 157 8 119

Total makespan: 249

