10
21 197 173 177 160 66 118 19 168 13 109 81 123 178 159 85 148 116 179 17 11 33
28 128 10 133 164 36 62 25 129 192 158 46 186 90 12 8 119 152 135 47 9 120 103 151 105 87 14 194 111
19 162 6 154 149 184 60 125 180 73 32 44 70 65 110 114 3 132 175 77
16 167 35 48 122 40 74 181 157 56 72 86 196 82 198 147 172
21 153 166 138 4 150 89 124 50 15 195 107 7 101 71 88 191 117 91 39 76 102
19 121 174 199 37 63 43 53 146 28 104 38 113 18 187 93 169 68 96 58
23 141 42 29 137 55 183 75 0 22 127 26 21 142 185 27 79 98 52 143 57 190 45 99
16 5 16 23 136 140 189 144 64 165 163 51 83 24 193 41 176
18 131 78 84 67 115 94 97 61 126 92 95 108 20 54 2 69 130 155
19 134 1 156 100 49 161 34 106 139 182 112 30 171 59 188 80 31 170 145

Total makespan: 269

