20
12 191 42 171 135 146 105 172 186 150 56 151 163
12 65 180 75 189 142 73 184 39 51 47 86 194
9 192 30 91 27 22 15 25 169 154
12 9 195 64 29 38 53 36 7 54 80 97 190
10 193 90 197 131 16 93 31 103 155 140
11 188 109 161 70 115 66 52 43 26 133 101
10 76 156 158 71 59 100 2 0 174 88
10 108 166 198 112 165 129 99 11 92 124
8 46 94 175 8 18 152 12 119
9 74 107 164 85 37 34 134 40 159
12 120 125 44 160 63 5 81 149 58 28 33 168
10 153 79 49 23 4 106 139 116 178 176
9 1 199 35 127 95 77 110 13 183
8 21 89 62 69 162 141 17 128
12 187 61 60 67 173 14 84 24 182 118 55 122
10 68 157 32 111 82 181 48 123 136 117
8 20 148 104 170 72 130 143 102
9 138 83 132 145 10 196 147 87 121
10 137 45 114 3 41 113 19 78 177 179
9 96 185 50 98 57 6 126 144 167

Total makespan: 98

