25
7 78 105 139 11 191 79 159
7 41 144 92 192 175 76 106
11 61 27 95 145 0 2 42 25 141 91 101
5 50 111 103 117 128
8 147 33 143 30 75 9 100 152
9 170 69 8 126 172 59 155 89 18
8 28 10 165 160 195 181 81 104
8 47 107 94 149 150 58 22 43
8 6 142 121 36 13 82 70 136
11 86 114 77 73 184 131 174 23 173 167 26
7 45 118 161 5 109 98 31
8 83 15 3 32 46 189 156 80
6 177 134 55 178 116 196
7 38 123 21 39 133 64 120
7 24 164 130 137 183 56 96
8 12 1 88 125 34 87 48 180
8 158 179 140 85 51 194 44 53
8 97 115 124 54 186 7 119 188
8 40 68 17 146 135 29 74 138
6 157 99 72 163 4 66
7 127 154 14 182 35 37 168
9 110 190 169 71 63 162 198 108 67
10 171 102 90 16 93 185 122 199 19 129
11 52 112 62 20 151 113 132 60 187 84 176
8 166 65 57 153 193 49 148 197

Total makespan: 99

