25
7 194 8 127 94 184 186 50
9 191 152 155 139 15 16 187 5 143
12 92 44 153 145 156 171 108 26 6 142 190 11
11 124 183 106 135 74 36 129 117 80 67 31
12 69 138 52 140 43 65 51 192 101 159 103 113
7 174 20 133 90 37 110 125
7 32 175 22 58 88 59 29
9 193 7 13 55 163 42 91 150 151
7 130 83 63 3 12 48 41
7 197 60 0 141 84 4 98
8 85 100 157 118 196 131 180 126
7 38 123 72 68 78 24 176
5 93 149 172 161 57
8 119 170 160 114 56 144 14 27
7 107 62 96 167 112 165 188
10 89 120 109 147 21 87 132 136 198 182
8 128 102 66 158 30 185 134 169
7 73 195 76 146 116 54 148
8 105 111 81 189 35 45 77 17
6 115 40 164 166 49 154
7 9 82 18 199 46 34 179
6 33 86 95 121 177 99
8 173 75 2 28 1 39 178 104
9 122 25 162 181 23 10 97 47 79
8 71 61 137 53 70 64 168 19

Total makespan: 93

