10
23 103 130 195 32 121 114 178 85 68 82 157 131 188 159 25 122 176 198 170 142 89 62 96
23 185 119 73 112 167 98 35 5 19 101 13 75 56 125 171 182 141 189 16 58 192 53 20
18 172 174 38 74 79 3 193 65 97 7 30 184 138 194 41 12 42 113
22 151 129 4 99 116 145 120 90 173 156 15 135 93 76 158 108 81 137 124 115 105 177
17 139 153 102 166 84 21 37 59 55 148 111 83 183 64 104 117 26
17 49 29 17 61 168 69 133 6 40 163 34 175 118 106 50 36 146
22 91 9 31 123 100 78 190 181 140 149 18 152 44 45 10 52 67 43 27 0 1 66
20 8 126 88 72 80 191 128 161 94 143 33 95 187 71 60 162 199 165 46 164
19 136 54 47 70 127 110 134 179 107 150 144 48 147 186 155 63 2 180 92
19 169 87 109 24 132 14 86 57 28 22 39 77 154 23 51 11 196 160 197

Total makespan: 326

