25
7 166 45 161 189 52 9 162
6 176 182 12 39 171 40
6 17 54 11 196 102 165
10 137 164 10 81 157 125 94 173 135 113
6 139 177 58 62 84 153
10 55 145 47 6 38 168 53 73 76 136
11 98 16 170 159 187 0 48 185 123 121 178
9 35 19 88 130 192 72 34 133 167
7 134 108 111 80 186 77 184
9 118 194 96 21 127 70 85 65 156
8 154 82 71 28 99 64 14 129
9 66 92 163 150 199 124 155 33 140
12 110 8 109 51 68 151 119 69 181 30 49 15
8 143 112 141 61 1 18 4 26
8 142 36 152 116 120 83 126 5
8 13 56 43 60 146 75 23 147
6 193 183 91 169 114 158
8 20 148 57 22 86 25 89 107
5 24 117 188 100 79
7 160 104 90 29 101 74 59
9 122 42 46 87 50 106 7 131 190
6 32 191 149 197 31 174
9 105 2 103 128 95 44 78 132 144
8 97 138 93 175 27 172 195 115
8 180 67 41 37 3 179 63 198

Total makespan: 52

