20
10 41 46 192 143 21 40 120 132 163 84
11 51 105 71 15 16 194 150 136 176 122 156
11 20 153 58 124 173 10 35 184 188 89 96
10 129 180 52 183 74 81 126 114 50 134
8 166 13 106 29 161 37 115 195
12 158 77 36 191 138 99 26 169 61 167 116 121
11 128 133 103 109 92 66 160 93 5 6 107
10 79 24 38 196 165 14 104 152 68 32
9 83 130 76 97 98 78 31 39 100
12 8 47 177 118 108 140 151 63 162 170 119 65
11 64 1 3 199 157 181 42 23 155 75 135
11 189 144 164 0 147 113 101 69 45 154 182
8 28 86 186 137 85 82 187 27
10 193 179 110 11 67 95 4 197 73 171
10 112 88 59 149 145 53 185 57 190 131
10 12 127 60 117 2 55 141 33 9 49
9 48 7 123 168 178 70 172 62 34
9 22 111 25 159 43 146 90 139 87
7 17 125 102 148 80 44 198
11 18 19 94 175 30 174 54 142 91 72 56

Total makespan: 142

