15
13 196 80 24 43 74 13 58 182 68 67 81 56 88
12 19 47 59 163 144 6 185 150 123 184 190 139
13 20 131 57 191 116 175 188 73 39 109 52 38 136
14 124 29 143 3 142 194 170 178 169 151 49 90 21 99
18 15 32 54 130 133 27 1 158 168 176 82 55 106 62 198 167 66 79
10 129 115 105 9 12 17 114 183 44 193
13 120 122 147 33 112 53 134 108 180 128 42 85 100
13 187 111 160 154 4 69 0 104 11 83 145 26 94
12 137 18 110 50 10 140 141 121 34 22 46 96
11 174 91 119 126 8 5 192 16 159 93 162
13 37 132 63 179 41 186 155 31 71 171 199 152 70
14 77 25 98 60 135 28 107 97 189 153 7 177 64 103
16 156 197 148 125 75 146 166 40 161 165 36 65 30 76 195 138
12 72 172 181 173 45 89 157 95 101 84 61 51
16 23 127 164 117 86 14 118 87 48 102 78 92 2 149 35 113

Total makespan: 113

