10
19 100 40 53 111 193 23 77 69 139 135 60 191 57 147 178 64 91 84 37
15 96 144 76 131 20 117 80 101 188 134 181 70 136 132 61
19 195 118 185 158 87 30 56 119 109 175 148 10 133 116 138 58 150 92 107
13 17 167 151 105 177 130 83 88 174 22 54 146 153
21 4 41 24 11 75 13 16 137 35 173 44 143 43 49 79 127 165 12 18 72 184
22 113 34 110 123 172 73 27 129 82 169 62 97 176 55 9 42 50 159 19 152 71 32
27 161 157 5 155 194 198 192 108 74 8 29 46 47 104 163 102 38 78 106 48 7 67 128 199 63 120 171
22 65 162 112 39 166 141 66 98 89 94 168 179 6 90 99 3 93 140 28 156 45 145
23 186 81 103 126 142 95 187 160 149 164 15 14 1 85 189 0 21 183 124 121 170 196 190
19 36 33 68 52 25 182 114 115 180 86 125 51 122 154 31 59 26 197 2

Total makespan: 266

