15
14 127 135 162 174 167 70 38 43 101 22 190 29 34 66
11 85 144 158 165 23 76 65 92 11 170 139
14 87 179 138 90 128 173 24 5 146 77 16 19 37 68
15 40 53 9 62 6 25 64 193 122 177 125 36 113 42 80
10 196 27 189 111 33 69 137 197 150 103
14 3 180 132 71 47 35 1 178 120 10 172 26 176 98
17 154 118 61 58 109 15 4 116 164 41 187 48 60 2 157 73 81
14 169 156 184 181 119 17 140 160 50 82 20 88 142 159
15 30 96 67 192 86 89 148 13 136 185 198 129 57 84 97
12 32 171 59 117 110 44 28 8 168 75 95 175
14 51 79 155 49 163 149 74 130 12 100 145 46 199 31
14 104 108 151 188 72 115 153 14 99 45 183 18 195 121
12 124 123 166 161 134 63 0 182 39 54 105 78
13 55 94 147 83 143 114 102 186 191 7 52 56 194
11 107 106 91 141 21 152 126 133 93 131 112

Total makespan: 185

