15
13 26 46 151 47 104 197 139 101 103 92 41 36 132
16 123 141 43 118 23 195 78 128 49 73 144 58 55 105 28 187
12 127 117 56 7 131 164 147 107 89 112 150 180
12 192 48 153 70 72 162 186 60 158 18 83 5
14 34 20 77 25 81 165 40 86 146 100 179 13 175 63
11 10 119 0 9 2 76 149 140 52 35 21
15 91 196 183 24 174 71 74 133 176 167 54 148 160 32 184
14 45 115 79 114 17 182 53 121 124 169 129 1 37 51
17 94 88 102 190 143 188 155 93 50 198 31 67 142 3 172 171 30
14 191 39 38 177 16 120 193 65 138 163 96 122 125 110
16 15 181 14 84 4 109 135 59 33 154 85 126 68 156 27 64
11 87 145 80 113 12 99 66 161 42 95 11
12 6 57 130 8 82 189 178 19 199 106 134 166
13 137 170 152 111 29 157 108 159 136 98 90 97 168
10 173 61 44 62 69 22 185 75 116 194

Total makespan: 168

