15
13 84 132 97 155 144 37 43 128 76 15 41 195 152
13 197 23 64 187 35 34 149 130 54 74 71 101 16
11 78 126 59 185 173 53 140 87 135 40 103
12 170 109 172 62 89 121 122 95 63 4 158 66
14 164 99 85 52 145 19 136 184 81 151 157 90 10 105
11 192 29 104 133 46 26 161 65 20 92 67
16 24 162 102 91 3 70 111 199 12 193 189 191 186 178 120 148
11 11 190 107 33 58 55 7 83 96 69 45
16 154 194 32 98 18 21 163 168 61 119 180 27 25 106 141 75
14 174 176 150 68 166 94 88 42 51 177 22 179 9 6
16 0 183 108 31 28 143 82 77 129 112 72 50 60 127 118 116
14 117 113 160 48 13 175 181 131 1 153 44 188 47 134
12 169 30 100 139 73 39 167 86 196 156 14 38
14 79 198 182 17 115 93 124 165 36 8 114 159 137 147
13 142 2 57 123 49 56 125 138 146 110 80 5 171

Total makespan: 169

