15
9 152 17 199 23 170 25 164 186 64
13 21 56 183 172 145 153 115 7 80 195 32 53 102
11 150 128 11 54 65 171 144 151 131 141 169
14 182 39 81 46 16 15 4 24 143 189 162 13 28 99
11 30 175 69 42 110 132 45 49 97 113 48
15 118 177 50 119 67 9 77 36 127 134 51 190 122 197 58
14 76 167 116 57 27 94 188 142 121 52 60 184 107 10
13 198 100 35 71 156 20 78 72 103 191 63 117 136
20 44 158 55 104 146 106 135 90 92 137 6 0 26 14 82 18 154 155 95 40
12 124 8 3 181 83 194 187 89 147 70 79 130
13 178 37 29 5 192 74 75 140 31 168 93 129 98
15 87 133 149 61 85 176 120 174 123 193 114 34 160 139 38
14 88 101 148 166 109 43 19 173 2 125 62 138 157 163
15 1 41 73 91 126 165 22 84 12 112 185 196 179 108 33
11 159 105 47 59 86 111 68 96 66 180 161

Total makespan: 186

