10
23 53 123 110 39 182 122 81 56 125 176 18 150 197 38 159 163 187 173 48 138 64 164 51
15 58 192 152 108 86 179 78 79 85 20 160 101 31 118 124
22 60 117 194 19 12 59 109 120 177 198 140 181 99 73 84 196 75 16 96 44 114 69
18 26 37 167 134 100 43 136 115 66 67 183 93 126 141 190 40 168 68
18 88 28 41 129 131 24 8 106 10 36 186 165 132 50 23 191 162 65
19 139 9 92 34 119 15 82 105 98 121 91 166 0 97 156 137 128 14 5
23 188 13 112 3 83 46 135 155 71 158 127 2 54 184 6 62 107 49 47 144 172 55 142
21 76 149 175 146 90 80 63 25 32 17 199 72 180 169 95 143 171 147 21 148 45
22 52 7 57 145 29 113 89 195 35 130 185 1 154 11 30 70 4 151 133 178 116 161
19 87 74 157 189 170 61 77 111 42 94 27 22 102 104 103 174 193 153 33

Total makespan: 314

