15
14 95 188 105 72 7 52 191 65 120 198 74 100 114 50
15 3 83 17 106 89 145 79 112 135 137 194 159 24 88 146
11 170 9 40 178 124 54 78 73 41 12 117
15 122 86 182 158 138 130 109 123 142 59 76 68 66 32 185
9 174 101 45 148 23 48 99 30 42
19 96 161 93 115 16 15 21 189 190 10 69 53 131 193 196 85 154 33 87
13 116 27 55 31 34 19 175 128 143 70 160 29 167
14 91 177 67 166 125 4 62 13 46 139 75 162 0 20
11 94 84 92 126 104 35 118 173 103 181 187
15 81 156 165 184 8 38 140 132 47 28 107 134 111 22 56
9 133 192 155 26 98 127 169 60 49
15 18 80 121 58 136 39 186 195 168 11 176 36 183 129 141
19 5 102 164 64 110 77 82 150 90 147 97 171 71 152 144 43 108 119 57
12 2 163 199 44 151 37 14 179 180 63 172 157
9 1 113 149 51 61 197 6 153 25

Total makespan: 133

