20
12 136 146 105 135 18 74 27 172 186 97 51 151
9 194 10 160 47 73 184 9 180 75
8 15 25 169 30 150 152 55 91
13 187 53 36 7 195 64 29 38 54 123 162 65 80
8 197 131 181 31 103 155 78 154
9 66 130 188 109 70 72 26 133 101
9 166 89 0 76 156 158 71 59 100
11 99 11 92 124 112 165 159 115 43 129 192
11 12 119 52 94 111 19 8 190 161 42 122
8 107 164 85 37 34 134 171 86
16 196 149 2 5 81 142 39 58 28 33 168 4 96 120 125 44
8 79 175 153 176 140 23 116 178
9 183 88 127 95 77 110 132 90 1
6 69 193 22 141 17 128
11 61 60 117 14 67 84 24 108 199 173 182
10 46 35 189 163 40 68 157 32 56 48
11 177 191 93 16 20 148 104 170 143 102 13
10 145 138 118 174 41 106 147 87 121 83
12 179 198 139 137 45 114 3 113 63 82 21 49
9 62 6 126 144 57 50 185 167 98

Total makespan: 100

