10
20 100 40 127 60 3 111 193 191 57 147 178 64 91 37 11 98 135 23 77 69
15 96 144 76 131 20 117 80 101 188 134 181 70 136 132 61
19 58 150 159 184 148 10 107 109 175 16 114 185 158 87 30 56 119 138 116
14 92 167 55 22 54 146 88 151 105 118 177 130 83 140
22 12 18 72 24 4 41 44 143 49 79 153 63 13 43 129 187 137 35 173 165 97 93
21 152 71 53 82 169 62 31 32 102 176 42 50 9 19 113 34 110 123 172 73 27
26 120 157 5 108 155 194 171 38 104 163 198 84 48 7 67 128 199 25 192 29 46 47 139 74 8 78
22 75 99 36 65 162 112 39 166 141 168 179 6 90 28 145 182 156 45 195 66 89 94
23 186 81 161 95 106 189 142 160 149 124 121 170 196 21 183 103 126 164 15 14 1 85 190
18 33 133 68 52 154 17 125 51 174 0 59 26 197 2 115 180 86 122

Total makespan: 265

