30
7 113 189 29 24 190 155 85
8 57 1 59 40 140 31 52 60
8 42 32 172 100 160 94 151 168
6 115 20 67 128 180 12
9 104 35 164 152 34 86 47 171 177
3 103 96 143
7 101 55 33 58 124 193 66
5 173 175 135 19 132
8 78 76 51 108 27 161 23 121
8 139 7 53 191 148 37 99 182
8 54 49 120 15 80 43 63 149
7 83 95 131 179 197 106 72
5 18 17 117 87 105
4 178 61 184 185
8 165 133 157 81 77 45 71 186
4 111 26 118 150
6 69 41 10 65 98 158
6 73 130 192 194 141 56
7 5 44 25 174 4 146 145
6 122 75 138 30 82 147
6 125 8 14 28 153 22
8 2 188 195 119 84 21 39 123
7 198 112 183 116 126 109 199
5 181 90 3 102 154
6 114 92 0 38 169 68
7 196 110 156 176 93 97 6
8 13 11 89 159 136 9 127 46
8 36 162 107 163 187 79 167 144
6 70 64 137 134 50 129
9 88 142 166 91 74 170 62 16 48

Total makespan: 39

