30
7 58 52 125 36 199 93 8
5 183 7 143 12 184
4 51 141 56 35
7 5 157 54 38 19 1 128
9 106 180 112 168 17 6 156 197 67
7 164 135 65 161 94 178 174
5 11 55 43 187 9
8 100 134 60 50 33 148 77 80
9 39 155 117 64 66 189 159 136 24
6 89 144 176 68 28 81
5 138 101 129 53 62
7 22 47 158 26 32 84 27
8 119 111 49 118 165 4 191 92
8 166 113 63 109 137 41 97 23
6 114 83 102 69 42 139
6 193 167 154 145 79 10
5 115 40 110 173 150
7 192 116 74 85 75 61 18
7 198 48 3 73 171 96 95
7 30 127 195 107 194 45 20
8 59 132 2 16 152 82 70 76
9 185 86 133 188 90 153 88 120 140
7 162 25 131 104 142 179 146
4 13 44 169 121
5 34 103 122 175 46
8 149 181 151 124 123 108 170 87
7 57 31 172 126 37 163 78
6 15 71 29 14 196 99
6 177 130 147 186 160 91
7 105 72 182 21 98 0 190

Total makespan: 84

