10
23 15 97 75 197 90 199 18 68 174 195 147 39 71 67 134 79 123 104 77 49 81 179 164
17 171 73 151 149 89 192 55 42 140 40 6 38 161 114 144 193 187
19 157 70 11 103 194 112 95 154 13 156 145 20 24 10 69 198 25 152 37
21 116 14 128 52 102 184 54 106 88 138 160 159 35 78 50 32 63 122 120 127 56
18 12 181 143 169 9 2 191 36 34 108 29 137 117 19 7 107 135 124
19 17 183 162 93 131 94 51 172 178 53 5 98 141 85 1 190 99 91 27
20 59 76 142 175 105 110 126 48 129 155 96 74 130 133 121 180 125 118 30 92
25 177 100 41 47 22 136 148 115 119 196 28 182 83 61 4 21 186 132 185 101 58 113 163 82 8
17 189 44 167 3 166 109 45 165 84 64 153 16 33 62 72 150 176
21 0 66 60 139 86 23 173 31 146 158 46 43 111 168 26 65 80 188 87 57 170

Total makespan: 256

