20
10 41 160 133 143 112 110 66 134 65 9
11 191 120 80 123 17 182 148 60 189 196 155
12 185 19 27 34 11 167 49 197 12 144 161 113
12 165 103 135 162 46 175 42 179 91 71 77 100
10 64 102 47 62 104 97 30 158 181 31
10 163 166 45 75 54 74 44 16 40 99
8 37 127 180 128 69 136 29 26
10 28 108 67 116 159 85 57 18 52 187
10 13 21 20 137 147 150 7 132 153 119
10 98 131 50 122 68 164 14 53 25 73
9 107 130 0 4 193 145 176 6 121
10 111 95 92 84 96 61 109 106 24 8
12 32 43 1 188 171 82 125 152 199 198 139 36
8 184 35 192 38 70 114 93 59
10 83 56 15 88 141 63 138 168 94 174
11 51 115 33 157 5 2 118 72 87 79 177
8 101 3 48 173 194 154 126 170
9 105 156 178 169 190 151 55 140 146
8 149 23 186 89 172 78 81 86
12 195 58 90 129 10 183 76 142 39 124 22 117

Total makespan: 69

