20
12 144 9 179 45 73 193 74 50 167 173 138 129
11 10 91 133 118 47 1 162 102 66 156 65
10 78 98 105 166 33 187 77 84 25 89
10 190 82 30 26 67 120 94 37 4 158
11 2 189 152 178 100 93 22 130 21 132 142
8 161 185 86 53 107 56 63 75
7 197 131 48 112 97 116 51
12 16 186 168 18 13 96 59 188 135 52 115 114
9 14 148 199 90 49 44 80 109 60
9 83 39 141 139 55 155 147 7 27
5 35 174 149 31 17
8 140 195 121 180 126 43 41 95
8 160 154 192 172 153 177 68 46
10 122 101 146 11 29 113 127 104 157 79
11 92 196 99 181 61 8 23 19 159 137 54
10 81 40 171 20 175 110 42 24 0 123
10 125 143 87 184 128 124 194 32 34 106
12 136 70 151 191 165 15 85 62 108 117 69 176
12 164 163 119 38 5 170 28 145 12 76 57 6
15 72 3 169 183 198 58 64 134 88 103 111 71 36 150 182

Total makespan: 139

