25
8 118 102 90 124 82 57 181 135
6 70 63 153 23 81 51
7 157 19 71 35 129 29 104
10 99 196 93 139 187 94 53 166 107 72
8 175 3 110 113 182 33 25 199
4 62 41 164 132
7 38 171 88 12 9 194 4
6 152 100 179 151 85 103
8 188 6 74 39 42 77 178 133
8 186 2 122 172 67 195 76 31
8 36 138 155 68 150 18 79 130
9 184 191 54 92 80 8 174 91 97
7 146 125 165 167 50 192 87
6 176 141 83 105 95 15
9 65 183 101 47 106 46 64 198 149
6 14 111 127 11 75 115
10 163 173 158 109 16 143 170 160 37 121
8 156 145 98 137 40 159 114 126
8 22 131 45 27 136 134 60 5
11 49 78 20 116 58 7 55 123 84 48 44
9 59 26 30 177 13 24 108 154 32
10 112 66 120 10 21 61 1 180 190 147
9 140 119 56 52 142 34 128 43 69
8 0 28 148 86 193 17 162 73
10 189 117 96 161 169 144 185 197 168 89

Total makespan: 111

