15
10 63 195 169 107 44 82 108 88 29 26
18 135 123 120 94 146 155 21 87 158 58 37 57 190 96 193 76 41 75
14 162 69 147 131 122 97 177 141 34 145 130 54 106 183
16 142 90 121 126 187 109 198 189 180 117 78 45 104 60 43 8
15 6 51 102 129 62 30 4 10 167 73 111 112 84 3 185
15 47 98 18 50 48 159 27 171 186 156 20 59 157 165 31
9 79 194 110 80 133 11 170 16 56
20 85 32 67 124 105 46 132 28 39 173 53 24 188 93 148 17 101 83 23 137
15 197 181 139 179 0 35 127 161 176 72 134 172 153 114 15
9 64 66 61 118 174 13 192 143 116
11 184 128 138 163 199 33 151 115 7 65 140
12 150 125 19 36 149 119 95 9 166 49 89 5
12 68 92 22 175 70 55 91 25 196 178 74 38
12 42 14 81 136 144 99 77 182 113 152 164 160
12 52 40 154 1 100 86 2 71 168 103 12 191

Total makespan: 153

