15
11 2 114 167 183 166 121 199 194 21 97 19
14 158 39 9 145 126 15 119 193 122 20 5 174 148 192
11 179 162 41 17 7 146 180 79 38 164 134
13 22 26 10 151 43 132 133 161 128 81 181 120 197
14 40 102 188 124 118 96 156 88 147 90 135 47 103 51
15 84 110 34 187 8 32 152 98 48 195 55 86 130 109 131
13 154 140 64 78 35 4 149 83 58 1 63 196 168
14 62 87 6 14 157 44 3 150 107 75 89 99 198 24
15 94 76 18 16 176 53 172 27 36 100 11 93 54 104 182
13 60 106 72 108 111 189 142 30 80 184 57 144 159
15 165 169 112 70 73 186 191 67 141 178 71 65 138 101 74
12 23 160 115 105 0 153 85 170 137 129 13 77
15 49 136 12 92 33 56 173 177 125 95 127 50 163 31 155
11 139 69 117 28 25 171 91 66 29 175 45
14 185 59 42 190 82 143 116 123 68 52 37 113 46 61

Total makespan: 106

