25
7 83 120 51 106 173 148 112
8 171 122 85 48 174 62 65 15
9 44 27 119 16 79 139 164 133 82
10 159 45 56 193 13 37 47 128 104 19
10 22 158 184 199 124 108 69 23 34 195
10 92 78 26 61 54 67 0 97 25 30
7 129 111 189 131 134 169 77
8 140 71 187 166 38 12 32 175
6 98 152 6 182 35 165
12 8 123 154 115 180 31 163 63 127 89 57 116
6 10 117 155 145 142 49
6 156 103 9 76 84 153
8 147 99 141 39 185 86 161 52
8 11 157 188 17 50 170 59 66
8 28 55 5 146 136 183 101 109
9 102 1 41 196 110 162 94 46 137
8 40 192 70 88 68 126 18 144
7 181 151 107 64 90 21 96
6 72 135 36 7 14 75
8 114 60 81 118 53 80 130 186
8 191 93 87 121 172 150 91 179
11 20 4 29 149 100 198 132 3 24 73 190
9 194 138 125 74 168 58 178 42 160
7 167 177 197 2 95 113 143
4 176 43 105 33

Total makespan: 103

