15
14 197 153 84 138 3 123 167 113 103 159 86 94 44 130
10 151 41 21 60 156 68 175 97 187 70
17 82 101 79 183 80 59 63 67 11 181 2 26 13 179 155 102 64
14 142 85 111 108 173 36 110 135 115 50 143 118 145 30
15 38 12 78 166 191 52 7 75 27 180 1 23 121 92 89
14 93 190 178 128 164 109 112 8 114 42 134 0 22 19
15 165 54 43 88 25 5 177 163 105 144 172 61 185 39 56
12 192 58 24 149 174 87 193 77 176 33 69 66
10 37 76 45 199 140 46 29 189 116 9
14 161 146 196 171 148 20 106 141 53 18 71 160 125 31
13 188 34 122 17 10 14 49 107 131 184 98 158 16
13 6 73 40 133 72 119 198 168 47 83 48 152 57
13 194 157 162 91 169 147 4 127 32 139 186 100 28
16 150 154 35 137 120 55 95 117 182 96 99 104 74 51 81 126
10 129 65 195 90 170 62 136 15 132 124

Total makespan: 195

