15
14 60 154 134 142 70 41 4 13 29 20 36 156 114 192
11 38 163 174 106 55 21 124 2 6 90 177
13 92 89 71 182 34 91 54 32 164 56 135 93 82
13 31 167 127 107 51 8 61 137 136 150 153 165 157
13 123 84 133 86 24 172 132 152 80 66 155 129 116
15 3 109 26 185 83 128 72 195 125 85 17 22 194 99 166
13 131 68 108 176 139 179 15 65 112 79 62 81 168
10 105 160 162 161 170 95 158 25 118 7
14 183 190 75 97 145 110 159 23 187 169 196 19 73 101
16 189 76 117 178 193 37 199 64 78 143 151 14 181 35 126 0
14 53 130 16 147 52 197 141 115 77 113 39 121 12 102
17 104 149 103 40 46 28 111 9 27 47 140 98 96 138 180 30 18
13 198 175 88 59 100 1 122 74 63 186 171 50 67
12 43 5 146 49 42 94 120 148 58 45 11 10
12 33 48 188 173 119 191 57 69 87 184 144 44

Total makespan: 189

