10
22 167 48 133 24 132 8 14 189 58 17 50 45 92 139 159 130 123 32 103 70 71 34
17 166 169 171 180 186 31 35 161 149 7 38 135 136 151 79 120 148
19 53 74 67 47 129 142 2 146 69 99 1 91 141 199 86 39 55 72 131
23 76 198 94 147 138 21 88 152 44 84 109 145 23 56 154 150 190 107 170 90 111 85 4
20 26 37 82 179 125 183 63 105 49 28 156 110 140 16 175 182 113 29 162 176
22 106 188 77 134 27 121 117 18 165 98 96 191 15 43 102 104 25 93 89 158 128 6
18 64 33 119 80 112 75 196 115 9 172 187 164 155 62 97 168 51 197
18 87 195 101 153 36 81 5 193 0 59 68 173 54 61 22 127 185 143
19 174 116 163 83 73 11 122 20 78 181 30 40 19 65 95 46 114 100 137
22 13 3 177 52 12 118 108 41 178 160 124 194 126 66 157 42 57 60 184 192 144 10

Total makespan: 300

