30
7 152 15 104 41 74 10 175
8 188 69 3 8 49 116 126 184
6 89 43 147 171 172 106
6 133 137 151 181 167 9
8 142 36 53 102 81 187 177 166
3 169 122 38
5 141 91 127 161 0
7 134 60 170 119 193 99 145
7 173 88 95 37 138 46 85
5 6 2 125 107 45
9 79 144 84 132 135 39 150 20 14
9 156 94 112 190 65 78 160 52 101
5 143 47 194 158 21
6 22 174 44 48 30 164
9 153 140 34 123 59 146 136 157 120
7 168 54 196 87 56 98 90
7 33 16 29 66 50 40 103
7 51 75 108 72 71 23 26
6 115 27 24 182 58 139
9 109 97 68 57 35 189 129 118 63
8 148 176 82 192 124 73 149 96
3 86 80 113
5 4 64 197 117 12
7 17 131 163 55 154 93 83
9 155 185 7 162 11 19 67 121 111
7 25 62 61 195 13 114 70
5 28 199 31 105 198
7 1 5 179 76 178 42 159
6 165 128 130 180 92 18
7 100 32 110 186 77 183 191

Total makespan: 37

