25
8 13 164 6 56 72 50 69 32
6 44 89 1 162 55 64
8 16 78 156 196 118 171 97 36
8 176 82 114 61 168 148 194 151
8 109 95 14 33 37 105 84 126
6 136 149 150 100 110 52
10 99 163 159 25 157 68 27 130 170 134
7 111 102 165 48 9 113 63
7 147 76 30 169 129 80 28
10 49 128 133 160 41 96 175 106 20 185
8 94 4 58 60 90 43 137 115
7 85 183 93 112 144 26 46
9 92 107 193 65 23 39 145 155 152
5 140 178 88 123 181
9 188 74 125 21 54 7 45 190 182
10 8 121 2 47 186 29 135 77 119 42
9 79 31 122 19 146 180 17 81 173
5 35 83 0 70 143
9 195 73 158 87 120 67 132 142 75
9 189 127 11 91 184 161 57 117 198
11 124 199 139 154 5 66 116 98 62 172 192
8 104 187 101 138 166 40 3 177
9 191 167 141 34 131 108 38 179 18
6 53 51 197 10 22 71
8 86 12 24 153 15 103 59 174

Total makespan: 101

