10
17 185 96 80 152 76 7 196 56 57 109 127 199 115 87 169 191 158
20 111 166 155 86 198 42 164 0 84 31 105 110 71 97 156 3 148 88 82 1
22 100 175 176 14 135 50 113 181 38 23 27 65 90 81 6 133 69 159 170 77 172 22
25 136 92 186 78 68 89 101 108 60 183 36 140 178 150 187 8 17 43 122 54 95 171 137 62 45
20 106 121 58 91 61 49 13 2 197 123 9 116 11 5 29 177 12 126 28 40
21 55 118 194 73 173 143 63 34 144 124 66 46 151 132 195 161 41 125 120 85 10
13 145 52 182 25 188 174 4 146 128 180 59 141 117
22 147 21 114 130 107 139 64 162 44 149 20 37 53 98 26 167 192 15 163 160 129 119
19 104 153 93 47 103 32 79 131 134 193 102 19 75 30 154 138 67 184 157
21 94 16 70 24 190 165 18 35 189 51 179 72 168 112 33 74 48 39 83 142 99

Total makespan: 327

