10
20 139 18 156 109 133 26 183 174 29 130 117 162 118 100 19 119 185 53 34 49
19 17 123 84 138 42 7 89 65 171 44 93 13 66 71 198 87 97 169 195
23 186 147 146 111 180 101 35 63 25 102 137 2 177 124 94 164 27 30 33 21 152 140 47
15 178 52 181 144 170 70 0 45 43 4 159 125 51 82 6
22 86 99 38 60 189 24 161 28 46 57 23 56 37 31 167 182 59 50 106 32 155 110
16 39 105 127 136 41 48 103 188 55 168 154 5 184 11 73 68
22 8 69 120 179 108 115 75 121 190 148 72 142 129 15 64 134 95 77 191 194 150 10
18 20 176 135 90 88 78 67 112 81 9 3 145 199 151 187 91 116 193
17 153 128 96 80 172 173 22 62 196 132 192 197 85 12 143 16 79
28 92 14 113 166 149 36 83 122 76 131 163 98 114 165 158 157 40 107 74 160 1 58 104 61 54 126 141 175

Total makespan: 310

