30
6 32 189 64 190 6 110
10 2 9 173 14 196 19 117 163 25 82
7 128 12 177 100 47 77 169
8 90 108 54 92 132 114 109 160
8 127 193 134 73 179 30 141 102
6 131 36 184 129 76 161
8 20 145 42 104 41 45 194 72
4 97 192 43 187
8 91 164 23 99 5 153 98 50
6 56 157 40 139 125 87
5 120 137 133 68 151
8 136 176 119 156 152 35 148 59
5 52 33 155 105 122
5 74 53 93 175 22
6 10 195 70 138 121 113
6 170 126 162 55 31 165
6 144 17 159 168 80 158
8 48 79 0 116 46 199 181 146
5 89 63 26 21 124
6 66 39 178 172 34 130
6 78 188 67 83 140 185
8 4 96 16 142 166 154 171 58
5 60 81 27 75 24
7 71 88 107 7 198 15 51
8 183 13 150 86 115 3 85 62
8 69 123 1 37 44 29 94 112
6 197 182 38 149 18 167
8 61 174 28 186 95 191 103 8
8 101 49 118 57 84 180 65 106
5 11 111 143 147 135

Total makespan: 62

