30
7 50 39 35 24 63 64 157
10 183 17 132 131 119 186 26 103 88 38
7 62 49 145 33 83 44 166
5 73 180 109 102 156
7 25 170 100 67 140 126 172
5 46 29 187 121 184
5 74 164 114 10 76
5 2 195 11 65 28
5 117 80 59 168 7
9 21 69 118 40 71 178 105 19 15
4 79 139 13 101
7 75 8 27 159 41 148 82
7 52 169 110 176 78 96 72
7 146 112 104 18 143 150 122
7 116 91 60 160 129 193 87
6 4 182 34 196 198 123
7 51 58 138 16 107 127 77
6 99 14 124 68 194 97
10 163 94 197 5 9 199 95 173 106 43
8 120 6 32 70 61 185 42 167
8 188 81 56 158 133 147 181 57
6 115 12 141 66 90 22
6 111 191 89 152 47 190
7 1 134 151 92 149 153 130
6 53 161 162 20 154 177
5 142 84 23 155 0
8 192 174 113 85 125 36 45 165
5 108 128 30 93 189
7 31 48 86 37 54 98 175
8 3 179 55 144 137 171 135 136

Total makespan: 68

