10
17 28 185 96 80 105 199 152 76 7 196 56 115 101 87 169 191 88
18 82 1 109 123 180 125 65 110 164 0 84 31 15 144 166 97 156 3
23 198 135 161 133 69 112 90 81 170 77 173 6 27 59 100 175 176 14 50 113 181 38 23
28 92 72 137 111 35 139 62 17 43 122 54 150 71 22 171 95 148 186 187 60 183 36 140 178 68 89 78 12
19 126 118 11 5 29 106 121 9 116 2 104 168 58 91 61 49 40 162 16
20 136 194 57 120 85 10 4 74 143 63 46 151 132 124 66 73 41 34 26 55
14 174 127 146 141 117 128 25 184 193 197 145 52 182 42
21 147 21 114 130 107 172 44 45 192 163 160 129 142 149 20 37 53 119 8 64 13
18 167 153 93 47 102 19 159 103 32 79 131 134 30 154 138 67 75 195
22 157 94 189 99 98 18 86 158 70 24 190 188 177 165 39 83 48 51 179 33 108 155

Total makespan: 326

