10
24 25 122 176 152 62 68 82 140 32 121 114 143 71 170 142 89 130 195 37 103 101 157 131 188
22 198 187 5 19 93 13 173 119 73 112 167 42 35 58 192 56 125 171 182 141 189 159
19 172 3 138 113 30 193 38 74 79 7 184 12 14 65 97 20 57 116 194
22 166 135 99 96 33 4 120 90 115 151 129 53 66 105 177 47 137 76 158 108 81 145
16 178 59 55 139 153 102 15 84 21 111 83 183 64 104 70 26
17 6 40 146 75 118 106 50 36 174 163 34 175 29 17 61 168 49
22 43 27 0 1 10 52 149 18 9 31 123 100 78 67 85 44 45 156 190 181 127 91
17 8 126 88 72 80 191 46 164 148 95 60 185 128 161 94 69 133
23 117 186 155 63 2 144 48 147 199 107 150 86 165 169 124 136 54 134 179 16 180 92 110
18 98 109 24 132 87 28 22 39 77 162 51 11 41 154 23 196 160 197

Total makespan: 326

