30
6 114 160 64 190 161 162
10 100 94 71 126 153 133 73 92 192 102
6 195 1 194 168 34 131
9 11 95 169 17 63 5 26 37 67
6 187 164 86 179 176 173
5 167 3 196 74 109
4 177 148 123 99
8 88 57 152 91 41 142 104 140
8 90 4 166 13 128 69 111 15
5 129 121 199 151 191
7 180 198 7 22 116 171 36
7 155 81 118 53 188 58 25
6 65 29 120 170 51 85
6 35 174 2 154 43 149
6 130 93 132 189 19 144
7 158 82 46 10 45 55 47
5 72 159 175 48 56
5 184 75 52 108 117
4 49 54 76 83
10 8 106 77 163 98 119 28 193 124 68
6 78 143 70 60 33 61
7 0 62 122 31 14 21 12
9 39 27 24 197 125 23 157 16 101
6 40 156 44 141 110 127
8 20 113 181 138 30 134 66 97
7 186 139 112 79 59 178 107
6 9 105 38 42 96 84
10 147 89 80 32 165 137 150 18 182 135
5 103 185 6 136 115
6 146 183 145 172 50 87

Total makespan: 81

