30
8 27 0 65 139 145 9 129 60
8 163 155 168 132 117 79 63 110
7 192 16 124 92 46 41 189
7 2 51 8 166 148 140 165
7 149 184 44 83 161 91 56
6 81 3 88 29 6 125
7 181 162 37 160 164 50 199
10 171 68 5 58 100 80 142 48 11 20
6 193 141 32 39 25 196
7 182 69 34 151 38 76 126
5 15 96 47 99 102
5 138 146 103 59 156
5 14 24 26 33 115
7 157 105 52 158 10 73 4
5 179 135 78 195 113
7 62 67 82 1 57 86 109
9 97 169 198 17 40 194 180 190 178
5 173 112 13 121 54
7 71 197 98 18 114 119 36
8 177 133 28 107 61 170 123 153
7 85 167 43 74 66 175 122
4 94 191 186 108
6 31 12 172 53 19 176
7 84 143 154 144 128 90 116
8 152 22 93 104 64 134 75 106
6 77 183 23 49 185 150
9 30 89 42 111 101 137 95 188 131
8 127 159 118 120 136 45 70 187
4 55 72 87 35
5 130 21 174 147 7

Total makespan: 82

