25
12 135 66 103 56 110 142 60 92 5 172 45 49
7 94 26 58 179 147 131 126
8 125 199 23 87 141 8 107 181
9 40 148 117 90 29 80 105 64 59
8 72 118 13 71 1 2 54 0
6 57 15 96 14 89 62
11 185 139 144 50 190 86 12 27 25 20 84
9 130 167 113 176 46 156 61 198 10
9 75 153 74 195 194 197 9 180 37
6 177 32 106 93 163 19
7 24 178 18 53 34 35 85
8 108 140 101 81 134 162 111 30
6 43 137 102 4 171 115
9 83 82 69 22 16 95 38 161 174
7 120 78 164 151 189 143 65
9 129 173 133 192 21 76 47 168 155
7 121 166 31 55 152 79 127
8 122 165 159 119 6 42 124 187
9 41 182 183 97 145 158 63 169 100
8 186 112 170 11 73 188 70 52
7 191 114 77 88 48 99 160
7 17 3 150 51 68 157 36
9 91 28 44 149 175 104 193 146 33
8 67 109 196 7 136 132 154 184
6 138 39 116 123 128 98

Total makespan: 103

