25
6 142 40 106 173 90 7
8 95 122 85 174 62 67 73 28
9 151 27 119 139 164 133 82 15 144
9 37 47 128 104 19 196 56 193 179
9 84 195 124 108 69 23 22 34 49
7 92 78 160 120 25 159 145
6 169 157 97 111 189 177
11 32 134 38 12 8 63 186 187 166 60 3
7 14 35 33 50 98 152 6
10 57 116 107 158 11 154 115 180 31 163
7 113 192 61 197 102 117 155
6 103 76 10 165 118 153
7 131 54 141 185 86 112 79
6 77 176 199 188 17 66
9 5 55 123 146 136 48 18 101 2
8 41 127 110 162 94 46 137 83
7 125 183 13 70 88 68 126
6 140 64 45 21 96 156
8 190 114 72 135 105 51 178 75
9 52 99 0 161 81 80 130 170 26
9 121 172 150 171 1 91 93 87 149
11 191 20 4 29 39 100 198 24 89 167 132
8 74 168 58 109 181 194 138 129
8 30 71 148 44 42 16 143 182
9 65 147 53 36 184 175 59 9 43

Total makespan: 106

