30
6 179 112 199 38 42 156
8 39 13 115 100 72 132 21 129
7 146 64 17 113 36 91 187
6 61 79 96 67 140 3
7 121 145 133 157 169 52 106
7 194 62 87 14 181 53 16
6 9 114 63 75 56 172
8 154 49 77 48 150 71 41 164
7 44 153 127 60 78 24 92
5 68 59 85 160 27
6 29 76 89 149 144 74
5 155 65 35 134 143
6 22 23 137 174 168 102
7 73 161 93 40 32 84 195
7 182 109 116 119 80 0 185
8 33 167 50 88 8 183 2 81
6 43 111 178 126 186 83
7 51 141 159 131 15 128 163
9 197 58 148 166 138 180 123 188 191
4 34 19 108 171
7 105 151 177 147 82 110 142
7 193 4 6 90 25 97 173
6 104 18 152 176 158 196
7 124 198 118 54 125 135 103
7 162 170 37 130 12 136 10
6 5 175 47 165 98 117
9 122 57 101 30 66 192 86 20 70
8 99 107 189 45 95 184 190 55
7 31 94 28 1 69 26 11
4 139 46 7 120

Total makespan: 36

