25
7 44 95 71 164 120 104 165
9 64 117 74 182 89 24 125 73 86
8 90 68 107 85 171 36 43 132
6 114 175 195 105 7 6
8 49 126 154 188 53 176 57 67
6 199 172 110 31 123 29
8 93 16 79 88 59 13 185 138
7 143 192 9 166 145 70 115
8 162 111 194 118 167 63 76 39
9 45 26 183 193 54 113 65 87 10
8 128 137 69 97 41 157 160 2
9 27 18 150 62 4 147 12 58 0
10 174 169 34 112 11 159 35 170 51 106
9 81 72 135 19 129 91 141 156 196
9 5 130 121 100 140 177 189 161 52
9 184 187 25 101 139 124 96 119 55
11 198 191 190 15 99 30 92 38 122 1 108
6 22 153 144 186 84 109
8 103 3 136 14 80 158 179 94
6 181 98 197 83 133 20
9 46 168 32 116 127 56 152 28 33
10 142 17 50 78 82 42 40 23 47 77
5 60 66 151 155 178
8 8 61 131 146 149 102 134 75
7 148 173 21 48 37 163 180

Total makespan: 75

