10
19 147 77 25 10 106 64 109 177 82 175 59 162 96 88 152 26 3 15 176
17 142 194 22 12 138 79 20 13 119 91 58 57 39 139 28 81 66
20 8 153 114 180 27 166 157 100 127 102 145 93 191 97 7 140 52 164 199 19
18 169 29 156 118 75 31 186 193 23 179 105 174 110 1 103 33 47 99
20 137 63 170 87 192 123 131 46 133 158 198 17 185 184 134 187 144 150 69 165
19 55 155 2 44 195 21 94 117 132 146 53 62 73 122 171 183 108 107 4
19 125 121 182 18 65 48 86 190 49 76 71 84 130 124 98 196 61 197 90
22 172 72 141 178 68 50 51 113 14 6 30 104 0 143 40 111 54 173 43 126 136 83
23 116 115 120 9 35 149 154 159 24 70 112 189 92 42 80 161 160 151 56 148 36 188 135
23 41 67 38 5 74 101 89 129 167 181 32 168 78 37 95 60 85 34 128 16 45 163 11

Total makespan: 261

