15
14 114 124 41 4 60 134 142 70 13 29 20 36 35 178
13 174 147 163 62 61 84 129 166 90 91 159 55 21
12 54 32 164 34 89 71 82 123 160 92 3 50
11 165 192 38 127 107 51 8 119 137 136 150
14 9 24 172 132 152 0 96 133 86 56 66 155 135 116
13 148 26 185 83 128 72 195 125 85 17 22 194 99
14 112 79 131 68 179 153 111 77 108 176 139 37 81 168
12 6 93 157 49 130 138 95 158 75 109 52 118
14 196 149 110 170 197 187 169 19 182 183 140 23 73 101
16 190 78 151 189 76 117 106 126 193 31 47 14 181 199 64 161
12 16 156 113 39 121 162 53 2 12 154 141 115
15 98 7 167 173 180 15 97 27 30 104 103 40 46 28 25
14 198 175 88 59 100 186 171 33 191 1 122 74 63 45
12 43 5 58 11 10 42 94 65 146 120 177 143
14 18 67 144 44 105 145 48 69 87 184 188 102 80 57

Total makespan: 191

