20
11 111 197 135 167 90 25 184 14 133 157 185
10 103 41 107 144 4 127 98 89 132 155
11 189 164 38 177 46 65 70 159 172 115 162
8 173 61 39 84 176 73 156 152
10 76 198 49 137 99 171 55 105 191 5
7 104 148 26 7 102 62 69
9 187 9 123 88 97 63 44 71 18
11 195 91 140 87 136 180 27 161 151 20 121
9 139 95 3 122 130 12 178 11 101
9 128 10 165 194 42 96 110 117 93
8 124 86 47 45 92 79 34 83
11 51 109 29 138 163 147 199 141 72 145 32
9 106 66 154 35 182 75 50 153 134
15 160 131 170 13 108 175 85 23 2 186 40 77 24 192 181
12 118 68 19 48 59 16 21 53 43 114 67 166
8 100 64 183 142 125 158 0 82
13 196 129 56 31 179 149 81 168 193 169 57 17 22
11 58 116 60 80 15 28 112 120 74 8 150
7 188 33 146 1 126 113 37
11 54 6 174 78 36 94 119 190 52 143 30

Total makespan: 133

