30
8 19 35 185 146 182 58 134 10
7 76 155 178 45 37 11 23
6 47 68 129 130 59 119
5 135 198 79 53 28
8 158 116 112 55 118 114 170 186
7 96 142 160 17 42 109 46
8 143 127 33 167 65 88 184 0
7 139 34 120 9 57 137 101
8 153 49 38 177 133 187 111 73
7 18 175 22 74 150 117 67
5 75 89 181 138 78
8 192 144 21 92 196 15 87 194
4 48 71 122 61
5 80 12 173 124 140
9 54 195 99 169 168 183 156 50 174
4 97 77 125 188
7 166 132 100 86 180 81 102
6 51 31 190 123 25 72
6 106 27 93 26 43 16
8 36 90 148 161 66 8 70 176
7 40 147 83 39 13 151 44
8 64 95 107 164 126 69 85 29
6 7 4 157 91 171 197
9 193 20 136 84 165 1 103 24 131
8 6 163 110 108 172 56 63 121
3 199 152 62
6 30 52 2 128 113 159
6 179 82 105 5 98 41
7 115 191 32 3 104 145 60
7 162 189 94 141 149 14 154

Total makespan: 89

