20
11 65 144 29 131 105 94 121 53 192 38 17
10 188 179 160 167 85 67 170 6 21 115
6 50 49 10 189 127 92
8 184 145 8 76 113 136 57 165
9 11 163 41 132 199 133 15 180 134
10 30 166 98 142 161 193 63 151 32 34
10 176 194 155 139 52 119 77 120 148 44
12 150 20 4 135 116 114 14 171 108 169 82 111
9 109 107 61 70 3 89 191 141 158
13 168 26 100 162 93 110 185 28 48 80 23 154 178
8 43 190 146 128 55 86 18 186
9 39 182 84 95 96 157 74 59 2
11 12 90 156 9 123 27 172 22 75 33 25
10 83 24 103 129 60 177 42 46 195 36
11 112 71 164 101 62 91 106 183 64 87 97
8 181 19 196 66 79 45 72 124
11 13 56 16 35 31 173 68 73 118 147 88
9 37 130 174 58 143 47 197 149 198
10 126 0 69 7 99 122 140 51 125 137
15 1 175 40 104 102 187 117 5 159 81 138 54 152 153 78

Total makespan: 70

