30
5 148 165 85 176 131
9 63 72 7 147 39 23 91 13 113
6 168 82 99 117 159 66
9 15 190 1 130 95 20 115 70 132
7 109 149 3 4 37 75 84
5 103 175 25 135 92
7 17 153 128 47 150 94 30
7 192 179 27 57 188 74 98
7 61 93 110 151 139 62 83
5 76 133 174 184 173
8 50 172 199 88 156 124 2 67
6 0 177 145 100 185 187
5 183 81 41 18 167
10 193 31 54 21 129 138 96 34 26 171
7 169 154 5 143 186 155 42
7 120 127 16 162 164 108 35
6 58 46 170 11 89 104
5 134 44 6 53 123
6 182 107 180 118 105 102
7 8 45 77 56 19 28 112
7 10 52 160 43 166 122 48
6 196 79 101 69 36 32
6 14 87 116 125 158 51
7 121 111 126 68 40 178 197
9 106 163 73 49 119 195 24 189 114
7 136 157 181 9 142 65 64
6 22 140 55 80 161 144
5 141 86 198 152 59
7 60 146 12 137 71 97 29
6 90 33 194 78 38 191

Total makespan: 59

