15
15 107 150 143 169 113 144 31 83 115 121 12 114 118 95 189
13 186 7 40 27 140 117 36 11 155 171 119 38 32
11 99 28 134 98 92 178 183 158 141 88 194
13 66 187 163 156 145 23 105 72 9 199 64 94 13
10 108 24 80 57 26 184 29 102 198 0
11 15 131 165 20 50 120 84 77 21 195 148
14 42 81 159 174 151 93 79 192 53 177 56 4 87 124
15 176 160 43 1 47 110 74 96 146 104 185 69 111 154 166
13 45 65 181 52 175 133 54 16 75 14 25 142 97
12 58 39 62 86 162 35 5 67 34 37 168 173
11 193 101 90 63 167 130 6 135 73 137 138
17 128 139 132 71 82 191 41 170 152 161 157 149 55 164 100 179 61
17 44 129 22 122 136 91 85 19 30 190 51 49 112 127 59 10 196
12 123 180 48 89 197 153 3 125 68 147 182 109
16 2 70 188 8 126 76 17 103 78 33 106 60 116 46 172 18

Total makespan: 124

