25
6 14 2 184 113 30 196
10 34 156 55 134 185 92 18 24 100 129
7 22 52 123 188 147 21 130
7 63 115 0 172 195 159 15
7 131 103 19 119 97 192 25
5 86 42 11 27 75
7 180 118 72 6 193 161 38
8 194 79 40 80 127 116 107 50
8 10 39 174 82 48 68 67 183
9 35 182 83 132 157 99 114 93 102
8 74 29 98 61 105 4 49 90
9 54 7 58 59 191 41 73 197 26
9 91 178 13 101 23 110 5 44 76
8 164 158 126 138 57 141 133 142
9 108 78 187 198 62 148 143 165 151
9 106 171 173 84 125 140 77 145 31
8 150 32 163 167 96 69 168 152
8 36 46 85 137 33 12 176 65
10 60 47 124 199 169 154 117 175 162 181
7 16 122 8 20 89 53 51
10 153 177 1 189 120 139 135 155 128 43
9 66 37 70 3 111 71 136 170 9
6 166 160 28 81 45 56
9 146 112 121 88 190 179 144 109 64
7 149 94 186 87 95 17 104

Total makespan: 109

