20
9 40 52 74 51 171 123 140 118 166
11 105 187 111 28 107 95 184 70 127 183 61
9 80 58 122 174 135 197 85 108 157
8 124 81 93 117 12 64 170 48
11 60 32 179 120 155 136 100 133 47 181 4
13 90 113 79 13 53 33 189 110 21 23 130 38 177
11 134 194 190 167 34 198 97 31 7 39 55
10 16 1 65 195 161 54 17 125 66 2
10 128 129 102 72 36 76 73 86 115 20
8 35 163 15 46 87 57 145 114
14 3 67 138 165 19 151 27 77 6 126 188 178 103 62
12 59 98 160 192 153 50 5 116 91 30 104 0
8 139 45 158 154 112 106 173 49
11 37 78 164 186 162 42 185 193 175 156 180
11 82 18 147 92 63 101 131 24 172 132 75
9 150 43 182 68 146 96 169 69 137
7 9 191 99 109 149 10 94
9 11 176 142 152 89 88 8 71 84
9 29 121 148 44 56 196 14 22 25
10 159 41 143 144 83 199 168 119 26 141

Total makespan: 99

