20
11 65 144 29 105 94 122 38 17 53 119 32
10 188 85 67 179 170 6 160 108 21 115
7 49 93 55 161 10 62 127
10 16 113 187 124 73 184 145 136 57 165
12 11 163 41 149 132 199 180 134 131 99 15 76
10 88 98 30 166 193 50 63 151 142 34
10 194 77 120 148 157 176 79 44 139 52
12 150 111 171 114 14 20 4 181 192 135 116 169
8 109 61 70 107 141 82 89 191
11 26 100 168 177 80 23 154 178 185 28 48
8 173 186 18 86 43 190 146 128
10 96 84 95 175 39 182 74 59 2 71
12 22 25 75 33 152 9 123 27 78 12 90 156
11 167 189 195 36 8 83 24 103 129 60 42
10 3 164 87 97 106 183 64 91 92 112
9 158 110 45 72 121 1 19 196 66
10 172 7 35 31 13 56 118 162 147 68
8 58 130 174 155 198 143 47 197
10 37 46 125 137 140 51 101 126 0 69
11 117 54 153 133 40 104 102 81 138 5 159

Total makespan: 70

