30
6 104 7 46 196 172 164
5 96 189 159 88 198
8 64 115 78 38 42 193 33 31
7 181 29 152 34 50 35 82
7 158 137 66 48 17 60 28
7 72 58 173 186 95 30 36
5 68 70 13 148 92
6 109 162 150 62 77 97
6 184 44 100 122 74 8
9 81 23 9 12 61 192 37 52 16
5 119 130 87 76 166
5 3 99 116 94 180
8 138 197 73 156 93 120 85 117
6 128 132 190 174 54 22
4 101 146 98 65
5 114 131 151 5 83
7 136 10 45 43 144 47 140
6 0 1 185 126 161 19
7 25 27 59 194 75 56 67
6 153 191 135 177 89 86
8 188 187 169 90 139 106 113 175
6 134 91 145 147 53 41
7 121 57 84 127 49 24 141
7 129 15 18 20 133 6 125
8 51 103 26 69 171 79 167 32
6 124 107 105 195 157 4
13 165 55 163 110 182 199 21 178 170 179 149 154 155
8 11 80 142 2 102 183 71 108
5 123 40 118 63 39
7 14 143 176 112 168 160 111

Total makespan: 81

