15
15 55 30 161 146 170 144 116 189 3 143 8 173 39 117 198
18 137 21 148 163 52 57 84 124 179 152 81 20 113 79 16 129 114 128
13 140 69 50 112 71 171 83 157 135 43 134 40 87
17 150 76 199 158 37 98 90 33 162 178 185 119 61 109 28 38 94
15 194 147 36 92 23 156 26 192 22 95 51 110 155 42 15
13 149 86 175 176 73 115 14 67 132 105 182 29 89
15 195 19 82 154 9 142 101 13 5 103 91 183 190 107 56
12 127 133 32 104 41 118 151 18 167 49 186 2
11 11 123 96 160 74 48 97 111 172 0 45
13 165 169 77 136 12 60 66 139 100 24 99 1 197
14 196 44 72 6 53 193 10 47 58 125 34 70 121 180
8 93 130 106 88 153 141 166 31
11 63 35 184 120 17 126 108 54 102 191 65
14 64 187 85 75 25 131 181 164 159 145 122 80 59 27
11 174 188 177 138 68 46 4 168 78 62 7

Total makespan: 115

