15
15 110 159 105 129 71 93 98 28 68 66 102 176 3 36 106
11 88 31 182 46 116 61 127 20 144 160 100
15 62 10 54 173 92 11 26 189 154 74 119 1 78 43 164
13 32 147 130 35 146 86 145 113 21 111 128 142 165
16 91 81 148 83 196 191 39 48 117 96 90 198 25 131 72 161
17 188 23 14 166 42 58 193 99 87 56 37 186 7 180 24 18 108
11 194 38 137 50 185 168 133 139 107 118 16
14 172 12 175 169 29 177 174 6 184 27 97 163 73 75
15 85 49 155 47 67 82 59 79 52 104 181 45 109 158 33
15 89 64 112 101 5 190 138 84 152 17 57 40 123 4 13
12 171 69 132 70 135 95 125 76 55 8 51 187
12 77 120 114 150 44 141 2 167 183 115 0 170
13 30 140 121 162 41 53 143 60 149 153 103 199 124
12 22 134 80 179 197 156 19 157 63 65 94 136
9 34 192 151 15 178 122 126 195 9

Total makespan: 150

