30
7 65 166 61 60 27 31 56
7 130 170 127 0 72 67 155
8 184 178 23 143 192 151 174 32
4 24 6 123 28
6 141 172 121 2 25 177
8 52 19 196 82 49 111 96 100
8 120 62 116 70 4 133 1 161
7 44 79 187 40 140 169 138
7 189 7 164 91 80 137 165
5 158 21 167 38 53
6 147 162 84 149 14 118
4 73 55 75 71
7 194 45 131 33 76 136 132
5 108 176 113 129 41
6 186 22 115 191 46 190
7 11 35 128 163 78 198 193
8 159 152 146 59 29 102 8 119
7 77 171 12 34 81 105 139
8 181 134 64 188 48 90 107 197
7 89 57 43 145 117 142 112
9 153 126 148 50 69 13 36 9 183
5 125 135 106 83 10
6 175 168 150 15 17 110
5 68 122 51 47 5
8 199 95 30 26 58 88 85 97
7 42 101 20 63 18 39 98
8 156 114 180 103 37 160 104 74
8 99 54 109 144 173 124 86 185
5 179 16 154 195 66
7 92 157 94 3 87 93 182

Total makespan: 73

