25
8 170 168 195 63 140 34 138 163
8 176 145 96 187 173 185 50 27
6 49 157 90 134 45 98
10 161 9 13 177 95 85 113 184 94 102
8 23 67 0 160 175 146 136 99
9 43 16 129 158 57 179 192 144 71
7 108 26 142 24 14 130 110
8 155 139 60 20 126 150 117 51
8 11 3 37 109 190 64 128 149
8 52 180 148 115 4 62 183 125
7 66 35 56 197 152 121 119
10 196 18 68 12 93 120 53 84 6 65
8 25 171 191 151 58 122 19 164
8 72 75 132 162 111 199 41 107
8 15 118 88 36 32 80 47 22
7 104 165 124 141 59 186 123
12 189 135 33 172 154 83 10 7 101 188 21 116
8 74 92 17 46 82 156 167 114
7 48 81 87 69 133 178 44
9 78 100 42 159 181 29 89 147 86
8 169 194 174 97 103 76 28 193
8 2 153 166 39 137 55 1 5
7 61 77 38 31 143 73 30
7 79 8 70 106 105 40 54
6 182 131 198 127 91 112

Total makespan: 112

