10
16 152 93 147 82 179 150 59 13 169 142 74 122 172 195 135 185
22 187 131 117 45 164 80 180 83 3 118 50 186 174 7 176 111 14 119 112 137 133 159
21 38 48 129 120 101 189 183 182 175 106 62 114 193 92 149 143 181 95 125 145 42
20 96 18 197 19 139 102 163 154 173 89 72 191 138 46 34 4 79 67 20 25
17 88 109 156 53 11 103 86 75 21 123 6 30 194 28 27 69 64
18 15 44 196 78 51 115 146 23 56 148 35 12 107 166 108 77 178 184
22 188 161 39 170 37 73 134 71 55 49 105 100 132 158 153 141 144 91 192 10 160 177
24 104 136 198 22 190 87 94 32 1 113 2 110 61 90 76 9 124 199 97 130 31 127 29 162
20 57 66 116 165 43 81 8 63 99 54 58 65 168 17 128 26 52 60 70 0
20 16 167 41 33 140 157 155 47 5 68 151 40 84 24 98 171 121 36 126 85

Total makespan: 240

