10
20 103 165 199 195 184 122 110 43 17 140 24 38 9 27 61 63 164 67 176 50
23 171 42 77 127 92 58 53 162 85 148 98 21 155 178 40 95 36 147 113 78 69 31 26
16 174 71 187 47 143 144 114 15 124 146 177 54 185 82 88 86
21 20 19 4 1 191 84 158 141 107 139 3 190 182 123 91 97 111 161 115 52 39
22 35 75 18 157 117 49 102 136 10 183 66 142 153 108 112 57 22 193 105 80 30 138
24 89 186 45 188 160 55 44 32 70 48 64 104 106 2 151 166 59 180 172 65 16 128 34 154
18 90 100 101 167 196 68 119 23 134 181 169 72 137 81 12 74 93 156
20 62 56 94 73 79 118 116 135 109 170 25 133 152 125 41 168 33 129 37 6
16 145 120 173 197 8 131 5 179 99 51 192 96 198 194 150 159
20 163 121 60 189 7 0 13 83 175 28 126 11 132 149 130 76 29 46 14 87

Total makespan: 330

