20
11 65 119 17 53 192 38 122 94 29 131 105
11 108 117 160 167 85 67 179 170 6 21 115
6 125 93 49 127 10 189
10 76 113 88 188 73 184 145 136 57 165
11 15 99 98 11 163 41 149 132 199 180 134
10 30 166 100 193 50 63 151 142 161 34
11 176 194 77 120 148 32 187 79 44 139 52
12 150 20 4 135 116 114 14 169 82 111 171 75
9 109 107 61 70 3 89 191 141 158
11 110 185 28 48 168 177 80 23 178 154 26
8 43 190 146 128 55 86 18 186
9 39 182 74 59 2 71 157 95 96
11 152 9 78 12 90 156 33 27 172 22 123
11 103 129 60 8 83 24 42 126 46 195 36
11 164 87 97 106 183 64 144 62 91 16 92
10 124 45 72 121 1 19 196 66 181 84
10 35 31 25 147 13 56 118 162 173 68
8 58 130 174 155 198 143 47 197
9 112 0 69 7 37 137 140 51 101
11 175 102 81 138 54 5 159 153 133 40 104

Total makespan: 70

