30
6 133 153 164 95 34 101
5 32 129 192 99 151
9 5 185 19 51 114 130 104 73 4
4 37 142 43 146
7 72 157 126 15 29 90 188
8 102 119 30 53 8 160 128 172
5 10 190 197 120 38
5 163 156 45 39 14
5 81 184 87 143 141
4 78 110 61 186
8 59 97 152 92 121 40 103 67
5 170 162 175 75 193
5 12 24 108 124 88
7 79 89 168 100 2 158 147
8 125 107 116 3 13 122 63 131
7 83 148 105 44 57 198 82
9 176 177 41 117 64 140 50 27 0
10 26 180 169 54 71 91 123 171 80 62
9 189 70 68 113 25 11 118 46 33
10 199 196 194 144 182 42 178 20 166 74
7 17 134 16 66 159 85 28
5 31 161 96 69 179
5 98 55 94 195 127
6 93 112 138 154 36 167
6 181 23 149 139 52 48
5 106 84 65 56 109
7 191 132 60 1 183 115 49
7 77 47 174 165 173 21 145
9 9 18 6 58 155 7 35 111 76
7 187 137 150 86 22 135 136

Total makespan: 61

