30
7 39 35 24 63 64 157 68
8 81 26 76 37 103 119 186 131
6 142 44 33 170 145 53
6 67 96 89 156 109 102
6 65 130 12 197 152 100
6 121 11 94 25 29 187
6 46 59 17 136 198 189
7 161 84 195 28 180 40 188
6 13 151 79 117 7 54
8 21 71 178 105 19 2 51 87
5 113 6 137 139 118
6 0 8 27 159 41 148
8 101 56 77 72 182 52 169 110
7 112 104 1 55 163 143 114
6 116 75 91 166 160 129
6 123 83 138 34 168 9
6 80 16 107 62 48 173
8 97 175 22 58 124 99 14 10
8 95 15 106 43 199 184 38 146
9 120 90 32 92 61 185 42 167 191
6 23 147 181 158 133 172
6 115 165 127 141 66 150
4 47 60 111 69
5 86 153 134 155 45
7 50 177 194 49 154 4 73
8 192 196 149 183 174 74 190 98
6 85 78 132 125 36 140
5 108 128 30 93 20
8 82 31 57 18 70 5 164 176
10 88 144 126 162 122 179 193 3 171 135

Total makespan: 69

