25
6 68 80 139 54 127 10
9 77 84 141 157 38 97 93 46 186
8 48 31 165 61 74 18 168 33
8 180 184 14 94 35 169 135 17
7 30 23 116 149 120 105 70
8 79 89 173 26 2 81 45 3
10 21 111 150 7 15 1 71 102 113 148
4 196 128 177 190
10 44 11 53 132 193 64 4 155 163 143
7 13 27 178 87 52 152 151
8 198 5 147 32 56 174 95 164
13 166 183 182 59 122 58 85 115 107 142 98 55 108
7 62 199 47 125 136 19 114
8 36 109 138 57 133 124 191 187
7 162 145 104 188 170 37 189
10 100 73 119 25 66 137 158 185 60 195
9 144 29 65 67 83 171 134 24 96
8 9 41 172 146 131 63 50 156
7 154 175 181 167 159 6 12
9 75 117 51 121 43 101 16 110 126
8 90 103 40 91 86 28 179 197
4 82 130 123 88
8 106 161 69 153 39 129 8 42
9 160 140 92 176 76 194 22 72 192
8 112 49 34 0 99 20 78 118

Total makespan: 78

