25
9 72 77 50 18 190 17 69 164 6
10 197 56 44 70 20 162 55 64 129 174
7 147 19 153 140 134 36 12
10 87 168 60 102 176 25 40 138 31 1
12 37 51 184 14 114 166 118 149 185 82 88 109
6 7 105 194 171 85 100
8 142 159 188 99 107 45 27 62
7 22 165 48 9 113 150 59
9 76 30 84 155 34 80 28 148 33
8 182 175 106 161 160 41 115 43
7 94 4 58 163 144 16 195
8 183 93 46 120 15 189 157 130
9 172 39 145 137 95 152 125 24 193
5 35 186 32 123 112
5 21 90 74 122 110
9 23 8 121 2 119 42 65 199 126
7 173 156 108 79 146 180 103
9 26 178 83 0 91 131 97 47 143
7 158 75 68 67 136 73 10
9 124 135 57 117 198 181 196 11 127
9 98 3 92 5 66 116 128 29 192
10 52 191 13 151 61 177 132 104 187 101
8 78 167 141 169 96 38 179 154
7 49 89 139 53 71 54 81
5 63 111 170 133 86

Total makespan: 104

