20
10 44 42 147 168 153 91 154 73 50 133
10 195 49 101 172 78 137 94 141 79 151
11 24 161 126 87 89 193 37 82 45 143 4
9 47 124 46 184 131 92 5 142 43
12 159 146 80 178 192 134 16 108 27 104 198 148
12 166 13 181 145 39 74 18 81 57 17 157 55
10 105 34 19 163 115 40 48 127 70 116
6 7 114 21 23 199 123
7 75 152 1 175 196 95 167
8 63 139 64 125 107 150 14 88
12 59 183 12 11 30 62 51 170 173 111 33 76
11 85 8 31 165 129 190 182 180 28 26 119
10 22 112 197 194 106 177 99 109 90 98
10 179 118 169 110 20 120 2 158 191 83
10 61 60 10 189 176 138 97 122 144 32
9 128 65 6 96 132 25 3 84 171
11 56 86 164 135 0 69 100 160 113 67 72
11 149 103 162 53 54 35 188 15 155 41 186
12 77 187 71 9 102 185 121 68 93 117 58 136
9 36 66 174 140 130 156 38 29 52

Total makespan: 96

