25
7 164 131 120 104 165 84 100
7 182 89 24 7 25 73 86
7 90 171 36 43 54 75 132
9 68 175 193 47 27 114 138 61 123
9 167 57 72 154 188 49 19 65 176
7 110 31 29 108 172 64 159
4 93 13 79 14
9 2 96 129 143 192 9 166 53 181
11 107 144 118 85 162 111 194 63 76 1 15
9 105 45 26 8 113 95 46 87 10
8 145 41 195 183 58 137 69 97
9 0 150 62 184 125 147 12 80 5
12 35 170 51 174 117 106 169 34 173 126 88 16
9 91 141 156 185 135 198 196 21 81
9 177 22 3 52 67 140 130 70 189
8 37 115 44 119 139 124 187 180
8 74 109 4 30 92 38 122 101
4 186 121 71 199
8 103 153 136 160 158 179 94 18
6 112 197 83 98 20 161
10 157 60 32 116 127 56 152 28 33 39
10 77 40 23 128 163 50 78 82 42 59
6 155 178 190 55 66 151
8 149 102 134 17 191 146 142 168
6 11 6 99 48 133 148

Total makespan: 77

