20
6 49 26 75 196 194 148
11 96 183 115 198 43 83 166 171 99 90 15
12 175 141 157 12 185 156 140 158 57 143 70 17
11 119 73 162 151 25 191 163 193 121 170 135
9 54 138 47 178 177 133 31 33 105
10 10 150 161 72 6 4 139 36 199 3
9 106 125 108 29 50 169 110 48 136
9 155 122 128 181 68 176 53 182 46
9 116 130 174 61 2 76 82 16 60
11 172 103 112 37 77 126 107 123 0 195 56
10 93 27 41 137 20 21 111 30 28 167
11 87 134 9 52 8 146 186 85 74 197 120
11 160 18 114 79 109 187 62 58 142 164 44
9 94 131 149 19 95 168 88 84 154
8 101 59 159 64 78 145 97 100
11 179 55 81 5 124 32 66 147 117 45 92
10 23 127 7 98 86 39 40 11 38 67
11 63 35 22 118 65 184 1 189 14 190 188
12 132 42 89 69 13 152 192 113 104 51 173 153
10 24 80 165 129 180 71 102 144 34 91

Total makespan: 71

