30
10 48 43 232 45 182 31 218 175 16 108
8 124 143 100 210 25 21 240 27
10 190 52 79 83 144 215 154 147 227 203
10 53 150 109 162 111 8 133 65 114 33
9 76 11 220 173 126 236 98 55 44
7 185 146 204 135 241 41 153
9 90 134 119 247 145 191 0 78 188
8 129 211 158 231 157 207 91 235
7 50 35 193 195 149 38 179
8 184 200 217 181 172 107 73 51
11 164 116 221 37 22 58 237 151 169 24 113
6 120 148 219 239 222 9
8 199 106 117 197 32 40 30 245
7 223 246 132 118 15 28 123
9 205 163 238 202 6 115 74 96 42
7 142 234 131 18 127 198 165
7 82 136 196 189 121 87 170
5 244 168 19 89 47
7 233 23 192 72 174 92 68
8 10 94 112 128 85 110 13 230
6 178 93 194 125 105 141
7 1 80 249 122 138 206 54
11 209 187 213 2 208 167 160 95 17 3 183
10 36 171 56 67 103 101 7 34 228 4
8 97 26 49 86 226 70 29 161
11 186 88 39 99 243 5 229 104 81 139 166
9 66 242 61 225 212 102 59 12 201
10 130 155 14 177 60 63 46 152 140 77
10 156 71 137 248 180 214 159 176 57 64
7 216 75 62 20 84 69 224

Total makespan: 96

