20
11 91 171 154 37 0 169 215 40 101 127 133
14 243 63 44 72 142 102 1 191 132 194 73 10 235 12
13 120 39 211 227 190 121 189 92 177 162 184 122 214
15 4 19 130 33 200 30 2 166 168 78 160 178 68 163 216
10 71 49 45 234 79 26 14 107 8 104
15 35 221 164 180 106 197 222 131 212 170 34 186 54 144 20
12 6 99 226 134 22 96 42 139 229 213 43 62
16 13 82 84 95 185 238 24 187 86 204 196 125 220 109 128 201
12 47 36 93 15 115 143 17 182 205 88 5 89
15 210 230 83 129 25 179 236 247 117 140 27 231 150 114 53
12 240 165 126 110 58 118 56 94 199 141 241 29
12 159 224 119 148 217 156 181 242 124 136 244 97
11 77 7 135 74 76 202 55 237 41 64 75
11 249 111 175 155 52 151 172 103 60 167 146
15 61 67 51 28 108 149 219 245 233 21 173 69 59 113 123
12 145 223 46 100 208 183 232 66 176 228 70 80
12 65 152 203 138 48 18 11 174 31 87 57 81
12 32 246 16 195 239 161 209 116 248 38 206 50
10 98 85 153 198 137 112 157 225 105 90
10 23 158 192 188 207 3 193 9 218 147

Total makespan: 89

