15
16 186 206 10 80 164 61 136 244 93 111 103 189 155 2 139 141
14 3 132 21 188 26 207 248 232 35 91 137 142 87 219
20 22 128 67 199 97 187 100 237 179 229 34 221 53 65 1 46 198 234 241 45
20 49 163 14 166 152 177 11 50 242 144 77 94 29 18 43 106 175 102 168 115
20 227 240 208 95 62 48 47 83 17 215 31 169 194 225 170 108 195 129 149 196
13 99 78 60 92 191 185 200 105 167 180 120 74 9
16 154 110 201 173 98 183 56 39 116 134 42 126 20 73 96 15
17 222 118 25 202 101 243 59 233 51 249 72 148 68 133 153 69 184
12 214 247 58 174 75 113 23 172 211 107 7 30
14 203 19 190 193 162 220 224 8 52 145 122 13 171 117
19 228 28 6 82 146 159 44 0 16 40 156 71 41 57 217 182 181 197 127
18 246 66 147 135 84 89 216 212 64 204 160 140 54 33 157 235 143 90
15 114 239 223 218 55 192 27 63 32 88 165 121 38 231 85
16 12 36 124 226 119 245 86 230 109 112 81 209 150 178 131 205
20 213 76 70 37 24 161 138 4 176 104 130 79 158 125 210 5 123 236 151 238

Total makespan: 211

