30
6 167 241 88 140 156 49
10 7 230 181 217 85 22 191 123 87 37
11 75 231 201 196 39 177 110 142 113 216 132
7 215 211 192 198 240 6 65
7 249 190 168 118 246 9 102
10 26 151 145 125 160 8 153 243 54 157
6 152 178 33 114 221 234
13 137 232 173 34 197 109 138 212 134 70 105 200 98
12 68 172 228 48 97 43 73 223 126 146 71 206
9 80 55 117 20 214 213 204 21 46
6 128 148 150 199 135 72
10 139 18 77 176 159 165 161 120 13 226
8 238 218 227 141 189 229 182 144
8 188 136 11 183 169 166 62 58
8 158 245 224 236 130 133 202 121
7 89 162 23 147 76 92 95
9 57 209 101 56 19 81 220 61 40
9 237 112 186 52 247 100 64 51 28
11 41 154 122 194 99 124 35 149 10 233 83
9 208 185 94 143 82 116 66 31 93
8 107 44 180 179 155 36 2 163
7 42 45 78 53 91 106 67
7 170 127 104 175 74 38 205
8 17 103 12 32 4 69 86 27
9 1 119 244 90 5 84 131 219 164
7 16 29 0 193 184 96 171
9 24 225 59 222 210 207 248 111 195
7 129 187 47 203 30 115 239
5 50 15 108 14 79
7 3 235 25 174 63 60 242

Total makespan: 91

