15
16 21 228 85 62 67 247 149 39 207 178 187 172 230 102 61 226
17 3 30 248 222 57 106 24 159 144 183 90 19 211 185 36 136 22
15 151 177 245 16 192 88 146 34 167 164 117 101 201 133 6
18 131 198 99 233 231 27 110 235 199 15 129 241 13 89 165 203 23 196
20 98 7 135 32 116 128 217 184 29 38 139 55 33 8 4 213 209 28 190 170
13 220 240 204 168 58 238 63 64 152 94 150 54 71
17 0 20 242 114 93 1 46 18 123 143 145 50 189 12 60 56 35
17 137 216 244 179 181 79 115 195 122 31 162 70 96 113 227 130 104
18 225 221 14 186 120 171 52 81 41 193 163 208 215 182 147 51 155 229
17 224 134 87 49 105 154 138 200 74 121 174 77 111 68 243 65 103
15 237 161 119 148 47 176 191 84 157 100 205 78 232 223 212
14 175 73 160 53 246 9 153 127 10 180 158 75 25 80
20 218 124 26 140 109 17 166 169 197 40 132 5 66 214 141 92 11 48 69 188
16 42 43 234 126 112 239 2 82 45 219 249 97 44 107 83 37
17 59 76 156 108 236 118 91 206 125 95 194 210 142 173 202 72 86

Total makespan: 219

