15
18 19 37 149 188 92 51 247 141 233 180 8 18 127 212 217 103 102 175
13 235 196 69 74 192 101 116 128 191 130 113 146 238
16 61 197 164 211 182 78 174 82 195 204 105 225 118 117 241 216
14 60 183 21 198 29 48 223 81 58 6 205 55 226 176
19 155 242 10 172 219 147 121 66 7 140 179 59 50 85 104 143 14 122 4
13 24 93 106 96 151 137 154 65 167 163 202 91 135
21 190 79 186 9 27 70 203 57 71 234 86 201 64 173 30 99 138 77 177 112 15
16 171 161 158 206 108 157 54 31 32 119 156 210 39 34 17 88
18 12 40 111 134 43 215 107 168 228 193 98 28 114 178 240 160 181 184
18 75 80 124 153 148 3 5 199 11 222 16 221 129 249 36 45 33 26
15 224 145 144 95 41 44 42 139 150 52 97 20 218 94 1
15 166 230 109 13 110 214 123 76 245 237 187 68 239 67 120
20 162 84 194 62 246 132 25 115 131 126 63 90 170 136 47 38 207 89 73 23
16 185 248 49 100 159 142 213 125 208 72 22 227 200 87 46 0
18 133 243 56 220 244 232 189 35 236 2 152 169 165 229 83 53 231 209

Total makespan: 170

