25
11 239 28 15 127 48 72 129 184 234 192 213
9 110 116 173 40 37 26 193 54 228
11 233 102 17 50 178 92 8 177 53 168 245
10 47 243 2 142 198 191 162 238 158 145
10 84 63 64 119 225 136 146 112 60 227
11 209 197 179 223 140 211 230 185 141 101 86
11 161 153 188 94 237 206 217 118 164 180 172
9 246 120 247 212 58 70 79 241 200
11 226 157 81 27 147 154 51 12 5 99 121
10 35 117 114 56 222 167 20 16 163 150
11 44 87 61 41 159 36 45 194 182 96 107
11 78 155 22 183 125 55 201 166 215 11 181
6 24 187 59 240 42 43
11 82 219 210 95 31 100 109 13 33 196 207
9 21 165 93 169 123 1 248 232 244
10 19 175 38 151 186 128 67 236 25 218
9 32 23 65 170 90 171 149 108 89
11 39 68 75 124 216 97 71 202 113 249 122
12 111 126 104 190 148 83 46 103 208 18 10 144
7 135 139 106 77 57 176 6
9 9 133 115 91 74 62 105 98 30
11 189 199 205 14 224 204 138 214 174 160 131
9 152 229 221 76 52 34 137 73 7
12 203 29 242 143 231 4 66 49 80 235 0 134
9 220 195 88 85 132 69 156 130 3

Total makespan: 131

