15
21 122 40 66 34 239 112 22 33 117 45 188 151 218 105 205 87 119 161 90 18 197
14 220 12 56 65 86 176 184 165 51 125 19 61 54 140
15 207 230 152 6 232 39 109 200 127 182 115 108 164 68 157
13 150 41 135 225 195 103 52 57 124 201 48 100 37
16 97 245 168 229 92 210 213 194 2 183 76 81 208 163 71 129
14 72 5 228 49 227 80 153 240 217 159 17 149 121 59
19 26 9 10 162 113 222 94 98 101 82 216 138 28 24 132 134 234 145 214
21 186 154 69 120 78 181 114 167 143 204 128 23 93 88 60 89 247 46 64 20 242
20 170 180 175 156 14 158 172 36 155 211 137 166 177 199 198 62 16 106 224 111
21 171 133 77 169 13 179 8 63 178 118 75 0 107 95 53 131 11 102 73 85 58
13 174 96 231 35 130 187 246 244 196 193 236 215 83
20 67 233 38 126 79 4 55 3 146 223 147 173 42 202 74 32 70 31 221 192
14 99 21 190 91 248 116 50 44 212 25 148 219 30 189
12 191 123 27 1 7 249 243 206 139 144 237 43
17 209 203 235 142 160 238 241 185 15 104 84 226 136 29 47 141 110

Total makespan: 222

