20
7 222 125 59 184 57 237 86
11 17 207 200 132 164 135 242 58 220 7 176
11 182 239 156 165 137 109 46 26 40 68 243
14 72 144 110 221 233 30 63 178 148 177 155 133 1 134
14 106 38 104 103 216 248 174 194 9 190 180 15 49 27
17 139 197 88 172 128 170 124 246 223 244 99 158 73 230 226 74 152
12 141 113 51 94 126 245 143 77 153 61 195 97
13 193 64 0 218 87 120 206 118 14 163 228 119 169
15 70 67 42 147 235 196 154 84 209 62 50 47 179 76 71
8 92 98 96 101 107 75 205 238
14 201 69 130 181 65 138 127 4 29 185 212 140 13 157
12 20 150 247 231 90 234 168 25 28 5 82 189
13 122 43 191 149 102 203 208 166 111 91 232 159 56
14 89 116 229 188 36 41 202 34 8 54 227 167 214 45
14 123 48 31 211 142 93 236 35 213 39 80 100 33 32
11 112 146 60 2 199 249 83 117 225 175 136
10 240 187 44 115 78 23 114 85 10 105
13 198 12 55 183 53 204 151 6 217 3 21 37 11
16 224 19 173 161 66 24 95 121 186 18 219 162 131 79 160 215
11 129 241 16 171 108 81 192 145 22 52 210

Total makespan: 144

