15
16 12 66 115 109 150 233 155 87 154 35 107 91 152 187 207 236
19 218 175 158 97 104 1 86 112 220 184 119 76 3 82 31 171 135 217 55
18 64 189 213 10 56 209 59 225 8 28 120 74 248 198 125 183 199 239
18 192 178 238 237 212 62 15 205 156 159 149 29 216 172 144 210 88 140
21 231 108 214 22 50 95 235 246 118 18 71 65 242 122 208 165 138 58 34 131 25
17 153 151 79 33 167 106 136 203 47 134 68 11 48 85 80 197 70
13 2 181 4 93 51 101 219 84 145 241 244 96 61
14 193 44 16 129 169 105 46 41 14 185 116 13 113 110
18 163 221 49 161 243 75 230 6 195 166 247 168 23 164 90 204 42 234
14 186 132 180 177 215 139 162 52 54 240 103 249 137 117
21 160 157 174 228 19 114 60 147 130 232 92 194 206 32 200 143 100 182 27 179 9
14 21 224 7 81 98 24 142 26 36 72 173 127 188 69
16 148 126 226 45 37 57 227 222 211 146 77 78 73 229 245 43
14 190 124 201 141 121 83 223 170 99 191 123 39 38 94
17 133 196 5 89 176 53 0 63 111 67 20 17 102 40 128 30 202

Total makespan: 133

