25
8 217 180 63 6 16 193 29 137
10 46 15 213 139 173 242 160 20 152 163
10 207 220 149 22 65 64 12 175 30 186
11 95 168 183 195 222 8 61 229 57 14 157
11 191 244 99 62 128 230 109 89 148 110 27
12 13 144 38 98 104 94 50 245 67 78 187 141
10 3 130 219 111 31 103 182 228 17 140
11 59 135 199 194 214 208 9 100 36 162 45
12 49 77 86 248 233 70 225 97 28 44 21 151
12 93 190 92 176 129 181 211 91 185 24 79 179
8 58 133 171 60 156 206 113 232
10 51 47 216 166 43 165 82 2 188 76
10 122 4 35 155 161 243 102 169 240 125
8 75 192 88 154 189 96 118 239
9 238 11 226 236 39 7 72 170 90
10 198 68 131 112 105 247 120 41 32 231
14 119 143 167 23 108 215 200 87 142 218 224 107 74 84
8 196 202 145 121 153 147 54 55
8 123 115 19 124 223 114 25 5
9 42 159 132 71 164 37 34 246 53
8 73 241 85 10 134 201 117 126
11 221 33 56 203 1 81 204 138 136 116 0
10 146 52 26 69 48 66 101 234 158 127
10 205 197 209 40 177 106 227 237 83 210
10 235 150 80 178 172 249 184 18 174 212

Total makespan: 88

