20
13 109 68 145 34 19 213 61 89 6 167 50 237 153
12 103 93 180 62 121 42 203 170 179 23 193 92
12 88 174 38 139 71 161 131 25 171 0 86 69
15 24 162 74 198 128 94 210 125 70 239 130 59 56 115 123
14 199 155 248 87 144 219 244 221 160 43 32 117 243 218
13 51 249 26 45 190 27 182 21 81 113 60 226 240
11 200 196 77 12 52 191 107 84 134 22 222
9 159 238 63 163 188 194 67 53 102
10 172 187 31 127 104 232 65 8 165 152
11 215 40 28 11 55 2 197 178 177 141 186
16 49 225 110 228 207 138 15 235 129 206 76 208 156 101 13 72
9 33 105 119 35 202 90 99 209 236
12 233 137 214 158 216 114 135 173 39 79 106 212
17 16 223 7 147 108 224 220 229 96 80 95 44 48 9 57 211 54
14 230 126 20 245 1 73 175 157 30 3 29 100 227 154
14 204 181 169 66 122 143 37 148 4 184 231 112 195 47
11 58 192 46 183 124 150 64 132 133 151 185
12 142 136 5 36 118 140 189 41 217 10 75 97
11 120 168 78 246 247 176 82 85 205 116 242
14 241 149 234 201 146 166 18 91 17 83 111 14 164 98

Total makespan: 164

