25
11 178 216 240 231 67 164 167 125 51 3 246
5 122 144 96 15 185
6 212 156 22 148 145 142
10 219 31 127 224 0 244 170 214 42 161
10 110 173 19 80 191 40 35 206 210 78
13 207 132 21 208 215 92 117 157 138 176 7 77 149
12 241 223 11 141 235 211 232 229 213 24 48 126
12 32 64 61 100 53 88 183 79 160 112 63 181
7 2 46 239 135 221 69 179
12 218 86 115 233 151 147 230 82 143 134 196 131
11 150 234 169 9 65 228 36 113 129 217 108
10 34 43 247 204 49 13 5 140 18 60
11 118 75 14 74 83 17 182 98 116 137 155
10 198 84 104 1 237 50 249 200 94 197
8 89 188 73 72 192 222 8 159
11 146 38 93 172 162 4 87 209 189 199 243
9 26 168 66 153 184 163 54 23 62
12 225 124 220 114 109 68 28 194 245 177 41 33
8 158 27 166 30 187 95 193 6
9 71 76 10 37 103 44 106 120 186
12 47 203 52 59 25 97 99 190 180 165 85 20
12 242 227 90 58 248 39 236 12 121 101 29 81
8 201 130 174 111 56 119 45 139
7 55 91 202 175 70 152 226
14 57 128 123 154 105 136 102 238 133 171 16 107 205 195

Total makespan: 62

