10
26 36 159 58 102 208 47 63 85 160 220 56 122 236 227 1 14 249 139 120 12 244 123 219 7 174 195
25 103 171 22 10 13 44 9 2 170 187 115 222 21 43 72 206 97 178 70 196 184 205 51 202 192
24 167 37 162 73 15 152 239 191 223 52 169 173 194 111 248 55 107 189 198 141 138 137 245 238
26 50 226 129 114 34 148 132 228 98 80 45 82 240 190 17 91 42 143 166 95 96 131 41 136 116 100
25 92 237 59 75 130 211 145 54 109 163 16 200 67 113 104 46 28 157 210 106 140 218 112 60 127
28 81 168 133 149 134 25 164 176 135 125 188 5 48 217 29 231 225 40 87 128 183 172 35 230 118 89 221 4
19 57 31 27 66 18 247 110 62 88 65 243 69 8 84 209 76 33 215 213
25 90 99 232 121 83 23 30 181 179 126 182 212 19 101 154 146 68 241 53 193 38 32 108 207 186
29 229 79 147 165 158 177 246 26 24 199 203 11 74 242 77 6 216 20 155 175 161 3 94 71 156 105 201 234 235
23 144 49 93 233 117 204 214 185 180 64 224 150 197 86 124 39 78 0 142 119 61 151 153

Total makespan: 273

