10
27 152 155 243 173 53 0 249 212 82 7 179 80 118 18 70 68 97 194 132 130 26 78 181 138 81 51 24
24 103 122 234 76 115 189 157 232 161 66 248 33 4 86 208 45 217 112 114 246 205 180 19 116
24 210 203 134 106 239 228 128 87 165 11 67 110 142 12 48 3 160 49 158 113 125 197 247 104
19 100 176 124 204 77 167 206 151 168 64 131 59 27 75 190 96 201 28 198
26 153 227 39 127 61 224 43 240 95 5 231 91 192 216 120 25 162 40 29 225 21 136 172 101 65 196
21 23 229 193 107 36 144 156 220 199 52 41 85 183 133 71 108 241 56 92 13 218
26 182 17 214 195 226 170 207 146 63 236 55 223 88 30 238 99 171 20 57 44 94 47 31 84 175 169
28 42 54 102 230 141 159 119 111 73 8 126 98 32 135 237 38 186 222 163 89 123 109 6 148 147 90 154 14
26 37 211 245 79 149 69 105 166 9 233 140 177 46 184 34 185 117 129 200 178 244 145 137 215 10 93
29 62 213 74 164 60 121 58 22 2 221 209 50 187 139 83 188 72 191 202 15 235 174 143 242 35 150 219 1 16

Total makespan: 263

