20
17 168 47 114 139 99 121 241 25 104 128 11 186 59 89 80 57 153
15 244 119 30 117 212 67 166 210 169 230 174 178 18 204 98
12 12 173 124 223 70 152 187 211 113 200 17 164
13 91 112 39 101 84 81 249 167 145 45 111 151 38
12 110 13 62 31 137 207 234 108 242 78 14 50
11 54 63 52 236 226 102 56 53 77 88 216
12 9 58 213 247 246 1 103 37 66 172 144 32
11 215 196 20 156 147 35 224 29 82 175 148
13 225 2 87 221 206 24 136 245 217 182 157 90 218
14 185 10 8 248 48 94 97 60 209 34 107 106 86 65
12 46 93 243 176 170 23 138 220 149 122 129 192
11 16 235 72 4 73 75 51 22 71 203 188
12 120 229 141 179 83 228 5 42 205 219 43 222
13 162 198 79 132 146 26 41 109 19 131 33 27 134
12 69 36 61 227 190 92 74 184 123 44 232 49
14 105 95 160 135 68 96 142 40 180 76 165 189 240 100
11 181 233 130 199 15 7 237 208 238 158 194
10 85 154 214 159 197 191 118 0 177 116
11 161 231 125 201 115 143 193 155 64 195 133
14 140 163 202 239 55 127 21 126 150 3 28 183 6 171

Total makespan: 145

