30
9 220 152 225 224 144 71 179 245 30
8 218 118 239 216 75 9 190 11
8 110 53 90 25 217 37 59 132
9 31 32 146 234 33 60 92 77 65
9 178 94 230 209 51 111 27 70 109
9 202 166 193 116 228 48 157 242 150
11 126 78 8 165 232 6 107 248 115 57 50
7 243 123 119 26 101 167 236
7 168 22 164 34 200 125 38
11 124 40 64 1 139 237 207 49 47 175 17
5 4 203 20 195 15
7 56 131 41 83 2 147 99
8 7 162 149 160 54 212 171 182
10 91 170 231 114 84 222 98 96 145 158
7 36 73 249 129 135 72 89
7 192 214 208 106 82 140 191
9 197 21 12 58 213 14 52 68 133
6 240 10 138 67 194 127
11 35 142 130 23 43 221 134 128 229 210 206
9 136 85 153 39 185 44 61 186 227
10 163 219 169 46 55 74 18 97 81 143
9 173 233 122 69 95 108 235 223 151
7 117 137 187 189 177 24 211
5 183 241 161 148 103
9 113 105 247 196 156 188 201 159 104
9 184 112 62 141 79 205 29 5 155
8 66 215 80 226 28 154 198 19
8 87 238 174 246 176 93 3 199
9 181 42 88 102 63 45 121 204 120
9 86 172 244 180 13 16 76 100 0

Total makespan: 92

