30
12 162 101 40 44 50 112 12 111 104 157 234 181
8 212 226 88 211 130 143 33 161
7 222 34 228 170 65 128 160
7 219 208 169 129 189 81 64
9 89 164 11 237 165 176 84 14 149
9 39 8 59 60 55 10 179 90 72
11 178 137 163 30 168 126 99 249 206 63 201
8 239 45 158 172 203 31 108 80
11 191 247 53 120 91 139 145 205 218 210 26
9 1 217 96 125 118 232 187 238 16
10 236 133 70 43 0 183 66 114 243 116
10 71 245 204 54 159 36 48 199 24 7
7 23 196 230 22 47 148 175
8 233 42 95 35 75 224 194 242
5 98 56 110 193 18
9 190 25 244 41 119 221 21 214 77
8 215 32 73 227 182 51 61 93
9 147 180 241 138 113 154 174 136 4
6 186 220 115 223 105 225
9 131 195 3 124 58 78 135 207 79
8 109 140 15 117 216 200 13 17
7 185 27 240 151 144 76 150
6 197 209 141 92 156 106
5 248 132 68 62 85
7 123 102 46 94 127 37 57
10 122 9 82 171 231 167 134 29 6 198
9 173 188 69 74 146 184 100 177 107
7 202 152 19 2 52 246 155
8 5 213 121 192 103 28 153 86
11 49 142 67 38 87 20 166 97 229 83 235

Total makespan: 106

