15
17 11 191 24 224 151 109 194 227 204 234 163 87 132 100 220 75 29
13 43 146 105 18 121 143 70 33 112 38 244 85 21
18 128 27 53 99 62 219 119 78 49 69 135 41 123 17 108 153 13 154
16 14 247 183 208 74 80 148 184 79 34 55 88 226 81 76 118
18 240 248 31 223 122 39 19 181 5 218 190 231 155 211 86 40 82 71
17 95 107 36 178 104 205 48 46 199 195 37 113 59 16 164 26 32
16 186 42 23 25 229 170 213 162 198 106 212 8 61 150 103 217
14 185 110 232 216 56 44 90 50 140 159 236 156 138 177
17 221 20 222 63 175 9 30 171 145 207 97 94 93 215 98 239 169
16 187 228 15 101 168 111 84 149 54 188 66 214 133 125 67 152
19 200 1 134 22 210 189 209 182 45 127 173 237 230 246 64 192 141 12 202
25 144 180 115 65 57 157 126 225 77 117 238 89 96 92 136 161 2 142 179 124 52 68 72 4 174
14 58 241 167 47 129 245 3 203 243 176 28 160 114 206
16 242 201 102 165 196 35 172 249 166 158 235 73 139 91 197 131
14 6 60 120 233 137 51 83 0 116 130 7 193 10 147

Total makespan: 175

