30
8 157 107 39 57 102 181 224 48
6 122 26 77 16 30 117
7 21 237 236 4 228 151 132
8 52 76 170 221 242 233 119 137
12 200 143 74 235 182 99 103 226 80 40 245 144
8 123 134 172 135 112 59 126 45
9 156 105 5 150 129 193 35 197 64
9 78 177 44 11 188 60 116 90 51
7 27 94 164 159 206 178 83
5 33 110 158 162 210
8 208 42 115 79 190 207 0 196
9 19 198 88 176 171 104 202 225 239
10 118 160 91 246 37 24 166 25 147 124
11 212 89 1 6 231 199 174 149 185 249 63
6 141 229 111 86 87 248
9 138 43 92 10 47 9 56 180 65
7 68 15 2 81 3 84 54
10 139 247 217 238 12 169 114 205 49 148
6 175 163 130 173 195 240
6 154 20 167 53 203 241
11 61 155 213 95 71 96 222 32 29 192 140
10 230 67 227 23 66 142 69 7 73 153
7 120 85 17 184 194 234 82
10 152 31 218 93 183 146 133 38 41 109
8 14 127 244 145 220 50 136 131
8 36 46 100 211 219 106 98 18
10 34 125 191 161 232 128 215 70 243 179
9 168 186 58 189 28 72 223 8 165
8 204 214 201 55 113 209 101 75
8 22 97 13 187 108 121 62 216

Total makespan: 76

