10
29 85 162 30 185 120 32 130 166 217 161 165 8 145 70 190 242 0 90 97 192 238 137 189 81 114 31 56 175 182
27 202 52 92 48 110 228 58 139 210 66 218 247 167 59 246 140 176 179 232 205 25 86 230 6 186 147 135
23 102 234 106 212 129 118 22 125 34 76 122 136 124 14 29 91 213 149 241 100 168 78 226
25 111 206 121 142 151 155 194 237 35 214 105 84 143 224 148 123 191 79 21 198 231 89 19 4 163
20 169 27 188 128 73 249 68 39 195 74 18 229 83 158 119 144 236 41 17 75
24 170 159 53 141 62 222 63 109 36 96 178 82 103 69 196 26 171 47 219 223 33 99 37 67
26 104 157 88 134 215 43 209 207 172 239 51 12 87 40 244 72 181 42 208 61 95 44 153 248 127 7
22 117 60 204 113 46 197 220 77 221 13 65 24 187 71 98 156 200 233 64 199 152 20
29 94 23 45 107 133 54 173 216 5 184 1 28 225 211 55 2 16 183 227 154 164 138 150 177 203 10 38 180 112
25 57 50 108 201 146 132 49 193 3 101 174 160 80 115 245 126 15 240 11 235 9 93 116 243 131

Total makespan: 331

