20
10 197 57 214 216 199 125 228 30 122 0
11 207 200 142 164 135 242 58 220 7 17 224
15 203 20 41 46 87 156 50 137 188 194 243 235 115 26 160
13 154 221 233 110 98 211 237 178 148 222 63 83 45
10 9 245 38 104 33 190 180 15 49 27
15 152 217 96 88 172 128 170 124 246 223 213 132 73 230 51
11 113 74 144 59 61 68 2 141 143 77 153
12 14 64 16 119 103 176 218 206 118 193 11 105
14 159 29 196 71 47 179 84 158 95 209 62 76 42 147
13 120 92 107 244 75 205 238 1 234 21 121 239 232
13 67 69 212 140 201 70 13 157 208 4 130 138 139
13 182 109 99 177 150 28 5 82 189 97 93 32 90
13 229 184 43 126 56 166 111 91 247 195 163 155 3
14 89 36 248 65 8 80 202 34 40 186 117 78 227 167
14 100 72 25 123 48 31 116 23 39 52 236 35 249 171
10 219 231 174 175 136 149 94 146 60 112
10 10 114 181 168 187 6 240 86 54 101
13 106 198 12 55 183 37 127 102 134 226 151 53 204
15 215 191 44 131 79 185 19 173 162 165 66 24 161 18 169
11 129 241 108 81 192 145 22 133 225 85 210

Total makespan: 146

