15
18 226 209 164 1 239 189 220 192 14 104 228 230 8 77 214 116 232 27
13 51 101 61 119 246 99 184 79 149 100 145 59 73
17 66 181 136 54 207 68 168 37 38 2 134 244 120 182 233 105 171
17 112 96 173 198 47 175 135 95 102 60 199 162 157 84 29 57 188
14 211 81 114 67 76 166 153 6 89 243 90 83 212 91
16 43 177 194 201 26 222 4 115 46 219 241 25 139 138 152 87
17 49 174 213 242 117 118 229 42 126 205 111 108 28 0 10 93 19
16 237 12 172 11 63 193 132 215 178 15 103 32 31 148 33 130
20 236 203 5 53 191 18 210 123 195 55 142 56 64 133 22 88 247 35 72 218
18 24 7 48 94 231 147 86 234 17 113 248 224 155 156 9 44 187 208
19 131 129 146 98 110 13 151 223 36 39 85 62 154 127 40 165 45 65 150
16 197 106 204 20 161 185 80 158 74 69 202 3 137 163 240 144
16 196 206 170 249 41 107 221 159 190 124 200 58 125 186 70 235
14 217 16 183 122 21 121 97 180 238 245 227 143 52 176
19 78 128 30 34 141 179 109 71 23 169 167 75 140 92 50 216 160 225 82

Total makespan: 212

