30
9 55 210 201 164 6 54 90 241 180
7 48 156 18 15 33 88 239
6 64 23 114 132 10 50
7 59 231 148 211 74 108 68
7 158 118 85 5 247 196 237
11 102 146 65 134 185 89 72 248 104 61 14
6 173 4 105 30 20 82
8 179 177 0 119 12 53 171 181
8 62 224 157 100 189 162 186 96
9 113 188 3 202 240 45 93 144 99
8 213 242 212 86 128 32 36 198
10 226 57 229 219 43 197 110 124 135 49
10 127 193 34 38 236 161 152 195 145 129
10 233 39 194 199 172 216 26 58 141 147
9 24 223 87 205 70 169 191 244 167
8 40 67 106 178 66 204 92 117
10 130 111 243 245 56 220 160 21 35 120
9 207 138 225 232 76 27 153 200 71
11 184 46 183 142 208 1 51 137 101 133 155
8 107 94 17 222 8 78 166 228
6 238 163 221 217 19 91
9 175 143 159 81 125 246 151 37 63
11 131 11 77 84 235 2 9 42 103 176 28
7 123 47 165 98 182 214 112
6 215 187 249 121 41 140
11 109 22 13 218 136 150 60 192 75 174 203
6 230 122 168 79 95 206
9 16 31 80 73 44 69 126 170 139
7 97 25 154 209 7 190 149
7 52 83 115 227 116 234 29

Total makespan: 104

