30
9 55 11 107 157 88 181 113 206 70
9 220 163 122 204 9 160 77 174 39
11 189 72 92 24 21 46 133 4 228 119 188
13 137 245 112 242 143 32 8 170 127 52 96 154 76
11 200 6 98 202 144 132 74 196 40 234 99
7 172 3 59 123 34 61 238
8 156 105 125 35 232 19 117 129
9 48 146 51 114 135 208 177 171 97
7 94 164 159 185 120 229 50
6 162 210 27 190 237 33
7 0 65 110 42 115 103 79
9 102 243 236 45 25 225 178 104 10
9 91 246 37 29 166 147 124 54 121
10 249 116 109 231 199 90 1 198 151 78
7 111 86 87 85 197 248 63
8 175 180 30 158 56 138 126 194
7 2 81 68 15 82 226 221
9 139 247 18 205 49 5 60 12 169
8 130 118 134 173 195 240 227 80
7 26 36 47 215 53 203 20
11 43 192 140 217 22 222 182 155 213 95 71
9 230 67 108 73 153 66 142 69 187
6 83 167 23 93 89 223
7 152 31 38 41 44 241 218
5 145 16 136 131 224
7 244 100 149 211 219 106 209
10 7 214 168 176 161 179 128 191 184 233
9 212 28 186 58 148 17 207 165 57
8 84 201 150 193 141 75 183 101
7 14 239 235 62 64 216 13

Total makespan: 77

