10
28 174 46 0 213 67 156 173 216 45 238 229 237 225 57 6 1 104 35 179 33 96 234 164 9 201 8 88 122
24 158 12 50 94 37 127 192 119 142 189 215 236 218 221 24 139 233 78 149 181 231 71 190 195
24 193 113 235 81 53 202 186 62 76 146 220 210 75 13 228 51 131 77 133 85 211 162 99 165
27 145 245 47 59 178 214 147 151 197 54 23 105 166 101 15 141 64 87 93 136 137 32 90 82 40 100 106
22 230 176 34 198 208 177 31 56 161 41 114 170 138 203 65 242 63 140 185 205 111 204
26 209 4 239 39 246 244 102 120 123 26 157 219 80 183 200 169 199 29 212 58 69 144 175 3 84 249
23 5 232 143 16 134 25 115 18 125 226 112 55 21 191 30 167 91 196 171 110 182 187 153
26 92 61 118 206 17 241 70 117 132 74 52 72 148 207 172 159 180 7 22 28 223 36 121 247 217 194
27 97 68 129 184 10 83 124 168 98 163 43 243 154 227 38 135 108 27 86 66 103 248 48 222 240 11 150
23 42 19 107 73 224 60 109 79 14 130 49 126 128 188 160 89 44 2 155 95 116 152 20

Total makespan: 405

