30
7 120 190 246 71 215 12 32
7 106 54 183 238 36 224 181
9 79 165 17 105 86 95 8 62 55
9 131 134 150 50 20 185 247 123 240
9 143 9 77 126 67 205 142 157 117
7 219 248 191 182 147 227 204
9 21 2 38 209 110 90 16 53 87
11 112 3 222 149 127 228 100 212 19 69 180
5 27 47 139 160 220
9 108 194 226 40 140 107 93 39 13
8 52 164 169 33 179 44 153 4
12 0 192 99 75 85 244 109 130 132 236 206 88
7 70 57 168 199 196 216 58
8 155 163 94 78 81 144 159 195
9 184 162 249 198 7 42 116 152 208
4 65 122 46 151
9 14 230 193 201 176 80 6 43 26
13 172 5 114 237 229 202 125 74 45 186 166 223 171
8 96 203 63 25 66 137 136 221
9 233 18 98 113 145 148 197 187 73
9 118 102 34 97 217 234 210 241 133
7 167 161 213 104 154 82 41
8 200 72 170 28 51 68 60 174
7 22 37 129 235 29 177 35
10 101 30 243 24 64 115 59 158 239 92
8 135 173 211 231 48 218 15 138
8 10 119 128 141 175 1 49 124
7 11 146 91 23 76 225 232
9 121 61 207 89 178 156 242 245 189
8 83 31 214 103 188 111 56 84

Total makespan: 47

