15
15 148 70 59 31 239 16 10 89 149 92 189 182 106 147 97
20 158 60 50 204 229 11 14 76 51 35 177 63 9 143 30 161 249 34 27 231
18 175 120 118 217 52 206 41 209 139 210 101 62 150 154 162 58 69 160
14 56 93 130 47 146 82 213 21 212 114 221 137 0 236
17 138 157 37 77 108 71 131 53 99 136 85 226 132 38 44 122 171
19 72 78 119 8 240 15 123 20 191 22 127 26 5 128 54 196 19 218 151
15 193 232 48 4 49 230 39 214 29 43 167 168 81 245 12
17 109 201 200 25 205 199 45 220 113 68 91 67 105 176 233 36 124
16 55 216 190 32 238 172 79 57 65 98 215 6 184 111 75 247
14 159 181 246 116 24 110 202 66 80 237 23 173 165 115
20 135 28 83 134 141 156 144 18 234 211 104 192 198 42 133 195 235 61 187 188
18 142 242 140 90 225 170 179 228 223 129 95 107 183 2 125 224 163 203
15 180 241 96 178 102 222 155 194 185 100 103 112 152 244 3
15 243 145 86 40 17 87 64 248 33 174 121 169 88 74 166
17 208 117 219 164 7 207 1 46 227 126 13 84 186 153 73 94 197

Total makespan: 134

