15
16 61 21 74 183 29 49 189 101 227 2 219 113 41 25 104 216
10 60 93 14 170 92 94 123 136 202 4
15 242 69 208 122 218 244 99 234 184 124 57 26 220 150 175
21 102 125 247 142 34 95 180 143 133 201 240 115 198 13 79 121 66 77 151 139 235
17 230 177 158 157 128 1 138 211 176 191 212 153 106 129 147 236 168
17 30 11 86 73 131 78 169 68 46 84 17 85 130 36 214 144 24
18 35 31 15 179 103 56 141 96 44 112 156 192 53 197 224 88 167 6
16 87 55 223 18 243 63 7 210 155 117 193 0 229 185 5 166
13 159 165 45 195 54 162 83 127 246 97 38 187 9
18 116 64 118 160 51 149 226 217 194 232 204 70 50 186 215 146 3 42
25 40 140 148 19 108 37 82 76 206 249 10 164 75 145 221 58 209 111 114 91 32 225 200 152 28
11 119 199 238 173 20 81 109 80 207 107 47
16 239 22 39 213 33 23 181 126 228 205 52 98 190 8 161 62
21 241 48 59 154 100 182 174 188 222 237 163 12 65 71 16 203 171 233 196 43 231
16 172 132 178 110 89 67 134 137 248 120 27 135 105 90 245 72

Total makespan: 154

