30
10 68 183 139 25 22 1 24 179 57 61
12 168 123 146 143 182 70 174 228 164 96 89 112
7 4 161 186 64 181 191 92
9 204 86 132 231 100 117 42 218 206
9 237 28 35 122 246 162 15 208 145
6 156 197 193 77 187 175
8 194 21 109 97 134 230 126 160
8 154 20 6 49 75 3 67 150
9 216 9 73 173 225 87 91 140 74
8 8 148 52 200 211 66 2 60
6 214 131 142 196 80 141
10 144 51 239 244 169 166 247 50 72 198
8 245 114 107 195 11 5 98 217
8 101 149 113 63 16 23 54 192
9 95 111 215 130 10 201 47 229 26
9 176 65 202 84 38 240 133 136 30
8 135 18 99 93 120 163 31 212
10 185 118 121 14 102 205 71 203 213 17
9 83 81 85 56 236 69 180 219 34
7 90 106 37 165 40 234 33
8 199 45 39 155 147 209 226 58
7 43 220 152 171 44 151 243
10 221 79 224 227 127 210 184 232 249 94
8 190 53 12 222 177 108 129 158
10 19 207 76 188 137 157 78 105 46 242
6 62 124 238 82 138 116
9 48 235 41 172 241 110 159 59 248
7 223 88 189 153 178 119 103
6 0 128 32 115 55 13
9 233 36 29 167 125 27 170 7 104

Total makespan: 47

