15
21 64 224 117 181 186 226 134 18 159 183 52 2 214 102 177 148 12 57 71 17 74
16 245 24 61 93 70 59 104 112 136 176 46 234 75 164 153 152
16 236 105 125 3 211 128 107 7 141 44 14 244 19 201 43 103
17 157 144 140 209 228 16 223 108 135 22 151 42 231 35 221 28 216
15 142 124 184 171 191 189 200 96 143 47 188 192 162 21 212
11 215 203 129 130 10 110 248 32 123 37 202
20 205 232 133 73 55 109 95 94 50 178 113 82 76 242 163 8 241 101 58 56
16 246 147 166 34 90 180 60 48 172 69 53 217 92 219 80 118
18 220 41 168 204 240 98 185 238 208 230 145 195 99 97 210 72 30 155
16 84 175 29 167 88 31 194 86 100 196 33 119 156 160 170 67
17 174 114 235 106 127 198 229 227 207 218 149 66 39 83 239 111 193
13 5 85 1 78 150 122 213 65 131 13 249 23 187
16 45 68 63 49 81 146 169 77 237 91 161 9 138 25 20 173
20 243 79 126 222 115 6 165 199 27 158 132 190 247 11 62 137 54 225 121 36
18 206 4 51 40 26 179 15 120 197 233 0 38 139 154 87 116 89 182

Total makespan: 227

