30
7 0 17 168 57 242 119 114
11 80 123 158 39 117 111 2 166 104 212 223
11 115 59 140 154 177 43 51 33 1 228 192
6 75 86 151 89 171 47
9 53 159 68 97 208 198 110 193 216
8 194 37 149 186 102 155 138 130
8 36 248 76 137 41 95 234 23
8 96 73 187 229 249 21 220 133
9 127 124 142 92 106 202 118 120 16
7 238 225 64 146 131 84 61
6 40 157 7 81 185 105
6 32 144 236 107 46 83
9 247 184 214 165 74 156 191 129 183
8 141 108 122 188 227 69 211 204
6 50 170 11 72 230 4
7 54 147 181 246 29 88 63
8 70 22 209 203 98 145 190 180
9 210 150 116 45 85 109 231 31 66
7 58 101 65 244 30 160 55
11 232 239 77 205 178 12 14 222 125 27 82
10 112 67 128 5 42 139 161 143 179 152
7 87 90 48 60 103 134 91
8 18 26 235 240 153 121 167 19
11 200 8 78 201 163 226 218 44 243 162 217
11 221 132 164 148 49 10 233 71 79 100 206
9 28 20 136 113 199 175 173 213 176
8 35 241 172 245 207 62 13 9
8 25 195 197 15 135 219 174 6
9 34 189 99 24 126 182 224 94 169
8 215 196 38 52 56 3 93 237

Total makespan: 70

