25
9 235 243 241 8 29 137 193 180 63
8 113 69 152 163 37 46 15 213
11 22 109 175 65 178 90 24 207 94 149 83
11 183 195 222 205 61 42 155 229 157 25 81
12 203 142 191 244 148 110 62 128 52 99 131 230
12 144 38 161 78 13 82 187 141 14 87 20 27
11 130 220 70 57 111 219 3 140 34 167 182
9 245 208 9 100 50 36 162 45 49
13 225 97 86 55 233 147 96 129 77 12 44 80 151
8 17 35 165 211 91 79 93 190
8 60 232 26 58 133 171 30 206
8 114 67 51 47 216 166 28 76
11 132 122 4 214 136 102 16 23 240 170 194
10 75 192 88 237 181 118 31 189 239 231
11 139 236 74 89 174 92 124 7 125 238 11
10 176 112 105 247 120 41 21 173 198 68
12 108 215 104 135 179 185 143 73 119 217 200 84
8 33 72 202 145 121 153 54 39
10 5 228 156 223 150 123 115 19 107 154
8 71 248 246 201 159 6 186 53
10 43 85 10 164 196 188 168 138 126 117
9 169 56 172 204 2 0 116 199 221
11 146 103 177 48 66 101 234 158 127 224 226
10 64 242 197 209 32 210 98 106 227 40
10 212 59 95 1 184 18 134 218 160 249

Total makespan: 86

