15
20 32 203 41 175 153 72 205 178 196 92 39 104 229 94 115 190 189 151 120 56
16 38 28 9 47 83 106 127 208 181 36 218 80 141 138 133 155
15 70 31 215 226 14 221 157 234 248 25 144 85 96 23 225
17 63 237 231 6 34 55 156 107 124 95 228 0 139 98 44 182 111
15 57 213 148 207 173 195 60 76 114 50 222 13 119 108 5
17 236 122 167 61 43 249 227 58 142 33 90 113 84 102 245 183 45
20 118 188 180 101 244 116 64 212 137 19 49 170 29 152 174 186 164 210 169 136
19 219 20 132 247 8 2 235 145 129 246 46 30 204 126 187 240 66 91 162
15 165 191 53 243 27 201 16 177 216 202 15 59 146 163 22
16 171 52 74 209 160 18 241 198 112 242 35 150 220 176 197 26
15 100 103 211 200 105 192 51 12 109 42 154 217 238 65 97
17 99 21 73 239 1 77 4 159 121 125 75 40 88 193 81 147 24
14 48 172 214 158 232 223 117 110 54 161 86 194 166 134
17 78 149 123 79 7 230 89 143 62 17 82 184 185 87 67 93 179
17 135 3 128 37 140 224 69 206 168 130 11 71 131 199 10 68 233

Total makespan: 239

