20
11 25 15 143 231 89 232 151 22 40 229 21
11 202 142 29 134 172 62 38 55 111 193 28
16 244 121 149 49 88 139 197 186 200 50 69 70 238 146 42 59
13 198 156 224 44 148 159 30 203 16 76 100 190 95
12 58 189 216 215 34 185 119 71 247 4 131 79
11 196 61 155 240 101 105 48 0 221 13 47
13 195 120 63 194 67 17 188 83 19 46 118 173 213
13 11 225 150 208 165 60 41 26 162 233 96 210 2
12 182 117 66 72 56 245 113 24 161 158 227 1
11 107 199 167 130 133 18 68 8 7 77 175
9 239 116 152 64 125 122 85 37 166
10 39 84 248 187 20 164 99 192 243 201
14 242 82 246 94 53 141 178 14 249 170 241 214 10 106
11 35 226 87 123 129 115 57 73 171 104 217
13 176 128 108 98 205 218 135 169 127 27 206 32 157
13 140 3 65 102 177 174 220 6 219 222 180 124 144
14 78 97 110 204 181 207 92 235 112 212 154 168 33 137
18 90 54 109 91 93 183 126 36 160 81 5 31 228 153 86 138 136 74
11 75 223 114 211 12 51 184 237 45 209 132
14 145 236 52 234 23 9 147 179 191 103 230 43 80 163

Total makespan: 143

