20
10 61 211 34 19 213 237 153 181 222 171
11 103 93 180 134 199 116 203 168 226 121 193
13 69 0 86 88 201 66 174 38 139 71 161 128 216
16 123 59 56 115 62 24 162 74 198 166 130 210 125 70 239 242
14 248 87 131 117 63 244 64 152 246 167 43 155 219 32
15 27 44 97 160 182 21 81 113 60 26 249 240 245 89 225
11 73 186 165 12 157 99 200 196 120 202 33
10 67 53 20 235 169 105 137 158 234 85
12 30 243 77 84 232 65 170 172 187 31 42 83
11 109 119 163 215 40 28 179 141 6 241 178
14 102 29 129 206 76 208 156 101 13 50 110 228 207 138
11 118 194 151 230 127 98 68 16 18 135 236
12 22 224 25 106 212 1 214 79 154 15 233 39
18 146 190 82 177 52 80 95 48 23 176 11 191 104 223 7 147 108 143
12 55 114 2 100 92 173 175 209 144 247 238 96
12 164 204 37 51 5 49 148 4 184 231 112 195
12 132 133 45 221 185 124 150 227 58 192 46 183
14 142 136 197 140 189 10 75 107 218 122 36 54 9 145
9 78 72 205 8 94 47 217 57 90
13 3 35 41 111 91 17 14 229 159 126 149 220 188

Total makespan: 160

