15
16 243 97 40 20 163 30 169 84 76 181 210 127 77 120 236 234
18 123 225 37 32 219 223 231 226 197 130 238 21 27 115 87 196 159 26
15 227 179 125 59 129 122 248 193 154 131 189 60 128 142 25
16 108 124 38 53 167 235 218 208 221 134 192 5 229 90 220 168
13 137 191 166 104 198 241 13 92 10 209 111 155 94
18 23 132 50 136 112 109 106 213 80 83 7 71 113 12 242 47 48 187
15 153 66 207 52 176 74 147 107 14 232 64 88 62 145 237
15 178 75 173 105 34 188 133 233 230 2 150 24 214 22 6
21 172 165 139 140 61 15 101 203 171 118 16 57 96 44 190 82 45 0 244 29 67
15 135 46 58 141 56 39 224 204 35 19 177 79 162 11 42
17 4 201 157 216 43 3 205 199 86 149 211 239 51 249 1 161 151
19 8 194 156 184 183 49 117 89 116 93 158 72 103 54 126 121 185 18 246
16 33 144 119 195 91 85 212 110 217 228 174 73 81 102 143 17
15 247 240 41 138 98 28 186 55 202 245 200 148 69 164 100
21 146 152 215 9 175 222 114 206 70 78 180 63 99 182 68 36 160 170 95 31 65

Total makespan: 146

