10
23 195 90 163 32 214 29 144 180 234 103 191 73 0 49 166 145 14 100 106 102 44 189 182
28 238 215 42 161 117 241 66 10 47 67 122 123 15 211 39 97 185 70 246 3 229 108 198 155 184 71 156 133
25 2 153 147 84 79 196 26 16 1 23 228 201 31 157 164 61 109 171 130 98 136 172 33 24 179
21 221 105 207 200 5 190 4 25 167 12 169 208 22 162 85 199 203 220 248 78 218
25 143 236 222 87 224 111 53 8 146 175 237 7 59 239 186 30 54 170 225 45 65 205 160 134 158
25 128 223 99 81 112 91 232 121 95 60 206 150 178 72 187 101 202 188 181 126 197 242 38 57 18
24 58 80 114 110 41 119 159 43 93 37 19 235 124 40 131 116 249 63 231 83 247 173 244 69
28 183 154 129 52 219 35 135 233 168 86 217 177 11 137 120 74 212 193 50 140 92 148 34 141 210 138 36 48
27 213 216 149 204 76 9 27 245 151 62 94 127 243 132 17 21 174 115 77 226 75 165 209 68 142 227 125
24 51 192 56 139 28 230 152 89 113 240 82 13 104 118 194 107 6 176 46 55 64 96 88 20

Total makespan: 374

