10
26 146 78 25 126 162 34 95 182 103 208 197 226 72 176 32 173 140 102 0 125 38 22 218 160 177 42
28 152 108 27 52 46 93 219 62 157 79 100 188 199 20 17 189 214 26 90 147 48 120 43 15 60 70 101 44
22 244 245 118 183 112 243 196 104 164 151 144 210 85 51 172 115 163 7 221 128 124 187
29 63 97 71 18 123 139 127 109 4 110 155 211 59 249 89 69 174 184 135 228 237 67 193 130 180 6 55 16 234
25 213 131 216 238 215 21 5 167 24 143 161 141 222 190 77 92 136 247 134 11 225 148 81 233 232
20 58 66 138 185 28 181 236 119 2 202 117 239 68 86 37 205 231 99 198 116
26 121 80 107 156 122 165 75 235 168 36 195 33 13 142 206 39 166 241 191 113 133 223 8 31 73 10
25 154 204 159 209 35 14 64 220 19 178 82 207 1 106 56 98 83 186 50 170 40 217 158 212 88
23 242 57 132 203 171 84 179 3 230 248 23 96 54 150 192 74 145 30 240 169 91 49 61
26 129 229 76 224 194 114 105 137 53 47 175 41 153 45 87 111 149 12 65 9 227 200 246 29 94 201

Total makespan: 360

