20
12 137 132 191 10 227 228 130 98 223 170 34 154
13 9 86 35 19 63 31 174 76 108 134 203 218 113
14 179 167 101 164 53 124 138 192 202 190 60 129 97 119
13 237 45 71 249 181 163 89 214 29 213 183 135 193
13 225 162 222 140 87 159 215 20 69 22 82 28 107
12 136 142 115 145 184 110 78 72 103 114 208 209
13 62 194 180 173 12 126 152 5 92 46 21 125 39
15 188 207 177 50 234 64 88 118 111 18 212 176 246 37 33
12 94 48 3 248 41 242 66 153 186 219 205 133
10 240 67 15 25 211 230 220 206 123 243
14 8 144 4 149 158 59 168 16 131 199 166 216 157 105
14 172 49 75 52 40 85 187 14 122 51 106 238 17 175
12 102 116 178 57 127 61 24 54 165 169 121 104
11 44 100 36 13 74 99 1 233 146 241 55
10 79 198 201 6 161 68 147 210 150 11
10 27 32 195 117 221 239 91 231 93 77
11 90 244 204 58 0 81 84 139 229 2 65
13 217 109 197 112 160 156 200 236 143 83 141 30 171
11 182 42 47 95 120 155 23 148 224 73 232
17 80 226 151 235 26 185 56 196 128 43 96 70 7 189 247 245 38

Total makespan: 158

