20
11 138 43 90 213 211 49 96 54 37 44 110
11 156 101 29 67 131 125 236 28 1 127 41
12 104 86 150 99 145 15 157 13 24 177 16 183
15 95 23 17 50 140 72 144 48 74 59 214 3 190 161 0
12 81 100 137 126 196 182 169 76 170 160 70 51
12 249 240 227 60 246 193 203 188 56 112 228 221
14 233 57 201 152 66 4 194 216 122 200 115 171 18 149
19 174 121 68 26 191 34 12 32 25 11 5 40 235 134 172 52 120 176 241
14 73 232 243 91 129 113 141 33 195 2 231 87 78 71
13 181 158 237 10 114 83 225 239 123 128 202 192 210
13 162 84 97 30 198 168 173 208 204 85 132 143 238
16 130 92 47 154 146 166 226 103 219 151 178 189 184 116 93 136
14 179 106 20 222 61 22 217 117 142 88 69 77 234 159
11 124 118 206 133 7 36 45 186 98 164 175
11 180 55 31 53 148 135 111 21 82 109 108
9 64 119 39 224 102 6 8 14 9
12 107 63 220 199 75 242 248 229 218 153 139 247
10 207 65 38 205 79 223 80 245 35 244
9 147 167 105 46 94 209 165 215 62
12 197 89 27 155 42 58 19 230 163 185 212 187

Total makespan: 90

