15
21 2 214 57 52 17 127 179 143 7 83 74 148 181 186 226 134 18 130 64 224 84
17 245 180 12 104 36 153 152 75 234 24 61 112 136 176 46 93 70
16 14 244 3 211 188 149 128 107 68 19 201 161 229 203 236 105
16 35 221 28 54 209 160 157 144 69 215 151 135 22 108 223 140
12 47 63 184 171 191 189 27 219 60 175 26 162
13 216 30 10 110 248 32 164 95 202 177 218 173 194
19 59 58 56 109 178 94 50 133 73 55 82 76 242 163 8 241 231 101 113
15 185 121 172 246 147 166 34 90 217 92 71 240 123 53 192
18 220 102 230 238 208 91 155 228 145 4 1 210 72 195 99 41 168 204
16 97 45 198 29 200 158 86 100 196 225 170 67 33 119 31 9
18 51 187 25 66 249 235 207 39 106 48 213 174 114 227 239 111 141 193
16 78 150 122 65 131 98 13 125 96 42 88 5 43 85 37 117
16 103 237 124 49 81 146 169 77 159 129 20 16 44 23 206 118
19 183 80 232 212 62 137 132 190 247 11 205 6 165 199 243 79 126 222 115
18 156 40 138 142 21 167 15 120 197 233 0 38 139 154 87 116 89 182

Total makespan: 223

