25
11 71 3 43 161 218 232 92 169 36 57 191
8 178 87 238 4 201 222 118 146
9 147 7 9 142 130 66 69 187 21
9 206 70 163 121 8 107 151 223 55
5 99 230 59 225 91
8 31 234 96 80 237 86 120 48
10 134 143 17 73 27 88 45 112 129 196
11 105 231 42 35 145 157 153 83 228 137 154
9 104 177 182 123 139 199 62 175 79
10 127 81 75 136 58 113 244 179 54 11
10 221 156 103 1 176 227 186 211 195 214
11 114 233 192 89 28 93 110 67 100 97 76
11 141 132 64 150 128 25 72 172 183 6 77
9 165 152 215 148 16 98 18 19 220
11 162 217 184 133 180 74 174 84 226 90 200
9 65 39 126 78 198 125 188 24 224
10 207 240 102 14 23 95 239 44 209 50
10 243 0 205 213 115 246 46 236 2 106
10 101 149 245 40 181 37 60 119 12 109
11 168 140 249 63 173 204 219 108 189 33 170
12 235 5 22 53 52 202 82 208 164 85 194 116
10 135 212 26 210 197 167 29 229 138 166
11 49 160 248 159 47 41 247 193 30 155 117
10 32 131 13 124 122 68 15 241 38 216
15 94 20 185 34 203 158 10 51 111 190 171 56 144 61 242

Total makespan: 119

