30
7 43 54 169 45 232 152 7
10 170 99 100 210 63 109 124 90 25 21
8 190 51 155 113 26 227 225 231
9 47 53 150 162 186 40 8 133 33
9 98 76 11 220 173 12 154 177 171
8 158 42 128 174 135 241 41 153
9 247 145 191 0 78 24 218 74 202
9 211 179 198 87 85 160 138 91 126
6 161 129 67 163 215 123
10 107 73 239 121 166 72 224 18 83 200
11 234 237 116 221 37 134 188 192 207 212 49
7 44 19 35 95 58 82 148
7 245 22 106 184 112 185 189
7 92 118 32 20 223 56 246
7 93 65 4 55 110 172 243
7 131 127 89 61 34 165 31
9 139 108 196 96 195 39 70 142 236
6 244 168 101 238 48 137
7 136 68 206 9 193 178 164
9 27 230 86 181 115 157 10 94 149
7 222 199 194 125 105 240 103
8 1 80 249 122 38 130 182 201
11 117 30 52 235 102 187 213 2 208 167 183
8 144 84 175 14 6 197 141 205
8 29 36 143 204 209 233 16 97
10 217 81 226 28 216 88 229 5 119 120
7 59 13 15 66 242 151 64
9 46 114 146 50 140 77 228 57 60
10 71 147 23 156 111 248 180 214 159 176
10 104 62 17 75 69 132 79 203 3 219

Total makespan: 97

