25
11 163 104 217 121 155 164 226 152 178 134 35
10 189 149 19 32 126 232 116 231 147 213
9 243 236 66 65 76 219 138 92 150
11 31 94 247 141 23 167 114 56 90 221 137
7 194 44 117 46 161 29 212
10 129 148 200 135 158 223 172 83 218 57
13 67 41 20 136 45 51 16 190 197 99 176 74 237
10 25 103 199 159 101 228 168 60 241 7
11 58 234 34 3 128 120 52 69 142 182 61
10 140 55 157 192 124 245 24 100 2 91
9 174 195 214 64 54 173 202 8 36
11 88 38 115 42 180 12 170 89 166 227 239
10 96 127 30 93 154 14 78 132 230 87
11 249 68 220 111 187 70 118 108 98 162 133
9 26 4 208 153 207 1 43 244 238
11 33 84 229 102 160 203 63 151 53 205 131
12 235 198 211 95 62 196 80 215 222 86 183 47
9 204 28 81 40 209 188 146 17 225
11 240 123 216 139 97 48 49 206 248 193 71
8 39 143 185 77 145 130 6 144
8 191 233 79 181 175 201 112 11
9 156 109 13 0 15 224 210 110 169
10 85 179 165 73 113 246 75 177 9 122
11 171 72 106 105 18 119 107 21 186 5 125
9 184 242 27 37 10 59 22 50 82

Total makespan: 127

