20
11 127 40 153 171 45 169 215 154 37 91 133
13 235 12 44 72 173 1 58 102 243 140 10 142 191
14 92 177 162 227 190 49 121 39 181 223 61 132 122 214
13 4 19 130 184 166 68 30 160 33 200 24 78 216
10 71 107 234 79 26 104 21 203 14 187
13 20 57 194 106 197 222 34 186 212 81 131 221 180
13 6 213 226 139 42 62 43 99 217 229 134 211 54
15 128 201 125 220 86 204 109 196 185 238 35 28 13 82 84
12 88 205 47 170 115 143 93 182 36 89 105 118
18 210 123 231 175 230 114 53 136 83 129 25 179 15 150 5 236 247 117
15 165 50 8 141 241 199 126 163 9 240 29 96 56 94 2
9 124 156 22 76 168 224 119 159 97
13 103 77 7 164 145 135 74 202 55 237 41 64 75
9 155 52 208 73 249 167 146 60 172
15 111 193 108 149 120 219 178 59 67 69 246 0 245 233 51
14 100 66 176 113 70 144 80 242 148 110 46 95 183 232
13 228 11 65 152 189 138 248 48 18 174 31 87 63
10 16 38 244 195 239 161 209 32 206 116
10 101 112 85 98 27 198 137 157 225 90
10 3 188 207 17 218 147 192 151 23 158

Total makespan: 88

