25
9 138 232 246 94 171 33 61 0 23
10 224 109 66 89 215 155 194 16 62 17
10 3 123 39 108 84 20 163 183 139 219
13 118 193 110 140 98 67 179 117 154 198 229 80 131
11 63 162 120 126 216 29 158 52 114 147 152
10 36 96 51 77 164 116 30 18 127 230
14 14 7 240 213 6 100 137 40 50 115 234 122 5 41
8 206 81 233 9 12 243 197 248
9 112 165 160 102 222 1 195 46 176
12 205 241 134 99 170 75 145 34 37 189 231 153
8 136 181 71 26 247 245 211 150
13 44 91 186 130 166 4 95 132 88 203 43 10 157
13 249 104 235 202 175 69 2 196 106 187 220 237 236
9 53 142 87 190 167 121 83 188 192
7 128 182 35 65 19 64 70
9 209 210 201 21 184 56 27 79 223
11 103 148 8 57 86 177 32 225 199 214 24
9 78 146 161 144 101 74 72 73 119
8 28 22 107 129 217 58 218 68
11 133 59 174 113 124 141 49 76 226 42 169
7 54 13 227 178 47 204 85
10 173 168 92 135 208 239 238 45 38 242
11 212 172 97 31 11 191 82 55 228 111 180
9 207 185 149 15 200 143 159 48 125
9 90 25 156 93 60 105 244 221 151

Total makespan: 120

