30
7 230 175 143 28 79 62 237
10 96 105 150 157 133 227 74 213 190 185
7 45 210 215 151 25 68 238
12 64 174 167 177 18 166 30 206 242 205 94 229
9 137 102 103 152 232 196 115 180 3
10 149 95 233 125 228 4 40 222 14 221
8 236 153 182 184 7 88 59 224
6 130 183 121 54 72 140
9 61 139 120 132 243 141 5 6 106
8 81 32 71 57 83 22 198 199
8 156 84 99 23 176 89 36 63
8 12 111 172 218 24 70 161 126
8 225 38 200 201 195 192 220 164
10 117 122 78 92 234 11 142 13 168 208
7 19 21 86 20 69 56 147
9 29 203 181 160 187 39 145 0 246
7 211 65 171 155 98 217 87
8 239 34 113 8 169 107 91 128
8 44 186 50 109 148 193 31 194
6 204 226 127 9 119 110
7 138 47 67 75 144 163 165
9 231 16 26 146 66 49 123 73 178
8 114 244 136 162 43 77 124 159
6 55 212 48 248 241 85
10 134 214 100 27 197 116 46 131 170 216
10 108 188 41 235 247 37 135 202 245 58
9 209 97 15 179 173 112 60 154 2
9 223 104 219 52 101 53 249 51 33
9 42 93 240 189 82 207 1 90 35
8 191 158 80 129 17 10 118 76

Total makespan: 94

