10
29 237 33 78 15 13 120 74 155 127 140 207 44 206 112 7 143 21 211 226 70 156 106 103 22 164 26 152 243 57
28 131 47 219 89 214 170 92 149 166 172 186 39 14 49 193 75 144 76 63 55 100 48 224 158 45 9 128 71
24 97 91 17 113 90 129 191 151 110 10 93 148 88 24 157 42 197 235 51 72 101 4 2 198
27 54 141 216 223 65 6 132 69 98 190 104 114 234 220 119 229 189 116 82 64 240 178 68 203 185 34 187
23 139 222 176 188 35 160 169 117 133 236 230 30 79 168 32 66 109 125 16 124 154 221 242
23 130 121 175 0 122 105 115 181 208 95 213 180 177 96 137 61 43 31 18 231 196 38 179
23 249 60 29 5 238 194 165 241 86 111 85 134 20 248 159 3 167 53 59 84 80 73 27
22 50 163 142 195 11 67 138 107 244 183 209 36 225 150 217 8 102 215 218 247 118 56
23 162 182 205 135 37 204 145 62 136 210 77 184 147 123 12 99 19 233 228 246 200 174 239
28 245 227 46 58 171 25 201 1 126 192 153 87 232 81 23 108 146 161 83 52 199 28 40 202 212 41 173 94

Total makespan: 356

