30
7 122 101 143 131 105 13 115
8 25 56 45 121 181 219 152 242
9 20 204 12 86 27 53 149 228 214
10 40 140 236 162 92 37 175 135 178 99
6 17 93 43 132 72 194
9 104 108 110 0 119 35 14 94 173
7 193 188 225 66 125 217 157
10 10 161 174 33 202 183 52 192 36 84
9 100 215 230 49 146 141 229 51 134
8 111 167 182 89 69 28 21 169
8 78 144 7 185 147 79 117 165
8 47 187 198 73 191 76 65 195
11 57 32 118 58 163 22 241 38 30 82 114
8 1 77 150 208 199 223 244 180
9 15 23 128 91 90 98 46 172 203
11 137 50 19 200 156 190 138 197 239 210 160
7 164 39 61 240 196 60 233
8 211 18 71 96 81 227 107 176
10 68 148 212 75 206 70 234 235 3 142
8 109 232 74 113 166 224 112 103
9 16 171 63 8 123 189 186 59 44
11 64 201 116 145 205 184 4 216 88 55 170
6 179 221 159 231 158 218
6 31 177 237 83 246 139
9 120 6 168 247 155 67 207 151 129
7 124 42 97 154 2 95 48
10 130 80 249 9 87 245 5 106 127 34
7 133 243 62 11 26 102 153
6 220 136 29 209 24 213
8 85 54 226 238 222 126 248 41

Total makespan: 71

