10
28 14 46 59 227 25 176 142 150 141 178 192 195 5 119 75 40 159 41 31 172 243 27 152 102 203 115 64 155
21 125 185 138 47 32 60 28 112 114 13 4 189 215 92 0 19 2 156 36 161 76
32 88 149 6 139 247 77 113 146 30 207 175 23 107 98 29 58 96 26 89 12 126 39 228 214 124 239 104 197 148 11 162 140
28 147 17 158 7 236 221 69 235 50 225 84 48 63 193 248 244 206 151 43 86 79 233 91 232 174 153 123 22
28 66 184 166 213 199 3 165 173 34 130 116 100 234 118 223 205 177 218 8 108 219 20 196 90 83 57 240 238
18 62 136 191 117 229 33 55 212 167 217 160 170 163 220 52 106 37 45
28 49 245 18 216 121 78 210 53 110 109 65 44 208 209 134 186 132 241 190 204 70 38 21 201 103 67 122 95
21 105 183 242 182 35 202 127 24 72 94 194 187 120 99 188 171 111 128 74 61 82
26 87 237 129 131 81 168 135 143 54 179 80 85 73 51 226 211 16 10 230 71 231 169 157 154 133 56
20 200 224 249 97 180 42 101 145 15 198 222 1 164 68 9 137 246 181 144 93

Total makespan: 343

