20
10 228 56 196 34 113 130 98 137 132 191
13 9 242 86 35 18 59 245 95 31 19 65 134 203
14 124 138 202 60 129 118 91 119 192 64 179 97 208 167
15 2 164 74 45 71 249 237 29 213 183 135 136 75 163 89
13 225 162 222 140 87 159 215 20 69 22 107 147 105
11 33 103 209 28 26 184 110 78 142 114 239
12 200 12 21 125 131 46 152 189 39 174 205 11
13 80 177 193 73 111 13 246 37 207 212 51 188 8
11 133 144 153 94 3 248 41 219 214 186 77
9 223 123 15 72 101 206 201 211 230
18 146 166 168 243 62 115 190 176 216 157 67 16 108 149 154 199 229 121
13 126 227 172 238 17 175 55 161 52 40 85 187 14
14 169 61 24 54 165 57 106 120 116 178 198 233 231 102
11 100 181 49 44 220 53 76 148 170 99 1
9 226 79 145 221 127 88 210 150 81
8 27 32 195 117 143 4 70 68
15 139 48 5 90 244 204 58 0 158 218 241 92 234 156 84
14 197 112 160 30 171 83 141 180 217 66 236 240 25 104
12 224 82 93 173 36 182 42 47 232 122 155 23
15 128 43 96 185 247 6 7 50 194 63 151 235 109 10 38

Total makespan: 153

