15
18 211 42 13 79 38 184 11 12 152 139 131 176 5 39 83 222 161 72
19 214 168 90 188 36 141 93 10 194 189 109 241 230 15 94 98 202 110 133
18 119 115 246 129 140 157 104 127 101 142 240 136 50 218 233 204 147 108
17 4 244 23 205 71 195 199 16 242 19 125 174 175 61 235 73 82
14 67 65 248 155 52 22 120 68 6 209 169 170 91 121
17 2 187 100 223 164 117 162 238 78 1 156 49 81 112 8 197 219
15 166 146 123 0 18 14 159 178 130 27 29 192 245 236 208
15 96 190 32 7 210 80 24 34 30 137 84 122 213 35 151
18 57 220 40 26 17 144 114 212 74 107 232 135 167 25 243 153 44 75
16 150 45 51 191 143 172 196 237 20 179 180 31 97 58 43 54
19 105 86 111 62 85 229 149 186 69 234 33 171 215 48 177 203 89 200 95
14 99 247 173 145 198 224 158 225 228 59 102 165 154 128
15 41 181 60 118 77 46 217 92 55 249 103 76 134 9 201
19 226 28 106 183 21 207 70 66 185 124 193 126 132 227 116 3 163 216 221
16 148 56 138 160 113 182 206 37 87 64 231 63 47 53 88 239

Total makespan: 172

