10
26 51 72 240 248 142 172 212 32 36 217 236 162 206 10 161 176 77 131 117 6 224 238 214 4 163 148
23 79 154 213 225 31 109 222 167 97 226 129 230 134 71 184 168 17 231 102 175 208 5 52
28 220 101 8 237 103 171 247 20 136 58 13 107 19 232 98 94 22 116 83 181 241 221 141 113 185 219 81 12
24 85 0 16 193 34 246 50 23 24 192 243 75 90 78 209 158 173 43 188 244 249 110 35 140
19 70 147 245 153 62 169 96 121 108 242 99 152 29 124 3 174 139 95 159
27 63 123 205 33 165 39 80 199 93 198 54 118 202 126 178 155 137 25 104 130 88 201 170 179 200 84 190
26 57 114 207 150 1 40 105 73 46 53 87 14 55 145 211 37 138 203 144 204 42 26 166 151 143 218
23 11 61 44 115 239 183 189 59 196 67 15 182 18 197 30 186 27 210 76 120 65 164 60
28 191 28 149 127 132 119 49 100 223 45 128 156 125 48 91 235 74 7 38 111 89 2 66 112 234 216 180 92
26 122 195 56 9 227 215 177 64 233 47 229 135 82 157 194 146 68 133 86 41 228 21 187 106 160 69

Total makespan: 348

