25
14 67 156 249 35 66 149 6 77 98 26 226 120 32 148
9 36 233 21 189 145 111 57 188 165
8 28 142 204 169 1 112 167 210
8 186 137 239 55 135 208 201 200
9 138 213 16 247 93 106 122 153 76
9 89 48 12 132 238 240 96 9 78
9 80 198 8 128 206 79 176 54 241
13 228 195 177 202 246 224 131 155 18 125 22 237 232
10 215 194 104 116 62 109 227 2 162 83
11 4 181 212 84 139 180 90 235 14 248 69
10 154 73 24 242 58 60 11 214 168 225
9 7 133 171 91 140 199 33 34 41
10 196 47 5 146 187 102 42 184 205 119
10 185 217 157 86 45 81 234 229 71 113
11 220 23 88 95 110 85 172 50 150 207 53
10 10 134 203 121 44 56 222 68 136 183
11 211 15 52 243 100 166 0 117 65 160 72
9 164 94 124 13 179 19 231 92 219
9 218 197 115 130 101 59 3 46 209
8 170 114 87 29 20 236 63 38
12 108 144 31 141 244 216 39 143 178 103 43 161
11 221 40 175 118 25 97 192 27 99 152 107
10 147 174 159 49 105 163 126 245 173 230
9 123 182 75 127 151 190 191 37 74
11 158 70 223 129 17 61 30 82 64 51 193

Total makespan: 95

