10
26 220 211 108 187 127 168 48 87 78 31 59 202 140 172 44 142 27 39 132 94 210 191 122 120 195 237
28 96 64 171 60 249 147 84 4 53 41 160 192 123 156 189 164 61 106 227 13 109 181 117 159 63 17 91 215
22 32 240 150 22 74 146 148 3 139 188 177 50 243 25 85 145 52 37 7 194 14 28
26 218 18 242 101 143 26 29 20 114 205 104 67 196 137 51 163 186 166 170 2 213 5 57 45 247 152
23 124 199 49 30 79 88 75 153 95 12 42 90 244 129 133 174 107 98 229 235 136 212 178
28 1 65 15 200 82 102 226 10 92 100 93 185 70 77 38 116 144 99 214 43 69 33 73 54 21 173 89 121
22 239 169 248 245 111 201 80 208 71 183 130 8 155 157 103 221 175 128 35 119 113 231
20 190 162 161 72 241 115 16 149 86 209 180 193 224 151 154 134 233 236 206 219
25 182 126 197 216 184 56 179 6 47 110 11 207 131 24 228 36 81 0 234 58 19 138 217 55 97
30 105 176 112 167 158 223 165 246 203 225 125 40 46 222 141 135 198 62 230 204 34 68 83 232 9 66 23 76 118 238

Total makespan: 379

