15
16 107 155 87 154 95 150 231 118 12 66 115 109 91 152 187 207
21 105 11 119 76 3 184 135 217 55 188 171 90 31 218 175 158 97 104 1 86 112
20 198 125 183 199 225 64 189 233 209 59 74 10 56 8 28 120 85 213 46 239
19 29 216 237 205 156 159 144 210 88 140 149 211 212 62 15 192 178 238 169
18 50 58 246 138 82 214 22 108 165 235 117 65 242 122 18 71 34 25
19 153 151 79 48 194 136 203 47 43 33 167 106 92 80 197 70 114 68 134
13 2 181 4 93 51 101 219 84 145 241 244 96 61
12 41 14 185 116 13 113 110 129 131 193 44 16
18 166 163 221 204 42 23 164 49 161 243 75 247 89 230 6 168 147 234
14 139 162 52 54 186 132 180 177 215 236 240 103 249 137
18 206 32 143 100 202 27 19 130 232 220 157 182 208 160 228 60 9 174
14 224 248 21 98 24 142 26 36 72 173 127 69 196 81
15 146 77 229 245 78 73 45 37 57 227 222 7 226 148 126
15 223 170 99 141 172 121 83 190 124 201 123 39 38 94 195
18 67 20 128 179 133 30 35 0 191 53 5 111 63 176 40 200 17 102

Total makespan: 134

