10
24 17 103 191 206 170 12 235 230 164 92 53 104 22 6 1 99 165 10 163 140 245 60 95 20
30 246 14 57 131 152 213 137 175 218 184 93 9 178 180 202 25 243 171 63 26 197 182 2 177 54 62 90 31 138 19
24 96 39 240 211 73 248 167 100 21 43 199 13 118 172 237 32 47 194 130 196 34 98 217 121
21 7 123 215 242 201 65 225 64 37 77 127 102 76 232 193 227 82 5 68 209 150
24 36 144 143 16 72 80 161 38 168 135 173 11 244 27 151 107 44 46 108 219 84 23 83 147
24 88 220 42 0 234 133 200 113 67 157 71 214 122 174 41 183 224 226 28 120 145 4 116 231
25 52 94 81 66 153 241 139 126 160 115 119 210 146 59 207 50 142 155 186 29 162 33 110 58 40
31 61 190 89 114 159 55 216 141 97 148 35 176 45 158 136 75 185 221 74 112 105 85 51 125 111 249 203 15 91 204 223
22 233 106 134 222 70 179 128 208 78 101 212 156 188 117 154 30 49 69 187 195 86 169
25 87 132 48 181 236 228 56 8 192 129 229 3 124 18 79 238 166 149 24 109 239 198 189 205 247

Total makespan: 390

