15
15 12 152 91 236 187 207 87 154 35 115 109 150 233 155 217
18 218 175 158 82 31 171 105 188 135 104 112 220 76 3 184 119 222 55
19 64 74 248 198 85 56 8 125 183 9 110 213 10 189 59 225 239 226 28
18 29 216 237 212 62 149 211 210 88 140 205 156 66 178 169 192 168 21
20 231 50 58 246 25 131 65 22 108 97 214 165 138 208 18 71 34 95 235 242
19 114 151 79 118 68 134 48 194 136 203 47 43 33 167 106 128 80 197 70
13 2 219 84 145 241 244 96 61 93 51 101 4 181
12 199 46 41 107 193 44 16 129 14 185 116 13
18 113 166 164 90 204 5 163 221 49 230 243 75 247 23 42 234 147 100
14 186 132 180 177 215 139 162 52 54 240 103 249 137 117
20 232 19 32 200 143 15 182 159 206 144 153 92 27 130 160 157 174 228 60 1
15 224 7 26 36 72 173 127 69 196 81 98 24 142 238 11
15 146 77 229 245 78 73 45 37 57 161 120 227 126 141 148
16 122 195 172 223 170 99 209 121 83 190 124 201 123 39 38 94
18 67 20 191 53 0 63 176 89 6 111 17 40 179 133 30 202 102 86

Total makespan: 134

