25
6 31 233 120 61 48 181
12 165 159 222 187 242 27 239 123 155 211 225 121
10 108 71 36 0 115 135 1 218 192 158
12 195 11 3 201 230 9 180 217 146 205 88 94
11 176 134 228 85 142 207 227 178 64 191 169
11 200 140 147 28 96 133 164 162 18 114 92
11 16 130 55 193 53 138 106 139 151 209 68
9 197 185 14 171 95 66 7 30 41
11 58 57 247 144 13 5 51 143 119 86 21
12 112 212 70 243 59 174 82 141 44 116 103 77
10 117 46 73 136 33 100 202 40 67 32
9 156 56 101 39 129 172 170 235 43
9 196 199 150 246 54 75 152 29 215
7 128 221 93 6 183 97 72
10 157 15 203 179 38 49 2 98 124 166
10 204 89 102 63 34 99 194 237 23 17
10 90 188 104 24 4 208 248 8 25 234
12 219 168 22 236 76 62 145 175 132 198 110 122
11 52 232 245 105 189 78 74 50 249 10 206
8 240 87 42 241 37 47 149 184
14 163 177 126 127 131 238 109 167 60 79 125 220 173 84
9 118 45 229 214 113 111 244 160 226
8 19 80 12 161 186 65 210 91
9 26 190 182 69 231 35 216 224 148
9 223 137 213 154 20 153 81 83 107

Total makespan: 132

