20
13 8 35 157 198 185 201 102 77 229 115 29 196 129
14 104 156 179 208 118 219 80 132 141 7 69 79 41 24
12 45 18 222 225 159 227 215 177 216 230 193 209
16 54 120 139 217 88 190 163 197 27 68 242 246 148 138 38 144
13 56 55 43 161 188 136 72 145 83 174 93 96 149
9 81 91 2 3 166 74 66 249 147
13 39 146 63 76 21 30 207 128 180 195 140 203 244
12 75 12 248 65 194 123 23 239 173 245 114 160
11 90 125 31 20 247 199 64 48 78 126 17
15 228 127 211 67 84 86 19 165 116 89 158 4 232 183 241
12 135 47 224 101 82 231 26 49 206 218 237 233
11 87 133 236 70 108 212 98 182 34 95 100
15 210 243 153 94 36 175 155 44 15 124 16 150 0 92 112
11 6 51 40 169 171 226 52 73 9 97 223
10 25 111 152 32 42 110 99 220 113 168
13 106 202 238 240 59 22 205 60 71 28 58 221 103
14 154 109 107 14 184 122 234 204 181 235 46 186 50 37
13 176 53 10 62 142 187 121 13 191 214 130 33 162
11 164 151 61 5 131 178 167 213 172 200 143
12 170 117 1 134 119 11 85 137 189 192 57 105

Total makespan: 114

