30
10 7 70 22 31 166 238 23 2 86 1
7 82 34 147 239 202 213 205
11 129 242 111 240 40 122 233 151 153 168 84
7 196 10 225 161 137 117 47
7 193 44 236 53 72 9 104
11 46 14 165 102 38 63 197 119 152 249 4
7 163 130 121 227 204 145 138
8 243 91 231 65 194 188 96 59
9 62 148 15 199 79 221 207 51 94
9 83 81 26 33 118 218 74 75 77
7 144 80 50 214 19 177 132
6 37 43 224 56 160 169
11 176 220 11 156 228 248 229 185 39 29 3
8 192 210 18 173 158 66 85 20
8 134 8 48 235 123 190 181 28
8 203 110 87 0 105 215 128 71
9 159 17 57 201 36 103 234 131 222
6 88 237 30 164 206 93
10 115 55 42 64 112 120 170 182 54 154
6 58 211 109 135 25 244
9 16 5 78 124 95 116 171 195 24
9 89 67 98 191 247 212 136 60 99
8 174 198 41 208 180 76 101 6
9 172 232 139 167 178 100 146 113 69
8 187 179 183 107 223 246 142 149
8 21 61 45 73 241 175 12 127
9 49 140 133 162 143 226 126 217 141
7 13 106 184 245 27 35 92
9 230 216 189 97 209 157 219 90 186
9 32 68 200 155 150 108 114 125 52

Total makespan: 101

