30
9 243 199 178 213 140 206 194 128 55
8 154 133 94 115 64 109 126 33
8 27 37 188 184 163 91 233 156
7 134 41 56 170 228 246 111
9 24 90 46 148 216 238 131 239 209
8 20 175 212 82 237 180 142 49
7 214 217 137 161 3 25 230
6 219 122 174 226 59 66
10 235 8 166 15 153 31 7 201 99 110
9 150 40 113 10 160 30 114 229 93
7 54 236 208 50 145 181 88
7 125 120 193 169 147 21 162
7 187 53 87 220 16 57 164
10 124 78 68 106 58 121 221 231 135 171
11 241 190 185 132 89 22 14 207 19 177 204
10 2 28 0 248 98 179 74 176 211 47
8 143 196 100 189 141 234 240 112
6 18 130 12 85 172 96
12 195 247 67 182 32 117 63 138 158 227 36 136
8 79 83 11 48 1 123 215 69
6 198 6 81 108 139 186
7 129 84 102 75 29 173 26
7 107 151 191 92 242 249 62
10 97 202 61 39 43 155 203 44 218 17
7 205 23 232 152 146 192 222
8 168 95 86 165 71 9 60 197
9 224 127 52 70 38 77 210 157 244
10 225 200 116 51 245 119 103 183 73 144
10 65 76 159 118 223 104 13 5 101 45
9 34 4 72 167 42 105 149 80 35

Total makespan: 76

