15
15 120 17 54 199 97 163 30 169 84 76 181 210 243 40 20
15 219 197 130 238 21 27 225 115 87 159 223 231 226 240 26
14 227 59 154 131 142 58 127 189 60 128 25 172 179 125
15 108 124 38 53 167 235 218 208 221 134 220 192 5 16 168
15 104 196 209 241 94 13 92 10 228 180 137 111 155 45 191
18 48 187 50 67 23 132 71 113 12 242 47 7 80 83 112 109 106 213
15 153 66 176 237 248 147 107 62 145 64 88 52 74 204 207
15 178 75 173 214 230 34 188 133 150 24 99 233 22 6 105
19 195 232 0 244 29 96 44 190 61 140 165 15 101 203 171 118 139 57 82
17 193 177 222 43 56 39 224 98 135 46 11 42 35 19 90 162 141
16 86 149 3 14 161 175 151 211 239 51 249 205 4 201 157 216
19 158 126 121 116 93 89 117 49 194 156 184 183 166 185 18 32 8 72 103
18 33 144 234 198 81 102 143 79 246 174 73 91 85 119 236 212 63 110
17 41 129 229 122 28 186 55 247 2 138 202 245 200 148 69 164 100
22 215 9 170 146 206 70 78 123 31 65 136 95 182 68 37 77 36 160 152 1 217 114

Total makespan: 146

