20
10 64 120 97 151 169 209 140 198 54 128
16 24 186 131 224 174 8 22 81 190 125 21 9 62 118 200 112
12 160 14 109 76 157 94 150 220 44 51 162 187
15 244 206 95 20 138 246 74 178 98 40 80 158 143 213 147
10 39 16 69 199 10 171 231 227 124 194
14 55 56 59 134 100 85 65 92 12 192 82 106 18 176
11 41 3 222 137 75 104 126 27 165 70 223
14 130 105 228 180 216 214 26 32 229 13 86 36 50 25
15 184 204 145 179 210 207 242 238 170 201 129 48 67 127 58
12 189 23 175 19 183 77 113 212 37 149 197 121
11 240 249 142 6 123 185 241 11 141 195 181
10 243 203 156 57 49 191 42 152 15 46
11 217 60 35 159 116 111 182 29 173 68 196
15 71 96 153 164 235 139 132 115 208 52 161 89 90 78 225
9 79 135 163 122 103 31 136 215 202
10 230 117 233 155 17 221 2 234 172 188
15 66 248 154 114 7 84 30 110 107 232 61 168 99 73 101
15 34 45 102 247 87 53 167 245 219 144 226 72 133 1 63
14 237 119 93 4 193 148 218 5 43 236 28 91 177 205
11 0 88 166 83 211 33 239 146 38 47 108

Total makespan: 149

