25
8 52 245 90 4 5 96 177 129
11 24 199 233 43 150 206 88 218 190 145 141
10 101 86 143 14 162 68 56 197 217 30
11 181 170 10 205 2 27 83 127 100 179 40
10 167 31 157 33 139 0 45 246 78 215
11 34 234 248 228 18 142 118 212 94 184 73
10 62 60 210 152 89 20 63 46 122 178
10 35 13 169 241 204 240 105 9 11 165
11 49 171 12 236 108 137 92 239 208 227 121
9 23 82 159 120 229 112 126 194 61
9 91 195 51 191 153 17 186 187 125
14 28 44 133 247 8 66 140 149 114 132 26 55 136 168
10 221 102 85 138 69 249 25 104 244 64
9 224 97 65 113 72 198 223 185 155
9 50 124 225 36 87 166 119 59 172
9 39 128 144 154 158 76 220 75 117
13 202 84 32 103 37 164 214 95 41 238 203 70 135
7 242 192 219 58 109 110 235
10 16 216 188 98 48 93 147 67 42 107
7 54 134 182 230 183 146 213
7 57 115 161 237 243 211 232
13 79 111 1 7 201 176 173 189 130 116 207 6 81
11 106 196 99 77 174 222 80 123 160 200 47
9 180 193 231 22 163 151 148 209 74
12 175 226 3 21 156 19 15 29 71 131 53 38

Total makespan: 130

