30
9 145 92 225 73 141 78 212 44 140
9 227 53 202 58 116 126 198 190 32
8 28 180 101 61 214 161 247 93
11 187 62 209 134 117 235 185 50 240 45 86
7 238 142 182 228 216 80 95
8 193 81 243 65 151 167 110 189
11 144 26 194 132 124 158 69 184 7 154 176
9 76 35 230 111 226 15 14 241 3
6 83 246 168 46 171 155
7 94 177 242 18 223 195 88
9 137 63 170 123 127 105 150 166 107
7 135 208 239 211 60 22 215
10 229 79 130 39 121 77 233 48 11 67
10 120 175 1 138 207 41 203 102 112 159
7 164 38 139 31 249 34 153
6 236 24 2 47 72 43
7 186 181 118 103 37 30 12
7 27 156 51 218 178 17 0
10 200 74 119 143 162 55 128 84 5 122
7 149 237 29 219 172 23 113
8 197 129 160 205 106 231 54 133
11 75 8 115 157 147 213 104 16 56 152 148
12 82 221 220 36 97 108 199 224 20 19 98 59
7 222 87 179 125 173 49 100
7 9 90 109 68 188 4 210
11 6 244 70 174 169 232 91 245 183 96 99
8 201 136 10 71 33 21 131 114
6 52 40 196 85 146 206
7 248 204 191 217 64 25 192
8 163 165 89 66 13 234 42 57

Total makespan: 69

