15
16 187 169 147 84 123 199 237 41 58 47 181 86 37 27 161 156
18 127 49 202 78 60 12 226 11 39 95 85 6 249 126 142 111 139 9
14 91 108 66 43 201 154 216 189 209 65 105 96 235 89
18 29 120 107 238 13 206 150 73 145 102 7 230 136 77 48 31 14 93
14 153 140 18 44 138 22 183 40 172 184 82 240 59 176
15 25 149 203 36 204 214 162 79 76 32 188 2 35 215 98
16 119 146 164 160 217 3 247 221 133 208 241 243 4 178 19 104
17 42 158 99 220 131 94 246 57 92 222 67 50 229 151 100 219 81
16 193 212 30 112 232 68 38 72 234 114 75 121 228 248 236 113
20 21 103 165 62 122 163 159 191 186 205 101 52 157 61 175 155 182 23 168 180
17 128 200 53 88 174 143 109 71 15 207 110 198 225 245 231 152 87
16 54 125 45 244 80 26 106 213 69 173 137 74 8 24 20 46
15 10 130 192 17 51 218 64 1 197 227 118 185 167 124 115
24 179 148 194 70 16 242 117 0 63 134 211 34 210 83 132 224 5 141 171 28 97 55 239 195
14 56 233 144 223 33 135 166 129 116 196 170 177 90 190

Total makespan: 210

