25
10 191 122 135 136 66 87 35 119 1 133
8 38 180 11 71 55 146 175 232
13 248 95 16 69 209 84 27 23 116 245 57 28 212
8 18 92 65 163 199 124 13 111
12 36 157 173 170 210 172 247 34 60 104 243 77
12 215 213 20 39 190 123 100 169 162 176 177 33
9 75 110 14 186 220 195 37 98 94
9 234 40 9 26 21 117 153 102 214
8 79 207 47 205 235 202 44 144
12 103 145 61 236 218 67 168 223 6 129 246 125
9 224 96 165 63 132 106 138 72 206
10 88 194 166 141 196 70 10 240 76 4
12 53 185 42 30 187 56 49 137 150 73 0 45
8 78 48 219 32 221 200 120 208
10 130 198 80 192 51 139 225 237 228 97
12 204 233 182 152 17 241 50 155 193 227 131 121
13 128 93 249 184 230 197 112 41 147 12 149 179 64
8 156 105 107 238 19 154 188 90
12 178 189 148 161 244 211 229 115 54 160 29 231
7 239 74 174 171 46 3 126
9 164 25 113 82 109 159 183 142 203
10 89 68 81 2 86 91 222 22 216 31
10 143 114 85 43 24 62 5 59 108 151
11 101 8 15 226 99 134 158 201 52 140 127
8 167 118 181 217 7 58 242 83

Total makespan: 97

