30
8 4 154 220 85 19 203 149 15
7 23 184 5 155 76 63 20
7 42 38 54 172 46 25 14
7 182 115 26 193 240 49 216
13 243 162 125 128 160 227 98 238 189 44 186 169 168
5 234 48 123 67 198
12 116 163 190 206 170 27 141 40 77 211 221 2
10 142 86 143 225 41 96 113 9 201 108
7 248 66 249 6 194 33 129
10 84 212 120 59 152 121 90 71 103 35
8 80 1 159 81 157 207 217 45
7 199 22 245 215 127 37 188
8 165 57 126 187 55 0 101 114
7 231 136 213 138 79 62 13
7 97 60 166 61 131 246 137
9 94 8 69 229 99 10 3 102 139
9 242 17 28 202 11 107 148 134 196
9 239 132 241 83 191 151 153 178 89
9 87 106 235 78 224 52 237 32 185
7 24 34 75 145 110 64 197
8 21 226 122 95 183 164 43 210
10 223 175 18 180 65 218 133 236 91 82
8 135 56 73 124 70 161 181 174
10 244 158 92 105 30 173 104 7 147 88
9 50 119 214 192 208 47 72 219 205
7 130 150 112 176 171 232 118
7 222 74 111 68 230 204 117
11 53 100 144 247 16 93 109 29 177 39 179
7 209 233 200 31 140 156 195
7 12 58 146 51 36 167 228

Total makespan: 103

