10
22 185 39 179 53 158 10 221 245 155 47 41 227 80 167 29 222 203 33 57 236 159 190
24 113 82 78 59 240 37 114 97 118 111 231 22 35 202 106 94 102 4 239 75 243 92 125 9
25 32 63 81 188 186 44 76 89 168 173 184 226 177 162 72 105 225 210 248 18 110 77 17 242 62
26 199 235 160 34 201 232 157 96 164 122 172 90 136 205 219 20 166 120 182 212 64 146 112 228 169 170
27 145 229 100 5 249 65 40 95 74 193 98 51 84 56 54 223 36 140 0 6 67 130 149 27 88 58 214
23 79 45 3 86 148 119 211 138 198 217 16 175 241 116 218 121 1 73 48 237 247 131 189
29 215 49 128 61 101 115 150 244 171 135 176 161 19 224 134 165 181 50 183 139 147 151 15 142 200 230 174 178 11
24 46 152 208 187 204 127 163 209 154 192 24 8 216 93 26 129 91 133 38 7 143 103 25 180
28 52 107 66 156 21 55 144 194 206 14 123 23 2 99 70 137 87 60 197 28 196 68 153 31 83 85 71 126
22 42 109 69 43 207 108 220 213 12 141 13 238 191 117 132 246 30 195 124 233 234 104

Total makespan: 325

