30
8 164 6 54 168 154 61 118 241
10 28 243 156 214 15 33 88 239 105 66
6 52 108 21 50 90 126
8 128 137 209 180 181 60 231 211
7 196 237 82 135 45 109 56
8 216 65 187 185 160 89 195 72
7 191 130 43 158 3 173 140
8 210 117 29 245 59 149 177 53
7 190 162 186 221 189 103 244
7 213 23 188 47 144 157 96
9 106 99 26 212 86 133 215 36 85
10 71 197 110 57 229 219 124 176 35 58
11 152 236 227 38 1 165 127 74 193 34 206
9 101 205 141 222 49 97 39 145 194
13 223 167 55 184 42 5 70 151 122 98 10 129 87
6 112 114 17 40 233 225
8 201 111 95 84 16 134 220 78
10 161 132 138 76 27 153 217 116 242 171
10 247 8 155 46 183 18 142 208 51 199
7 62 170 166 228 48 32 121
8 150 91 202 125 94 198 238 224
9 30 120 246 175 143 159 92 77 20
12 179 11 67 235 2 9 232 147 136 113 146 131
8 123 172 182 204 139 169 0 14
6 37 19 64 102 63 200
11 192 93 24 22 13 218 100 163 203 75 174
5 148 207 7 230 83
8 31 80 79 41 68 73 44 69
6 226 119 240 248 25 12
8 234 81 115 178 249 4 104 107

Total makespan: 106

