15
13 1 214 134 188 132 108 147 13 184 141 207 238 218
20 50 11 229 176 156 8 193 196 43 36 3 47 163 148 136 19 185 126 245 67
15 7 200 130 22 131 225 144 121 191 239 21 6 84 127 83
13 178 216 86 48 89 107 63 75 223 115 232 103 190
15 162 73 109 237 92 111 135 146 182 155 61 96 153 10 16
18 104 181 5 219 217 9 183 76 151 41 203 177 35 220 226 29 149 129
16 166 158 230 172 78 138 40 228 23 174 54 26 80 205 116 32
18 85 58 51 2 105 101 189 125 221 194 106 206 56 160 77 34 137 241
18 59 79 60 208 52 64 100 28 53 204 72 222 201 180 65 110 112 39
15 24 242 247 154 44 186 118 114 209 179 82 74 152 169 46
19 15 62 81 235 66 17 91 124 20 173 170 133 243 45 102 171 224 212 70
20 168 233 57 94 120 27 119 90 93 192 30 38 244 240 210 139 140 157 97 123
18 142 248 87 167 199 42 88 71 197 231 211 164 187 37 0 198 236 213
20 161 33 227 95 25 69 98 165 4 145 202 12 55 49 234 249 18 143 99 246
12 113 14 150 195 159 117 68 215 31 175 122 128

Total makespan: 169

