30
6 27 153 111 202 190 165
9 211 181 175 227 135 243 112 187 51
6 199 139 234 173 43 119
8 114 180 69 85 86 122 121 79
10 132 92 1 82 42 144 239 74 249 10
7 166 213 71 222 116 140 95
10 117 46 154 136 54 101 78 18 240 210
9 11 128 89 19 126 20 236 109 203
8 4 230 104 163 87 25 103 13
6 67 8 137 52 88 39
9 141 232 72 159 35 183 21 219 64
9 47 14 60 65 164 5 0 228 205
8 142 238 248 149 16 134 152 129
7 212 81 66 36 12 131 115
8 214 146 59 100 200 44 125 108
12 94 176 97 124 56 194 220 169 167 151 192 22
8 2 189 105 133 63 158 237 28
8 245 84 207 196 68 226 29 208
9 168 32 198 118 61 231 38 17 23
10 130 209 58 155 83 31 225 15 191 161
9 113 174 70 247 179 244 24 75 156
8 186 177 7 229 162 50 120 145
9 157 96 77 98 41 90 6 185 195
7 107 218 34 216 123 49 80
9 3 93 188 76 170 99 37 193 197
9 48 223 102 40 53 182 147 143 235
9 160 246 242 33 217 110 106 201 91
9 26 127 30 204 224 150 233 172 215
7 184 206 73 241 178 55 57
7 62 138 45 9 148 221 171

Total makespan: 49

