15
18 35 207 14 93 49 210 28 27 122 76 59 41 91 144 231 195 226 5
10 229 247 71 170 33 191 192 163 78 20
15 133 37 200 1 165 95 148 128 50 147 242 197 87 167 17
19 57 218 160 137 198 124 112 111 179 0 125 32 85 189 138 219 158 211 156
16 220 222 136 241 7 171 217 30 176 145 3 221 74 44 238 82
18 183 203 205 29 96 103 99 223 129 130 25 4 52 31 213 155 24 88
16 120 97 245 228 45 104 151 60 236 181 64 40 153 214 73 141
16 119 131 244 232 83 152 201 9 184 204 172 178 108 154 115 89
18 62 196 121 230 48 240 135 134 227 190 208 157 173 187 185 15 75 146
14 243 18 42 98 84 123 67 246 113 206 186 65 36 139
17 174 21 126 16 80 38 39 107 212 150 239 194 13 54 142 79 26
23 22 215 110 248 234 81 162 166 55 11 182 63 58 114 177 101 105 72 225 161 149 140 169
18 92 51 8 159 43 109 106 116 102 180 216 127 193 56 100 86 199 46
16 77 94 68 202 69 90 10 6 188 66 117 23 143 53 12 47
16 19 237 235 34 175 132 61 233 70 168 209 164 2 118 224 249

Total makespan: 209

