30
7 239 60 168 40 232 141 193
8 26 139 78 248 216 115 19 9
8 151 112 164 107 44 46 73 143
9 174 189 51 64 65 63 71 211 152
11 210 172 247 233 20 160 171 7 212 237 52
9 56 79 218 184 33 69 209 230 77
8 88 128 97 227 240 153 81 55
8 24 235 200 4 236 182 157 163
9 165 177 134 31 175 192 80 167 57
8 59 67 49 181 125 12 45 13
7 142 154 122 28 158 75 92
9 126 89 103 99 39 131 120 196 3
7 215 5 124 119 245 68 150
7 23 204 190 113 234 2 197
8 1 32 25 149 58 21 0 35
8 41 214 207 213 144 202 148 50
10 188 208 109 225 27 110 159 135 226 249
8 133 203 179 43 241 116 53 72
5 101 48 54 228 162
12 94 180 170 229 127 242 95 194 37 90 66 74
9 231 137 145 96 224 16 220 17 173
10 206 129 86 140 93 30 18 191 169 84
9 201 85 176 114 198 83 14 178 155
8 15 123 166 104 121 223 195 111
9 243 6 138 118 186 76 187 87 217
5 132 38 183 62 221
7 205 61 36 117 98 102 91
10 136 219 29 22 106 105 42 156 244 8
8 130 34 70 222 147 82 100 108
9 185 238 11 161 199 47 146 10 246

Total makespan: 99

