30
7 114 225 3 101 159 192 230
7 57 132 110 227 74 146 190
8 203 58 151 241 137 210 106 238
10 94 177 88 156 145 242 229 166 37 174
6 42 232 102 79 191 162
9 30 83 133 222 233 125 228 204 180
8 1 38 196 130 131 157 207 124
6 244 45 183 121 167 127
9 139 120 141 5 27 80 6 243 108
6 69 7 22 198 199 32
8 226 36 72 23 161 47 205 89
7 111 172 55 76 39 85 92
10 63 170 17 2 82 247 168 200 201 195
11 221 81 122 78 158 234 208 51 142 248 239
9 26 218 18 70 224 43 19 86 147
9 0 246 187 181 237 206 182 188 29
10 115 14 68 28 123 194 153 185 155 98
10 96 56 107 34 113 8 21 149 91 105
7 44 186 41 61 148 52 50
8 25 9 119 11 16 215 64 128
8 220 236 176 67 249 150 144 163
10 178 49 71 175 231 24 95 48 73 54
6 40 136 59 171 77 193
5 31 99 212 165 169
9 134 84 197 116 46 213 164 211 126
9 245 135 202 154 184 65 140 118 109
10 209 97 15 179 173 117 112 87 103 20
9 223 104 53 33 90 4 66 62 235
10 93 152 60 160 138 240 189 219 75 143
9 216 10 12 13 129 217 35 214 100

Total makespan: 101

