15
15 142 127 76 244 86 200 179 204 80 183 9 62 165 56 229
16 38 130 161 83 66 117 170 25 205 70 224 35 132 113 146 27
13 160 36 75 154 149 1 135 78 186 40 120 33 202
17 19 187 101 237 194 190 98 88 57 222 97 227 159 163 215 5 68
16 100 208 206 232 189 185 61 34 155 247 198 137 46 225 168 133
20 241 218 223 226 82 217 8 47 203 214 24 150 177 28 228 26 182 145 123 110
17 104 45 221 234 106 153 191 84 143 0 74 23 219 4 64 77 245
15 188 59 231 144 180 207 181 201 209 31 199 7 239 58 39
19 248 197 48 111 148 212 108 30 122 67 87 173 128 73 17 105 16 140 60
22 192 236 119 157 14 249 172 136 118 116 99 55 167 102 216 96 114 92 162 6 134 72
14 95 15 94 115 22 93 65 52 37 121 10 242 2 69
17 158 213 13 152 42 139 11 91 230 49 32 171 18 156 79 235 12
18 164 21 109 124 90 63 138 184 169 126 196 175 238 233 151 112 240 29
17 71 89 107 85 54 176 211 43 81 220 131 246 178 174 129 20 243
14 41 166 51 147 50 195 3 53 193 125 210 141 103 44

Total makespan: 226

