15
18 7 233 123 116 160 215 133 170 226 207 217 223 200 93 46 194 122 55
20 247 52 221 163 120 27 94 90 14 25 127 110 53 240 80 183 134 35 78 72
17 148 220 181 151 68 218 5 100 50 225 155 188 241 33 129 209 210
17 105 66 187 106 42 88 99 41 8 104 206 87 213 238 224 146 130
15 219 117 32 196 199 144 228 237 143 97 232 61 58 51 3
18 192 195 174 57 177 121 158 67 118 153 65 39 147 231 75 249 161 9
13 208 16 112 79 23 140 229 214 126 244 136 19 201
13 242 45 150 167 18 89 85 131 77 145 63 76 30
19 154 197 40 159 49 81 189 62 157 47 230 60 236 11 95 222 96 243 84
19 38 141 29 179 156 31 152 164 234 172 1 54 102 20 139 115 6 132 74
16 10 205 26 246 128 114 44 185 103 175 149 0 64 168 138 15
16 108 202 92 245 113 13 109 70 171 173 198 24 125 91 56 190
13 186 98 227 48 4 180 107 82 12 43 2 166 212
20 36 22 101 178 137 193 86 142 169 17 176 34 37 191 71 248 28 184 73 235
16 165 124 83 69 162 239 203 21 111 204 59 211 135 216 119 182

Total makespan: 236

