10
25 125 50 15 88 60 195 123 198 97 146 184 190 113 81 2 211 55 152 147 89 205 122 65 95 128
29 245 230 213 57 76 11 115 189 8 69 28 167 94 186 75 220 103 64 156 174 248 78 5 130 23 61 165 200 175
23 178 185 45 26 66 161 225 235 232 111 163 172 29 243 118 249 241 22 3 228 199 59 37
24 154 142 144 9 210 47 13 10 212 33 19 99 171 129 143 67 155 6 105 135 34 177 160 41
24 209 244 188 84 83 204 193 56 98 233 206 100 48 90 145 52 39 127 27 80 237 150 227 110
19 86 247 114 112 44 79 238 153 120 182 12 159 16 92 121 106 173 93 1
30 207 116 236 246 194 51 148 46 32 14 201 134 151 191 87 164 58 119 53 229 62 17 73 70 132 196 240 203 221 168
27 215 158 21 222 74 4 117 162 234 216 42 20 77 49 139 136 0 138 242 183 223 63 85 30 91 104 187
23 36 71 25 109 179 169 176 214 72 82 35 166 192 131 157 202 40 43 226 126 218 231 149
26 54 108 18 102 137 107 180 197 170 124 224 141 31 7 101 181 38 217 239 208 24 140 68 133 219 96

Total makespan: 378

