25
8 68 70 219 58 146 129 153 216
9 29 34 47 192 205 10 164 2 1
10 121 240 248 218 155 198 189 221 215 154
8 28 9 199 38 107 92 204 124
11 0 141 206 220 99 12 157 22 201 26 71
11 185 6 246 130 43 162 19 171 13 51 127
13 5 81 79 33 18 117 217 62 197 177 56 137 194
12 50 116 244 230 82 242 77 57 208 49 119 229
9 214 178 122 181 202 161 67 109 53
6 140 225 165 160 65 106
10 14 27 211 234 88 247 136 190 126 128
10 180 187 25 169 7 239 212 173 84 175
9 156 54 184 40 196 188 238 105 243
9 145 112 245 191 163 17 235 32 114
9 60 138 152 233 120 16 148 183 90
11 159 147 41 42 224 74 87 52 85 23 8
9 193 66 61 132 174 15 118 101 93
11 166 64 46 45 110 228 133 139 237 91 151
11 72 170 78 223 158 104 80 115 207 59 3
11 249 31 98 203 144 227 76 123 222 167 95
13 236 168 11 86 149 231 209 182 89 131 73 179 30
9 100 142 241 176 125 39 172 135 213
12 103 232 226 48 36 195 69 4 113 111 21 37
11 94 75 63 83 44 20 35 55 150 186 210
8 102 134 108 24 200 143 97 96

Total makespan: 119

