25
9 156 84 202 27 110 136 17 98 117
10 55 68 56 28 186 109 190 119 113 5
12 206 99 83 237 112 148 80 196 143 236 49 74
9 88 209 149 249 36 141 172 185 45
7 135 123 59 221 175 234 42
12 35 200 212 162 66 244 128 86 69 161 137 210
11 241 229 118 120 8 12 220 64 154 228 72
11 224 78 97 93 238 77 205 222 116 153 63
11 34 208 24 166 217 215 198 3 169 179 7
12 95 53 111 155 219 129 178 1 233 231 75 227
9 134 211 140 13 40 131 168 247 139
9 199 167 124 44 15 25 187 157 89
8 127 235 65 174 195 94 31 246
10 158 232 189 163 125 50 132 29 160 26
11 51 87 19 230 20 144 2 105 203 130 207
10 103 188 91 76 245 11 138 170 47 183
12 133 225 176 4 193 32 184 108 204 177 52 90
12 46 70 173 33 164 191 62 60 101 152 30 106
7 61 192 48 214 226 16 71
10 58 223 248 216 18 100 43 85 54 171
8 242 126 37 57 38 146 41 150
9 115 218 6 82 22 194 180 165 151
9 10 122 39 240 114 92 81 73 96
10 21 182 9 23 239 79 102 201 121 159
12 67 243 142 104 197 107 213 181 0 145 14 147

Total makespan: 126

