15
17 157 164 14 43 93 2 213 234 201 242 136 233 169 58 118 173 174
20 202 44 220 205 6 177 195 229 50 19 137 187 122 244 8 120 212 230 73 241
20 105 151 67 162 106 149 60 219 21 127 186 119 76 239 156 46 184 191 81 25
15 94 167 132 125 71 23 110 20 217 79 182 98 72 172 116
20 30 211 139 225 206 135 147 28 55 92 200 210 9 114 66 31 246 1 141 115
17 54 86 140 243 49 38 153 82 133 97 178 207 190 214 12 130 226
13 194 108 245 5 124 142 208 84 59 74 222 36 129
16 121 51 102 62 247 13 112 77 65 128 197 85 237 154 175 117
13 69 171 192 78 240 231 196 209 113 63 228 198 95
16 216 193 126 188 146 150 159 15 111 134 35 42 0 204 104 232
16 57 101 3 80 24 238 109 10 215 29 48 224 221 90 143 34
17 70 131 165 236 61 96 64 45 158 33 168 37 185 199 138 170 56
18 183 179 22 107 152 47 83 248 189 40 32 17 144 39 176 166 26 27
16 148 181 16 89 160 75 87 7 203 163 41 18 249 180 161 235
16 123 68 100 99 103 11 155 4 145 88 52 53 91 227 223 218

Total makespan: 175

