15
16 43 58 194 186 152 74 14 226 81 169 210 34 215 142 249 96
15 206 231 182 12 190 63 57 64 164 244 147 168 158 211 0
14 167 24 207 154 85 180 38 155 60 204 139 150 80 228
17 11 185 27 160 179 9 222 175 173 170 36 174 3 93 37 159 115
16 225 171 16 136 247 196 184 124 91 146 55 120 99 77 111 10
16 15 62 208 13 205 122 48 53 90 133 229 100 107 97 105 103
19 128 52 240 218 1 56 219 76 70 238 163 50 75 112 30 71 130 135 110
16 45 181 106 187 89 26 41 138 18 116 149 129 192 25 143 224
15 78 66 242 86 145 68 59 65 140 237 195 234 197 161 23
21 8 108 212 67 17 193 20 248 157 230 72 198 21 104 47 117 232 73 95 165 223
14 94 69 121 172 33 188 220 2 119 35 42 98 178 177
15 44 141 221 227 54 214 84 166 83 82 191 19 40 61 51
18 246 88 216 137 102 239 217 153 199 144 245 189 114 213 156 101 233 92
16 183 131 202 126 209 236 79 29 118 127 201 241 87 5 235 4
22 46 125 7 148 113 39 176 162 132 134 200 49 243 6 109 22 32 151 28 203 31 123

Total makespan: 228

