30
12 62 103 203 201 87 107 141 116 128 41 177 14
8 225 37 232 109 36 39 174 33
8 133 24 209 117 10 229 173 180
7 15 5 17 100 179 75 86
8 60 69 95 235 246 105 90 129
8 212 27 136 130 21 48 240 236
8 132 125 119 208 120 143 51 218
7 96 66 63 239 52 72 172
8 98 165 102 31 88 7 205 47
5 150 42 184 164 197
9 156 234 183 2 230 46 112 192 162
10 226 30 111 127 187 113 67 6 124 237
10 49 194 247 186 106 56 160 50 215 169
8 228 40 93 74 104 219 23 221
9 110 20 85 79 157 84 32 166 207
7 126 99 131 57 13 206 147
11 217 64 196 80 12 108 59 70 238 224 227
8 97 19 73 9 153 137 146 11
8 65 28 45 123 83 211 168 176
8 149 200 78 202 18 61 198 170
6 76 1 8 193 3 94
11 34 55 233 220 171 182 163 210 114 58 122
7 178 138 44 22 25 71 243
7 245 152 155 195 148 191 92
9 140 214 154 167 121 35 0 134 199
10 222 151 89 26 249 189 54 231 82 175
9 213 244 91 248 241 16 144 43 4
10 81 223 29 159 190 101 188 38 158 181
6 242 185 142 145 53 216
8 204 139 161 77 118 68 135 115

Total makespan: 106

