10
22 101 180 81 169 126 228 229 57 14 219 222 174 46 191 53 7 40 231 13 248 95 247
25 167 69 110 0 227 155 114 129 234 60 63 239 11 20 210 74 122 137 32 89 146 15 135 199 75
29 224 216 99 94 28 109 117 149 207 138 193 143 91 232 213 201 245 121 26 197 156 184 35 198 52 48 166 92 34
27 215 23 241 244 127 66 249 88 145 144 45 165 154 142 136 30 67 83 39 128 1 124 36 87 65 70 176
30 4 217 190 38 211 41 200 133 243 97 119 76 68 27 17 173 59 162 93 31 157 37 181 131 77 62 103 134 178 80
25 205 214 159 108 177 33 151 55 153 64 152 220 226 98 206 12 168 240 172 118 236 208 47 186 223
23 150 10 212 42 19 6 113 82 100 18 51 139 125 24 182 79 175 204 148 21 9 8 115
26 160 164 140 50 221 25 242 161 61 111 72 78 104 188 189 233 105 209 179 44 194 203 163 29 158 58
21 237 170 102 54 16 192 238 116 3 106 185 73 225 246 71 202 132 187 230 235 183
22 107 43 5 85 49 2 22 141 195 112 96 171 86 90 147 196 123 130 218 120 84 56

Total makespan: 266

