30
7 124 140 152 123 155 196 247
8 119 228 101 112 226 59 90 69
7 157 217 110 125 30 51 149
8 185 166 147 8 136 202 130 87
8 49 80 189 92 191 230 79 143
9 160 199 10 55 151 146 171 223 204
8 167 43 139 174 66 86 106 249
6 183 3 165 11 18 177
8 122 45 13 25 85 222 159 33
7 17 99 219 188 38 60 181
7 164 120 235 218 168 161 34
9 44 127 97 169 109 1 14 241 115
7 27 180 12 70 5 100 105
8 78 111 135 221 29 176 88 104
10 201 248 150 121 89 2 21 234 50 83
9 148 138 107 128 93 205 96 215 108
9 144 193 198 173 220 210 46 103 213
8 56 74 245 47 7 0 68 64
8 113 65 212 73 31 175 22 141
9 216 182 233 9 71 67 186 16 24
10 134 58 6 42 156 207 236 179 84 243
9 117 41 162 36 37 142 158 61 231
9 187 94 211 75 197 227 48 200 32
11 133 62 81 206 229 82 224 4 19 118 53
10 126 194 232 137 208 98 153 214 26 209
7 178 63 244 154 190 20 132
7 237 192 239 145 102 240 116
9 52 40 57 72 172 170 76 114 39
10 242 77 131 23 28 95 195 203 54 184
8 238 225 15 35 246 91 163 129

Total makespan: 47

