15
17 226 77 224 88 225 239 27 183 209 164 1 66 228 8 202 43 170
11 101 246 21 112 100 145 59 61 149 232 155
16 181 136 54 245 182 102 207 79 131 230 120 44 244 233 105 171
18 84 29 173 198 47 157 199 175 73 28 176 188 60 38 135 95 58 162
15 243 150 211 81 114 67 76 166 153 6 200 90 83 212 91
16 177 194 201 35 124 2 222 4 115 46 219 241 25 139 138 152
17 57 118 49 174 69 229 42 126 205 111 108 10 93 19 214 0 109
17 237 103 68 172 116 215 193 132 178 63 32 220 87 31 148 33 130
20 236 203 5 53 191 18 123 195 55 142 56 64 133 22 72 218 34 192 247 117
18 187 168 96 134 156 9 24 7 48 94 231 234 17 26 179 208 248 86
18 40 165 45 223 36 39 85 62 92 125 189 129 146 98 110 13 151 12
18 80 185 113 158 74 144 37 147 14 184 197 106 204 137 154 163 240 3
15 99 186 70 235 196 206 249 41 107 221 159 213 127 242 11
15 190 104 122 217 16 210 15 52 227 143 82 121 97 180 238
19 50 20 78 128 119 216 160 51 167 75 140 161 65 71 23 169 89 141 30

Total makespan: 216

