30
9 171 43 54 169 147 49 84 108 246
9 124 90 25 21 240 27 231 100 210
7 227 144 172 47 126 40 182
9 162 236 244 216 53 150 109 133 33
9 59 98 76 11 190 168 55 161 143
6 141 173 121 204 41 151
9 247 145 191 0 78 24 218 74 202
7 157 138 153 91 235 211 222
8 85 35 193 152 179 102 117 123
7 142 224 87 88 203 184 200
9 113 192 28 154 116 221 37 134 188
7 19 16 148 176 239 4 46
8 185 135 164 38 245 22 223 215
8 132 118 158 30 156 32 20 10
10 243 207 105 66 205 163 99 93 6 115
9 18 234 131 103 31 198 127 129 165
11 189 196 96 160 112 195 8 82 39 70 77
6 139 89 48 217 226 149
6 177 174 68 94 71 73
7 1 175 64 206 181 86 110
7 233 136 199 194 125 230 178
8 155 170 72 166 61 80 249 238
11 213 2 208 167 52 101 187 95 17 3 183
8 7 34 14 56 67 44 65 107
8 209 186 29 26 97 45 229 36
9 104 81 220 137 42 51 5 119 120
9 225 212 106 9 83 242 15 12 201
11 114 58 146 50 140 241 228 57 60 63 130
9 122 214 159 180 197 92 111 248 23
9 128 232 219 13 69 237 79 75 62

Total makespan: 96

