15
17 233 180 8 18 127 212 149 188 92 51 247 141 102 97 19 37 229
16 74 192 101 116 128 199 191 130 42 196 69 235 34 87 79 238
16 117 241 216 146 45 118 195 211 182 240 174 140 230 119 50 61
14 55 198 226 176 66 205 29 48 58 113 183 21 223 56
17 224 7 122 143 179 59 85 104 10 172 78 20 155 121 219 147 4
13 93 163 202 91 65 151 137 184 173 135 83 106 6
20 24 190 166 27 99 138 77 177 112 15 86 9 82 156 203 30 186 71 234 103
18 32 246 108 64 157 54 129 225 171 161 210 39 31 197 164 158 206 88
18 208 217 114 160 181 168 228 193 98 109 12 40 134 43 215 28 175 178
17 11 80 75 33 26 167 16 57 111 124 153 148 3 5 221 249 36
16 154 95 41 96 52 0 144 231 139 150 44 145 107 232 222 94
15 218 76 237 245 110 214 123 105 187 68 239 67 120 13 38
22 204 73 14 89 162 84 200 207 70 243 131 126 63 90 170 136 47 60 132 25 115 23
14 1 227 201 72 22 62 185 248 49 100 159 142 213 125
17 133 220 244 189 35 81 242 209 17 53 46 236 2 152 169 165 194

Total makespan: 168

