10
26 1 14 249 139 191 220 242 152 63 36 159 58 102 120 12 244 123 85 208 7 219 122 236 227 174 195
24 205 51 103 171 202 206 97 187 22 10 13 44 9 2 170 18 222 21 43 72 178 70 196 184
22 239 169 245 138 56 141 82 55 194 111 52 162 73 15 137 167 189 107 248 47 25 238
28 136 116 131 41 240 34 197 132 100 38 229 129 114 241 50 91 42 190 17 228 98 80 45 67 148 143 166 95
27 200 140 157 92 237 59 3 29 75 199 54 109 163 113 46 28 115 142 104 210 106 130 211 112 60 127 218
26 176 135 125 81 164 151 217 183 172 35 230 118 89 221 4 231 225 40 87 128 48 168 133 149 134 188
20 76 57 31 27 37 66 223 84 209 33 247 110 62 88 65 243 69 8 233 213
25 32 108 207 186 212 19 101 154 146 68 121 145 90 99 232 83 23 96 181 179 126 182 53 30 193
29 175 173 71 74 156 20 155 94 246 26 201 234 161 235 165 158 177 198 203 11 77 6 216 192 215 24 105 147 79
23 153 49 93 5 78 0 39 226 16 64 224 144 150 117 204 214 185 180 86 124 160 119 61

Total makespan: 273

