10
27 165 8 145 70 190 242 0 90 97 192 158 175 137 189 162 30 114 31 120 32 130 166 217 154 85 176 182
27 202 48 213 59 246 1 52 179 224 218 247 167 110 228 58 139 210 66 230 6 186 147 135 140 86 205 25
23 102 234 92 125 34 76 122 22 238 129 118 212 241 100 168 184 78 226 106 149 207 29 91
26 133 35 194 198 231 89 19 4 163 193 214 105 84 143 69 236 155 79 21 123 191 148 28 111 206 121
22 41 68 39 195 74 18 229 181 16 75 136 56 244 83 169 27 188 128 73 249 119 144
23 170 159 53 141 62 222 63 109 36 37 67 196 96 81 26 171 47 219 223 33 178 82 103
26 127 7 87 40 248 245 232 42 208 61 95 44 24 153 237 104 157 88 134 215 43 209 12 172 239 51
23 151 117 60 14 13 64 199 138 221 187 71 98 156 200 233 46 197 220 77 204 113 152 20
27 185 94 55 2 54 173 243 225 211 107 65 203 10 164 23 45 150 177 17 216 5 99 38 180 112 183 227
26 3 101 174 124 126 15 240 142 116 201 108 72 161 146 132 49 57 50 11 235 9 93 160 80 131 115

Total makespan: 330

