20
14 169 164 72 47 154 76 57 219 162 210 218 113 63 52
11 116 130 168 151 23 101 124 18 193 117 32
12 187 15 198 36 125 159 207 0 67 167 184 106
16 123 177 43 188 65 232 9 131 172 209 87 157 112 227 161 203
13 239 180 59 195 92 173 31 21 149 16 153 74 115
8 156 205 110 2 86 26 13 133
13 103 96 34 216 129 212 192 80 99 11 83 243 214
17 91 33 194 217 1 135 166 226 104 102 249 111 148 163 114 108 89
15 75 246 147 146 160 97 14 181 6 38 204 186 237 62 171
10 46 215 77 229 142 7 202 196 211 238
13 185 28 27 58 220 228 69 66 127 40 222 53 81
10 93 223 134 138 42 170 182 191 48 234
14 68 179 12 189 95 190 136 241 175 230 25 55 225 44
13 71 49 119 88 85 54 4 39 199 78 245 158 240
9 90 197 35 248 20 165 118 137 30
13 132 208 247 143 37 120 145 152 126 3 61 45 244
12 73 98 206 70 122 84 242 41 24 174 5 155
11 100 19 105 178 128 224 233 82 107 17 51
14 64 56 50 140 150 201 141 60 8 200 213 231 176 22
12 94 235 221 121 144 109 183 139 29 79 236 10

Total makespan: 118

