25
10 162 80 91 73 242 108 85 187 51 155
8 48 189 123 92 203 84 25 126
10 145 101 111 95 160 83 96 71 8 46
10 142 12 174 65 17 33 205 138 41 144
13 106 45 231 127 113 0 194 198 221 88 117 139 229
9 35 128 176 87 240 222 216 136 63
10 225 226 161 156 64 115 47 27 173 192
10 246 188 52 40 13 186 245 21 170 54
12 93 220 62 232 74 180 143 243 70 175 218 16
10 6 214 9 69 118 224 247 110 89 99
9 135 149 165 217 125 50 77 100 114
12 59 122 56 241 57 28 24 249 86 55 184 211
7 177 116 206 190 119 179 209
9 236 23 199 130 201 182 244 213 235
13 102 191 234 2 196 44 227 131 30 121 53 36 39
6 137 172 104 133 219 60
10 19 163 200 42 7 169 164 148 103 208
10 94 1 75 212 38 112 154 202 3 230
9 129 141 66 210 166 178 181 183 207
11 233 68 58 223 34 37 152 157 120 109 150
11 204 15 105 248 20 98 14 158 124 22 159
11 153 26 29 49 146 239 193 18 134 195 168
11 185 32 81 79 97 132 43 238 31 67 197
10 72 82 228 5 107 151 76 90 10 61
9 147 167 237 171 78 140 4 11 215

Total makespan: 116

