25
9 58 71 231 129 184 166 239 28 103
8 127 212 196 9 116 185 37 54
8 161 13 89 202 224 53 113 233
10 21 238 158 191 162 8 0 138 47 243
10 227 159 112 146 225 217 60 30 84 63
10 24 179 223 140 86 148 182 235 149 139
13 165 154 177 65 220 206 121 59 237 229 153 180 188
10 120 247 43 130 246 198 7 208 1 209
11 17 211 5 99 94 61 157 81 27 108 76
11 222 167 172 117 114 35 42 163 20 242 96
11 151 44 87 102 141 171 45 131 41 107 97
9 78 155 22 15 73 32 183 125 170
7 46 51 147 240 226 194 245
13 31 26 105 119 207 236 106 219 210 95 109 173 150
10 74 93 169 123 195 248 232 244 91 135
11 38 118 14 82 34 152 145 19 175 25 218
9 23 90 213 181 249 40 128 11 68
10 48 12 39 101 92 186 110 75 124 216
12 83 156 168 205 115 111 126 104 190 230 187 33
10 200 79 77 57 178 6 176 66 241 29
9 62 133 142 234 228 197 70 192 193
10 189 199 10 88 174 100 132 67 214 2
8 204 221 52 201 215 16 164 137
11 143 136 134 36 50 18 203 4 49 80 85
10 64 69 56 72 144 160 3 98 122 55

Total makespan: 133

