30
13 181 80 160 162 117 148 223 27 50 225 12 111 104
9 177 237 151 33 3 170 226 77 13
8 128 65 191 51 222 185 41 145
8 186 103 10 155 169 89 184 31
10 32 165 176 164 14 149 206 242 205 235
8 8 39 233 99 227 192 220 82
9 30 168 137 195 213 231 52 124 249
8 203 35 139 246 158 100 37 152
9 73 64 218 167 83 247 53 115 210
7 130 154 92 1 15 96 47
9 66 84 236 0 183 22 58 119 179
10 79 132 224 91 136 245 204 54 159 45
8 63 163 68 106 34 23 196 230
8 43 187 2 171 24 40 42 95
8 172 46 217 56 178 62 193 248
9 72 25 190 21 229 201 146 214 180
5 93 85 221 29 94
7 123 4 197 174 241 138 219
7 125 70 78 74 182 131 211
7 97 188 69 240 112 61 208
8 102 121 120 88 157 140 109 67
9 55 110 194 129 212 144 76 38 16
9 108 147 133 59 209 141 189 156 49
7 216 200 238 175 18 243 5
7 228 232 127 60 143 44 81
8 36 122 9 48 134 6 198 207
8 202 126 11 107 234 71 113 98
10 26 19 118 75 90 199 101 114 215 116
8 87 57 161 28 153 86 135 239
9 20 166 7 244 105 17 150 142 173

Total makespan: 103

