20
11 3 169 164 72 113 45 52 48 210 219 162
12 117 154 151 23 76 116 130 168 163 10 18 32
13 26 60 159 167 198 36 125 2 152 184 106 207 0
15 157 112 95 65 232 9 131 172 227 161 203 43 234 87 34
15 153 74 223 180 59 195 92 173 31 21 239 56 99 16 115
9 156 19 146 86 218 123 13 133 188
14 50 6 243 75 204 216 129 212 96 35 11 80 83 73
15 111 148 114 108 89 67 104 102 91 33 194 217 1 226 211
15 14 181 160 187 192 186 237 62 171 97 64 193 79 135 128
10 7 215 202 53 46 124 77 229 142 196
13 228 69 66 28 27 58 249 38 140 81 238 29 127
10 141 93 134 170 182 138 42 103 84 51
15 136 241 175 230 25 55 225 44 149 179 166 199 147 246 68
13 78 245 158 71 4 39 12 88 85 197 63 49 119
12 248 20 54 47 90 209 110 57 165 118 137 30
12 126 101 247 61 132 208 37 191 244 143 120 145
12 41 24 242 189 122 40 174 5 155 98 206 70
10 185 233 190 224 107 17 15 105 178 82
11 222 177 150 201 214 8 200 213 231 176 22
13 94 235 220 205 100 221 121 144 109 183 139 236 240

Total makespan: 118

