15
18 105 56 159 152 210 66 135 168 9 72 129 245 230 79 192 217 42 17
19 95 122 184 5 53 28 143 133 174 16 195 39 111 236 220 93 92 153 71
15 104 227 74 33 212 63 21 204 234 82 209 193 223 145 52
22 155 45 80 126 119 137 177 167 191 169 241 225 128 156 127 148 239 31 101 49 19 99
17 120 61 117 97 90 38 196 13 6 150 231 65 232 166 114 229 173
13 226 206 176 215 132 175 199 178 140 109 147 214 25
18 40 180 218 160 55 102 154 75 96 185 201 130 58 203 12 198 186 208
14 224 73 116 219 164 26 222 50 51 216 171 3 43 243
15 146 106 211 237 83 70 179 76 187 44 54 202 190 108 172
14 81 10 246 197 37 123 240 221 242 107 244 59 1 67
17 205 136 139 110 161 8 48 103 183 98 18 121 29 47 62 248 144
16 115 23 149 46 36 194 238 32 68 2 14 118 188 11 57 87
19 112 213 86 77 88 64 4 134 30 7 138 94 22 78 60 141 162 34 41
15 228 233 189 249 69 165 100 124 89 163 181 207 85 125 157
18 131 15 170 113 20 182 247 91 27 142 84 24 158 235 35 151 200 0

Total makespan: 178

