20
11 108 132 222 57 32 84 65 20 2 40 125
11 129 138 60 10 97 241 127 146 193 3 134
15 231 224 244 225 238 73 204 41 198 218 197 33 161 121 221
15 137 119 200 68 154 27 103 64 156 116 206 51 88 30 199
14 190 63 158 19 215 211 230 203 226 133 6 75 43 87
14 141 183 93 23 71 168 220 237 118 213 45 207 54 155
10 115 201 56 107 184 100 171 61 175 50
13 153 242 159 235 145 8 91 248 44 77 166 70 85
12 170 59 80 177 95 106 130 142 26 21 210 160
15 72 164 205 31 228 192 169 167 128 126 196 148 234 28 17
11 187 58 233 219 13 229 178 101 104 90 47
9 9 109 94 182 239 89 105 37 150
13 35 172 189 216 232 202 179 52 79 102 38 36 240
11 186 163 18 209 110 113 123 49 7 152 181
16 39 111 223 120 86 131 122 124 76 82 15 208 4 16 195 34
11 81 188 180 14 53 29 12 151 217 227 191
11 114 1 165 98 66 194 147 173 74 55 249
14 212 143 144 185 11 174 139 117 62 92 162 236 99 42
15 157 22 245 24 25 214 246 96 247 69 67 136 48 46 243
9 112 140 0 5 176 149 135 83 78

Total makespan: 88

