30
8 167 241 88 180 74 154 2 128
7 85 114 57 213 191 179 89
10 113 62 46 231 42 87 132 177 245 161
8 99 215 15 53 6 240 70 108
7 218 131 164 249 190 118 246
9 11 151 145 125 243 54 26 102 230
6 80 50 157 197 166 198
11 135 110 244 34 22 138 39 3 173 109 67
13 71 206 140 159 228 48 97 43 73 223 126 233 146
8 136 193 188 21 7 115 212 214
7 37 209 121 152 122 204 72
7 120 13 226 148 47 202 29
8 9 144 93 189 229 182 98 49
7 101 200 134 107 83 141 58
8 133 130 142 242 187 150 247 119
8 69 143 153 165 124 23 147 95
8 56 19 175 16 139 227 77 221
9 64 51 112 170 100 4 76 238 237
11 178 194 18 235 183 169 35 149 86 92 68
10 127 162 38 185 24 239 82 116 66 31
9 104 52 61 155 208 199 174 28 176
8 225 41 91 94 78 106 32 168
6 81 205 105 217 184 220
8 236 55 84 12 232 172 27 65
9 1 181 10 137 36 75 90 5 129
7 17 196 224 160 33 40 25
9 211 222 210 20 207 219 248 111 195
8 158 8 163 44 96 192 203 30
7 117 103 59 186 14 79 201
9 171 45 216 156 0 123 60 234 63

Total makespan: 95

