15
17 127 76 244 247 61 56 229 101 119 146 200 179 204 80 183 9 62
16 35 170 25 111 83 66 117 185 22 187 38 155 52 238 27 59
13 154 149 1 135 78 186 40 120 33 202 42 160 36
15 46 237 194 190 94 112 97 227 68 157 159 163 215 5 225
16 147 108 168 133 17 122 198 137 180 100 208 206 232 189 47 161
18 223 123 110 30 226 203 177 28 11 222 53 217 26 182 236 241 218 233
17 213 104 45 221 234 106 153 34 245 175 145 121 143 0 74 23 219
18 58 214 14 130 98 228 165 188 209 31 199 230 181 4 239 39 201 92
20 87 142 105 16 140 60 15 162 173 128 73 7 48 248 197 148 212 231 174 91
19 249 172 86 150 196 205 3 114 136 118 90 192 96 55 167 102 6 134 72
12 93 242 2 69 113 144 37 224 10 75 116 124
17 49 77 235 12 32 171 18 88 24 156 132 79 44 151 139 13 152
17 164 21 109 240 126 64 82 107 63 29 99 184 84 70 8 57 95
18 54 176 211 43 81 220 131 246 158 85 129 20 138 216 178 71 89 243
17 169 19 65 191 51 210 141 103 67 50 195 166 41 193 125 207 115

Total makespan: 233

