10
27 18 35 242 186 248 239 210 102 221 231 80 192 205 128 58 200 167 37 17 117 28 21 111 66 0 19 68
21 116 109 216 74 213 165 51 134 115 224 9 95 220 32 79 90 59 16 124 189 119
28 245 153 204 160 230 54 198 25 120 141 203 100 174 157 173 15 41 106 50 71 81 3 194 126 175 125 238 163
20 249 187 190 91 108 215 22 155 97 179 99 150 88 101 209 177 214 64 129 60
29 40 87 63 113 5 56 47 152 112 65 39 162 31 184 142 62 212 46 89 176 169 235 218 168 223 207 247 172 78
24 226 44 145 246 178 82 206 76 52 30 86 27 45 140 233 48 72 158 232 69 154 193 170 149
26 53 38 77 36 103 42 138 146 148 234 94 243 202 180 107 73 227 122 34 164 217 195 104 84 7 196
24 92 85 6 244 12 228 133 156 114 137 55 23 2 20 171 143 130 13 93 225 236 121 1 61
29 199 75 105 144 98 222 132 241 29 14 188 24 139 229 151 49 197 26 118 135 33 127 185 67 110 237 123 159 161
22 11 181 8 211 57 43 70 131 10 136 4 182 219 191 201 240 96 166 147 183 83 208

Total makespan: 366

