30
9 139 25 61 1 24 132 183 94 179
11 112 96 164 70 168 123 143 182 199 146 174
7 64 161 4 150 65 134 130
9 5 231 206 117 42 201 14 204 86
9 228 162 15 208 28 35 246 80 145
8 114 178 19 220 77 175 107 197
7 109 57 202 21 194 230 126
8 75 32 6 3 67 156 154 22
8 73 173 239 216 74 193 87 225
7 200 211 66 8 148 89 52
7 142 196 214 133 131 49 141
9 247 166 158 144 51 244 169 72 198
8 2 98 217 195 11 97 137 245
8 85 23 54 149 113 63 16 192
9 47 229 26 237 95 111 215 60 10
7 176 240 30 122 84 38 136
10 248 135 91 163 31 212 101 50 18 99
10 121 118 185 157 102 205 71 203 213 17
9 56 68 34 218 83 69 180 219 238
7 106 37 165 186 40 234 33
8 39 155 153 226 58 147 209 45
8 43 187 181 152 160 44 151 243
10 110 9 79 224 227 127 210 184 232 249
9 140 108 129 53 12 222 177 100 190
10 242 90 46 115 128 76 78 207 188 120
7 189 221 138 191 82 124 62
9 48 235 41 172 241 81 116 59 171
7 223 88 105 103 93 119 159
6 0 20 92 55 13 236
9 233 36 29 167 125 27 170 7 104

Total makespan: 47

