25
12 199 168 132 1 209 62 17 30 44 185 80 200
9 133 77 58 74 246 223 9 79 78
10 137 164 241 145 130 97 51 12 96 129
12 118 108 104 236 176 181 222 204 221 15 175 116
13 61 237 155 219 33 24 153 177 136 194 162 238 100
9 38 106 135 119 188 101 81 82 131
8 198 128 205 120 6 48 230 49
11 89 115 229 54 27 195 235 123 13 86 87
12 152 37 212 5 26 55 45 65 40 248 47 113
11 14 134 8 105 109 69 244 31 39 71 214
9 85 114 68 180 46 215 183 245 189
9 125 138 98 172 59 201 127 191 225
10 151 23 226 249 76 16 211 102 36 140
13 158 156 218 20 18 22 171 3 169 220 19 186 52
10 126 243 174 239 167 103 142 25 21 70
7 75 107 232 67 139 224 242
10 234 163 157 247 149 63 192 160 53 110
11 193 32 217 72 2 146 206 56 190 228 7
10 154 73 4 227 117 66 10 57 216 233
11 179 203 99 207 143 90 231 93 0 166 144
8 28 91 165 161 178 208 42 64
7 159 210 83 184 122 94 124
9 112 88 141 11 170 50 202 41 95
9 34 196 148 29 84 92 60 35 187
10 240 150 121 213 43 182 173 111 147 197

Total makespan: 136

