10
21 233 227 25 160 136 0 111 36 119 9 162 133 103 33 66 30 190 196 182 232 98
27 75 72 41 62 170 141 126 169 206 16 97 63 225 12 92 53 238 167 101 231 165 183 31 65 71 48 213
25 42 142 211 152 22 115 107 52 122 249 175 47 131 19 26 230 204 80 109 202 128 89 208 102 221
27 248 40 5 235 199 46 159 241 58 49 240 163 34 95 112 73 229 74 23 157 123 20 61 178 149 179 28
24 171 188 138 173 110 244 79 218 93 226 193 15 29 137 195 151 10 168 13 4 90 180 176 134
23 161 236 200 54 88 245 146 224 45 39 207 3 83 21 214 158 100 242 70 215 11 237 223
23 234 140 217 143 164 228 166 156 82 18 1 27 216 243 127 198 192 44 56 99 76 197 155
25 59 222 239 124 144 147 186 212 51 117 120 209 64 37 38 189 106 177 94 132 8 104 172 91 135
28 55 105 35 153 81 174 84 187 2 185 113 191 125 220 210 32 43 114 116 6 86 60 181 68 69 24 184 246
27 154 201 205 130 129 67 96 219 148 57 87 50 145 108 194 247 77 203 118 7 121 78 14 150 85 17 139

Total makespan: 366

