30
5 118 140 86 134 13
7 59 112 44 49 16 53 71
5 34 8 51 141 39
7 79 43 109 0 93 57 72
4 63 127 136 78
5 58 36 102 76 77
5 3 83 81 100 75
4 61 55 40 23
5 96 14 133 60 47
5 139 104 6 97 85
7 107 120 62 80 19 70 114
5 30 142 32 64 87
3 137 5 37
6 2 113 91 20 110 138
6 147 88 66 28 4 82
5 148 124 129 101 17
5 98 42 38 35 84
5 56 99 89 7 52
5 115 123 128 90 73
3 65 50 103
5 144 46 143 21 1
5 74 67 31 119 126
5 15 125 29 12 122
6 117 108 33 41 130 27
3 111 149 146
6 69 54 11 116 24 105
4 25 26 135 95
5 22 9 18 145 94
4 10 106 92 45
5 131 132 48 121 68

Total makespan: 30
