25
11 15 120 167 46 9 98 130 164 138 95 115
8 36 148 161 50 178 20 68 22
9 48 0 14 102 135 30 157 70 154
11 56 72 93 29 74 190 131 25 85 121 63
7 27 43 169 88 5 103 71
8 49 199 171 117 77 34 89 94
10 10 19 1 105 165 127 150 192 156 7
7 195 11 60 21 61 99 132
9 51 84 80 189 128 66 38 79 118
6 8 182 160 69 40 123
6 113 176 170 31 54 17
10 116 126 104 33 147 188 44 109 106 100
6 110 175 139 3 58 184
10 183 158 153 45 57 159 187 174 76 78
7 185 107 197 16 134 87 96
9 83 141 24 81 144 37 23 162 146
8 142 6 92 163 2 52 65 101
9 18 136 35 108 62 143 155 168 151
7 42 125 198 145 114 26 75
6 119 67 124 53 180 193
8 111 166 91 32 149 86 196 12
6 73 140 97 181 28 55
8 82 179 64 122 173 4 41 59
6 39 177 152 194 137 191
8 172 47 90 186 129 112 133 13

Total makespan: 76
