10
16 22 187 66 141 123 75 164 29 181 35 33 10 167 56 117 173
15 59 176 99 45 106 90 14 191 131 36 46 197 28 124 94
20 110 64 47 105 151 157 198 163 31 85 55 171 74 23 100 51 161 101 130 68
25 5 38 89 96 30 193 172 144 145 132 0 147 71 82 19 3 107 150 65 88 20 24 139 25 43
20 73 135 58 6 7 178 92 104 72 67 142 119 143 17 183 27 120 1 137 122
22 155 170 153 152 78 48 148 174 156 126 40 98 102 111 184 77 53 125 50 149 79 127
23 115 12 166 136 62 61 52 60 84 108 185 41 34 57 116 160 81 39 128 83 159 179 113
18 140 158 195 165 49 138 16 13 86 26 146 189 37 15 76 93 11 8
21 69 134 21 188 194 199 91 169 186 175 54 180 154 162 118 182 168 192 9 42 2
20 32 112 87 70 177 18 121 196 109 80 129 95 97 44 63 190 103 133 4 114

Total makespan: 252
