25
7 54 227 14 83 233 185 31
12 136 36 159 149 211 225 5 93 56 123 155 223
12 61 0 115 141 9 1 108 20 190 124 70 240
9 182 187 201 230 129 180 217 146 205
12 244 228 85 37 11 242 203 191 169 243 135 15
11 200 140 73 81 133 33 186 96 28 94 164
10 130 55 193 53 138 106 139 97 72 195
9 171 142 221 110 219 212 95 147 30
12 58 57 247 144 51 145 207 119 86 16 178 21
10 59 174 62 3 98 168 91 209 84 134
8 117 222 234 67 32 80 122 202
9 170 235 43 172 128 197 179 75 101
10 199 192 112 132 220 148 246 118 29 215
7 226 10 183 22 165 152 6
8 114 38 41 49 157 166 196 2
12 63 34 99 76 23 17 92 125 40 143 194 204
10 24 151 100 4 248 8 25 238 160 46
9 88 198 68 18 236 26 175 181 7
12 184 249 103 121 208 105 189 78 74 50 13 237
9 47 241 44 116 87 42 104 162 66
14 173 131 64 48 163 177 126 127 109 167 60 79 39 120
10 137 45 229 27 90 52 214 113 111 224
7 65 210 19 245 206 156 161
10 158 231 188 150 35 216 71 218 12 69
11 176 213 107 239 154 153 77 102 82 232 89

Total makespan: 125
