10
23 190 196 182 136 0 57 179 133 103 162 232 25 33 111 98 75 36 119 9 65 233 227 128
26 218 167 101 69 53 199 200 16 97 63 225 12 92 126 165 202 170 141 183 31 213 41 60 223 231 169
26 221 102 22 115 131 80 109 209 175 47 241 211 152 208 147 122 249 74 62 89 42 142 26 230 204 52
24 28 72 238 95 112 73 229 61 235 23 157 123 34 59 5 248 242 132 178 234 24 58 49 240
25 134 48 187 226 193 70 173 110 244 246 40 171 188 176 29 82 151 10 168 13 138 198 117 90 180
23 195 236 51 83 161 237 215 17 71 54 216 207 3 245 137 214 158 100 146 224 45 39 19
23 206 11 156 164 127 118 197 160 27 1 44 192 140 217 143 76 174 107 18 130 56 243 155
25 91 135 222 239 104 172 64 37 228 124 186 212 88 163 38 189 106 177 94 148 93 15 4 120 8
27 210 6 166 159 114 116 184 125 220 181 68 86 46 153 81 2 185 113 191 84 149 55 105 35 21 32 43
28 67 96 30 79 154 144 203 139 194 99 87 50 145 108 201 205 20 247 77 219 150 129 66 7 121 78 85 14

Total makespan: 395
