25
5 134 50 100 94 64
8 132 116 115 146 69 45 147 46
5 123 137 83 99 97
7 95 53 110 12 9 140 10
5 25 125 142 60 149
8 67 96 14 74 61 75 63 117
4 122 37 126 148
9 32 144 20 84 108 1 13 98 24
5 120 6 90 31 141
8 107 88 38 34 104 101 119 49
6 72 73 65 76 51 3
6 143 131 85 129 133 103
4 19 92 135 5
7 4 18 124 139 30 52 48
5 62 22 71 26 27
6 136 41 82 87 68 80
6 44 28 113 55 106 2
5 58 59 39 21 77
4 86 127 130 17
7 35 93 105 66 8 79 91
4 56 43 128 40
6 121 0 102 7 47 23
7 111 81 112 57 145 70 15
7 29 118 89 33 36 54 109
6 11 114 78 42 138 16

Total makespan: 86

