15
14 89 164 94 167 41 46 15 194 134 130 177 87 10 34
16 122 58 37 90 172 184 123 25 157 32 186 12 4 180 135 56
11 101 77 98 190 69 9 151 23 92 2 185
12 188 160 43 191 161 149 95 21 44 88 142 146
13 189 97 125 192 20 193 86 174 66 24 51 45 136
11 11 33 22 168 140 176 70 79 30 99 165
13 111 6 76 49 53 173 169 19 153 7 83 145 126
13 17 199 59 181 85 163 35 154 75 62 150 27 47
15 8 100 121 13 133 5 143 158 14 195 198 132 73 139 81
20 118 96 68 0 29 182 82 129 148 137 57 178 65 3 187 48 115 26 104 18
13 159 102 106 113 197 155 138 16 67 179 31 52 171
15 107 147 50 28 124 144 60 156 127 55 166 119 42 74 72
10 91 103 175 93 117 162 38 120 131 1
13 36 108 71 105 64 109 61 40 170 78 116 196 152
11 112 110 141 39 84 80 54 183 63 114 128

Total makespan: 181
