30
9 37 89 101 143 144 13 175 122 105
8 56 210 242 150 109 25 88 219
9 206 33 27 26 158 173 228 238 53
11 220 145 39 177 135 178 92 182 76 236 162
6 93 36 48 132 72 194
9 94 0 233 54 156 110 127 157 106
8 68 19 98 139 188 225 125 217
8 84 15 66 202 161 104 191 174
9 246 229 51 146 141 215 119 230 235
8 131 111 167 69 28 21 169 205
8 4 234 147 79 117 165 3 185
9 30 198 73 203 95 108 187 47 222
9 58 163 22 241 114 193 57 32 82
9 1 77 226 244 99 65 102 208 35
9 23 128 91 130 213 46 172 90 20
9 160 8 200 249 50 40 197 138 190
8 153 184 164 60 149 61 240 196
7 71 96 81 192 227 107 176
10 148 212 75 14 207 18 142 10 189 181
7 121 52 166 224 232 74 113
6 186 59 44 137 171 63
9 201 116 134 55 170 70 118 64 152
6 231 179 221 159 67 223
7 112 17 133 237 83 168 31
11 120 6 38 129 199 216 7 151 140 247 155
7 97 124 42 34 204 154 2
10 80 45 218 9 87 245 12 5 78 214
9 11 16 49 115 183 24 86 243 43
9 136 29 103 211 123 100 41 180 209
6 62 195 126 248 85 239

Total makespan: 67
