10
18 135 69 66 96 64 144 14 110 58 1 72 7 145 59 24 26 3 128
15 0 48 68 28 40 49 86 140 103 53 71 116 60 54 118
15 147 81 91 134 122 8 114 109 129 19 125 88 132 137 119
16 34 101 41 113 106 70 126 133 79 120 89 36 45 94 74 43
14 12 47 17 5 75 136 65 85 52 33 121 38 98 57
14 148 23 139 11 99 123 42 18 31 16 141 115 2 63
17 97 131 104 15 13 29 73 83 107 146 84 56 76 108 50 127 51
17 37 105 117 39 143 21 78 142 62 124 111 100 149 20 92 67 130
10 25 61 112 102 95 9 32 6 93 27
14 44 80 46 82 4 90 77 22 87 35 55 138 10 30

Total makespan: 246
