10
25 174 160 36 119 9 65 233 227 66 136 203 168 13 33 111 190 196 182 232 103 133 235 0 165 128
27 167 101 231 169 62 170 141 183 209 92 53 199 200 218 198 75 16 97 63 225 12 71 48 229 213 41 31
23 236 249 109 202 230 89 208 204 152 22 115 107 52 161 42 142 175 47 131 19 26 221 102
25 145 211 112 73 241 123 34 59 5 248 37 149 179 178 163 58 74 23 157 28 98 20 61 132 240
25 134 82 228 246 15 29 46 93 226 49 171 188 138 173 110 244 79 4 90 210 151 180 176 127 10
24 88 245 39 114 215 242 192 54 216 17 32 207 3 83 70 100 146 224 237 223 137 214 158 193
21 197 125 25 155 64 56 1 234 186 243 11 156 140 217 143 164 166 206 18 44 95
24 8 104 172 91 135 222 239 124 144 147 195 189 106 177 126 212 51 117 120 35 38 80 94 148
26 6 108 187 69 24 60 181 68 86 105 84 159 76 40 72 113 238 191 21 55 81 2 185 153 116 184
30 154 30 45 77 99 87 50 162 130 129 67 220 96 219 201 205 118 7 121 78 122 57 27 139 194 43 247 14 150 85

Total makespan: 403
