15
20 147 102 9 148 60 206 23 219 143 176 207 25 228 63 204 76 46 18 104 129
20 131 188 199 120 210 22 175 32 74 108 107 150 0 35 158 1 96 122 139 215
14 196 198 179 133 243 114 137 221 239 65 89 47 190 218
16 87 244 85 229 202 152 140 146 6 231 105 212 54 41 68 125
15 59 119 2 99 189 163 3 110 101 4 134 155 232 21 75
17 98 19 124 138 205 154 51 52 70 249 236 112 42 222 123 45 195
14 100 91 28 144 72 184 240 77 245 209 48 185 227 169
15 13 203 230 241 84 172 56 193 246 149 90 186 36 226 86
21 10 220 156 151 16 159 73 64 191 136 238 178 200 38 31 109 242 194 192 12 157
14 130 167 92 15 66 33 208 20 50 53 216 106 39 55
19 166 213 182 141 34 62 180 17 161 111 61 44 164 170 5 135 162 211 117
19 115 168 26 197 116 248 160 132 126 177 171 82 201 118 81 24 173 80 97
12 30 223 128 94 174 40 121 237 95 7 153 113
19 58 103 214 57 14 43 71 187 233 181 37 69 145 183 93 235 83 49 234
15 247 165 225 11 224 8 27 88 79 78 67 29 142 217 127

Total makespan: 129
