20
12 72 244 173 39 73 109 235 106 232 176 134 123
15 119 230 193 6 11 128 183 50 8 79 10 163 108 66 218
12 158 203 116 80 59 149 56 145 154 94 88 179
14 206 33 247 105 60 200 41 51 77 26 38 223 214 117
15 187 144 165 238 160 0 196 64 148 44 24 23 201 103 67
12 98 86 93 242 4 96 152 241 209 243 166 169
14 234 82 177 126 143 212 135 249 20 118 127 28 54 3
14 13 171 224 14 89 231 182 156 22 85 140 137 95 186
12 142 114 226 199 170 70 211 74 37 159 222 16
17 136 84 7 55 162 133 245 164 202 124 191 210 147 129 112 122 65
11 150 5 208 215 30 174 27 130 207 9 34
11 236 221 45 58 81 102 52 87 18 153 99
11 228 36 78 146 233 217 97 204 31 115 21
12 132 12 167 239 71 184 25 161 216 178 35 47
10 198 139 120 101 180 220 246 69 195 141
12 205 68 111 185 213 131 248 194 63 76 104 225
11 155 75 15 46 61 83 32 17 29 113 237
13 53 57 240 107 192 62 90 188 92 197 49 40 121
10 227 42 181 189 100 190 110 19 172 43
12 151 1 168 175 2 229 138 219 157 125 91 48

Total makespan: 118
