20
5 31 136 92 38 67
6 1 149 86 18 10 78
6 55 48 114 106 45 58
5 117 72 148 68 126
6 63 33 66 112 43 113
8 56 13 110 143 29 115 36 46
5 71 97 69 121 30
9 127 124 105 135 82 91 76 2 25
9 84 14 130 61 138 35 3 19 26
9 140 49 132 122 41 59 79 144 44
8 22 108 83 53 37 94 20 101
7 16 39 134 98 146 75 99
9 74 47 28 116 50 15 100 60 145
11 103 123 80 32 9 40 62 90 118 73 81
10 93 24 119 54 147 52 125 6 95 88
7 137 129 17 8 27 0 87
7 57 141 23 5 133 42 34
7 21 65 70 142 96 51 4
7 131 104 11 120 85 64 12
9 111 107 7 102 89 128 139 109 77

Total makespan: 64

