20
12 109 235 106 194 47 73 108 232 176 113 134 123
10 119 230 193 6 11 128 65 8 189 51
13 203 149 56 145 114 94 88 116 131 179 124 205 245
13 77 26 50 247 105 85 38 214 117 215 60 200 41
16 165 238 160 48 17 44 24 208 148 196 67 187 23 201 103 174
14 243 166 169 4 183 96 152 98 175 76 161 206 93 86
15 20 118 28 115 135 249 112 234 82 177 126 143 212 226 3
15 136 137 54 95 186 231 182 71 171 224 239 120 29 72 140
13 142 155 211 74 199 170 70 22 222 168 37 159 16
16 191 236 7 122 164 202 39 210 147 129 162 0 84 192 55 195
11 130 207 218 42 125 1 150 5 10 30 66
11 34 102 87 18 153 91 173 52 89 58 221
12 79 204 36 158 25 146 78 228 138 217 97 21
11 216 178 35 31 92 132 12 167 13 233 184
11 180 220 246 69 101 223 133 198 139 59 81
15 15 225 127 61 68 111 104 237 14 209 156 64 213 63 248
8 242 45 157 32 75 80 241 46
13 62 107 33 141 188 40 121 163 53 57 240 197 49
14 83 144 43 99 19 90 110 154 100 219 190 9 172 227
7 151 27 181 244 2 185 229

Total makespan: 119

