30
4 52 64 24 16
4 116 19 54 121
6 94 128 53 7 48 130
5 4 127 57 43 81
4 80 1 68 39
5 112 28 37 23 144
7 27 91 146 103 76 132 73
4 82 106 55 137
5 140 58 70 47 3
6 51 123 86 129 110 108
5 2 88 50 134 100
4 67 77 66 78
6 117 135 115 8 45 22
5 6 46 136 31 124
3 125 133 145
5 71 41 12 32 17
7 21 97 118 34 35 98 59
5 25 143 65 33 107
7 13 111 95 36 122 148 101
4 85 139 10 147
6 89 38 15 56 93 20
6 75 5 49 131 126 72
6 42 142 92 29 30 105
5 44 74 120 18 102
5 9 83 114 63 113
4 14 11 40 60
4 149 84 119 99
4 61 69 62 104
4 141 96 109 138
5 0 90 26 79 87

Total makespan: 30

