30
3 141 143 24
6 47 111 129 82 59 2
5 28 77 105 89 19
2 22 53
7 109 74 12 134 60 40 42
6 72 98 35 44 67 101
5 128 23 140 55 26
5 13 68 51 119 70
6 15 48 104 71 127 81
4 78 108 147 63
6 16 144 118 50 29 107
6 33 125 114 93 116 65
4 122 86 52 58
6 99 3 34 79 38 49
6 132 138 75 46 1 45
4 21 103 115 110
2 76 20
6 43 9 90 84 14 36
7 6 0 80 10 120 87 142
5 117 61 100 56 39
4 97 66 139 95
4 57 94 8 4
5 92 32 102 88 133
4 25 112 69 124
6 113 31 5 62 91 54
3 64 145 121
7 130 135 148 83 27 126 11
4 41 123 18 37
5 85 137 96 106 73
7 7 136 146 17 131 30 149

Total makespan: 30

