25
6 70 47 7 62 115 143
4 38 76 96 93
6 121 124 114 141 132 48
7 88 126 117 111 108 90 20
5 37 82 23 123 148
7 66 1 11 24 94 86 69
7 81 30 71 26 101 120 100
6 137 4 2 139 50 6
5 35 72 118 131 95
5 31 43 14 32 83
9 41 136 98 15 74 19 63 28 145
7 13 16 77 104 12 17 87
4 105 9 119 80
4 128 112 103 92
8 127 99 56 3 39 91 33 142
4 59 22 53 138
6 27 29 149 107 49 61
6 18 5 79 44 54 58
6 78 102 25 129 109 125
8 65 89 52 67 140 147 134 45
5 46 116 36 57 146
6 68 135 113 75 84 122
6 97 85 0 8 106 64
8 34 10 42 21 55 110 133 130
5 40 60 144 73 51

Total makespan: 127

