20
9 69 72 48 12 30 143 28 113 91
8 146 133 121 76 41 59 140 81
8 110 25 142 18 90 145 7 53
6 50 16 85 83 92 68
9 43 66 2 0 32 42 62 104 105
7 73 141 136 61 35 19 106
9 71 47 82 100 58 45 67 22 147
8 13 103 57 38 60 75 101 74
8 46 55 131 21 144 122 5 119
4 107 37 129 135
10 24 99 94 40 123 93 98 127 108 8
7 117 64 96 95 138 6 14
8 88 70 39 126 128 15 49 1
8 3 86 149 78 27 31 89 65
8 125 132 114 29 77 44 17 112
8 20 124 79 87 134 51 102 10
8 120 33 109 80 52 63 84 54
6 36 111 116 115 148 34
4 130 9 139 11
7 97 56 26 23 118 137 4

Total makespan: 81

