10
19 105 46 134 20 83 86 70 139 71 140 120 66 61 30 88 51 131 63 87
15 76 62 37 145 24 113 96 42 111 128 11 68 52 4 18
15 60 6 50 80 41 5 31 44 34 17 12 102 73 65 49
12 132 84 144 10 36 123 22 75 48 78 119 121
11 38 33 91 7 94 15 69 135 142 64 53
18 143 101 115 58 32 1 98 45 99 106 112 108 126 107 3 109 82 97
15 146 110 138 35 13 27 0 92 47 85 124 57 148 79 39
14 14 95 122 125 40 114 136 67 59 137 127 141 16 117
19 28 129 74 81 29 2 43 133 55 90 147 103 26 118 21 130 54 25 149
12 72 9 56 23 8 19 100 77 93 116 104 89

Total makespan: 247

