25
5 83 45 64 134 50
4 132 116 115 46
5 75 52 120 143 97
8 108 40 2 140 58 95 53 110
6 70 59 142 60 123 22
6 67 96 14 125 63 74
6 101 91 126 122 56 114
8 32 144 20 84 98 1 13 61
5 37 25 6 90 49
7 92 107 88 38 34 104 48
7 72 3 65 76 51 100 82
6 148 85 94 129 133 103
5 24 69 124 11 47
7 139 30 149 10 4 18 99
5 147 62 41 71 26
6 43 141 136 68 80 87
6 28 113 55 106 19 35
4 39 128 9 127
5 117 33 135 12 86
8 146 89 93 105 66 8 79 44
5 17 118 36 78 131
6 5 121 0 102 7 23
7 15 119 112 57 145 73 111
6 109 29 77 31 81 21
7 42 138 16 27 130 137 54

Total makespan: 106

