20
9 7 125 122 10 144 19 44 8 118
6 6 84 52 69 12 146
7 101 24 83 47 13 135 79
7 137 56 103 126 60 107 112
4 105 78 21 73
6 17 128 72 91 76 67
10 130 142 61 116 63 138 0 5 18 34
8 32 57 74 94 96 42 95 85
9 110 88 3 15 75 87 31 65 55
9 54 114 70 86 2 62 111 147 106
6 124 41 132 145 35 25
9 23 129 100 48 53 97 50 28 109
8 81 9 108 149 46 80 113 102
8 51 59 68 93 99 38 22 119
5 133 11 136 39 40
9 16 77 20 26 49 90 148 45 120
7 143 66 30 1 140 82 117
8 36 127 92 14 89 37 134 115
9 71 131 4 141 43 98 27 123 29
6 58 64 121 139 104 33

Total makespan: 59

