20
8 18 51 135 60 94 128 129 71
8 6 31 99 121 106 8 82 119
5 98 97 81 67 59
6 43 17 55 90 125 58
8 105 137 147 9 83 73 79 44
8 30 107 102 49 45 4 52 72
4 61 140 14 47
8 15 101 138 70 63 104 109 23
9 120 132 130 87 75 115 80 65 33
7 141 108 117 148 50 27 74
9 19 64 76 134 1 78 7 122 114
7 28 92 57 124 131 11 2
7 12 123 54 139 48 38 103
7 35 20 36 144 22 41 69
10 3 96 127 66 84 110 149 37 126 10
8 93 136 16 116 113 91 29 143
8 40 145 32 85 142 146 118 133
9 112 5 86 25 95 26 42 13 34
8 89 39 88 0 62 56 111 21
6 100 46 53 68 24 77

Total makespan: 105

