10
12 111 56 68 61 53 23 2 69 76 134 3 5
15 147 143 79 118 129 1 81 8 41 6 109 7 49 58 17
15 112 72 125 15 88 98 144 133 25 40 43 93 63 14 105
17 115 37 141 35 131 48 106 4 45 31 99 126 57 138 102 32 85
16 119 122 145 117 84 36 128 77 34 30 19 124 107 44 83 116
17 100 80 42 142 78 71 60 20 0 135 95 12 91 149 66 113 74
13 22 27 146 90 33 64 139 89 103 114 46 51 50
14 127 21 110 82 137 54 94 120 123 9 29 59 75 121
17 130 132 10 86 24 97 47 70 11 38 104 140 28 73 148 108 101
14 65 92 136 16 26 52 39 13 67 96 55 62 18 87

Total makespan: 256

