30
5 134 149 15 87 79
4 13 122 144 138
4 136 56 90 100
4 124 52 91 44
6 108 107 88 42 83 126
4 104 23 51 110
7 119 103 148 5 133 147 127
4 80 117 53 48
5 50 114 120 109 62
4 70 27 123 112
5 2 59 43 142 1
5 16 41 130 45 46
7 32 39 125 75 67 82 64
7 8 66 84 132 31 3 29
5 145 113 18 6 30
5 135 60 137 14 19
6 81 76 65 33 38 20
3 34 99 115
6 68 85 4 111 25 121
4 140 92 129 78
4 141 106 69 57
5 0 49 97 21 28
6 26 17 143 95 22 40
6 12 72 74 24 58 10
5 63 7 36 128 71
6 118 116 98 37 9 61
5 47 11 77 86 101
6 54 105 55 102 146 94
3 89 73 131
4 139 96 35 93

Total makespan: 60

