20
13 80 131 49 123 22 8 17 149 21 67 138 11 111
5 9 147 44 98 41
8 0 99 1 120 55 88 117 82
5 65 6 20 47 145
8 77 34 26 135 108 52 15 136
8 39 85 92 141 48 129 81 115
7 118 105 36 73 78 132 83
9 27 25 122 109 30 66 56 130 51
5 29 74 107 5 60
8 37 40 18 61 45 69 143 124
6 50 57 127 33 90 104
8 75 113 139 16 91 97 137 94
7 64 96 13 10 68 12 125
8 79 24 126 43 119 54 140 116
5 103 38 93 89 106
9 121 7 114 23 3 62 144 84 14
6 133 19 59 35 87 70
4 128 31 142 148
12 134 71 46 2 4 42 101 72 76 86 102 32
9 146 58 110 95 100 63 112 53 28

Total makespan: 56

