30
5 80 95 87 48 110
9 31 9 84 36 69 60 134 4 146
5 139 70 82 43 92
8 58 132 33 11 63 99 148 140
4 13 26 120 40
4 133 142 14 108
5 7 88 2 3 103
3 47 8 53
5 96 32 44 30 62
6 72 61 98 55 50 115
5 24 10 35 52 102
5 141 111 116 125 149
5 27 17 83 65 16
6 138 126 113 34 67 37
4 46 106 143 59
4 25 145 86 137
5 41 94 112 29 68
7 76 122 73 57 5 131 75
5 74 20 54 147 127
2 71 104
6 117 135 38 15 105 18
4 77 56 93 66
4 136 107 6 39
4 101 121 128 42
6 49 123 90 78 12 89
6 28 144 100 1 129 118
3 130 109 45
4 91 124 0 97
5 19 22 23 51 114
6 85 79 64 81 119 21

Total makespan: 98

