10
13 40 8 50 77 55 79 54 4 120 39 94 107 58
13 11 83 69 139 10 126 7 57 32 109 81 100 47
21 15 19 121 74 25 103 144 111 12 102 149 124 91 23 62 71 46 80 143 78 14
17 119 82 51 34 65 113 87 133 93 147 41 37 106 129 27 67 9
11 135 88 61 148 108 59 17 45 63 2 117
13 3 122 134 86 48 105 90 53 142 115 95 140 75
18 136 101 42 70 131 49 97 89 0 56 38 116 52 96 145 60 72 146
13 31 16 132 130 123 118 138 24 21 84 64 125 98
17 66 68 76 99 127 5 128 36 28 35 114 43 141 73 110 104 29
14 137 33 22 20 1 85 26 18 13 92 44 30 6 112

Total makespan: 187

