15
9 31 5 36 3 147 17 42 99 116
9 89 68 39 28 88 58 47 110 71
11 109 126 18 119 118 73 27 26 87 148 104
9 46 45 74 55 25 9 92 41 123
11 133 85 84 11 2 69 146 6 90 91 136
11 30 64 127 130 149 107 22 35 83 63 50
9 128 98 103 124 21 102 16 132 7
9 114 144 108 32 62 100 60 56 82
12 54 105 95 14 4 79 70 112 24 138 8 101
10 49 19 59 135 93 43 96 10 81 51
11 1 0 80 143 44 141 106 12 76 139 57
7 140 120 40 20 131 137 29
7 75 66 113 37 48 134 142
13 86 13 122 34 117 111 121 61 53 52 65 38 94
12 15 67 129 78 97 77 72 23 125 115 145 33

Total makespan: 151

