15
14 121 146 97 101 108 78 91 7 63 119 18 1 131 41
12 28 23 55 89 110 66 31 107 77 60 29 16
10 35 96 95 10 62 144 32 2 19 140
9 141 132 46 116 147 82 25 80 22
8 53 51 90 4 40 98 74 94
8 128 27 44 81 45 136 83 13
13 145 48 5 67 115 69 37 14 120 72 30 133 75
9 143 17 3 87 42 8 36 138 61
10 112 24 122 139 102 85 117 39 93 142
13 68 149 127 106 99 105 64 137 126 12 21 54 49
7 104 70 34 130 134 123 129
9 73 71 26 86 118 103 58 148 6
10 114 113 56 84 59 76 109 0 57 92
11 111 47 20 38 124 88 9 125 15 65 11
7 50 43 52 100 33 135 79

Total makespan: 175

