15
15 113 167 153 44 60 138 3 123 93 130 103 159 86 99 10
11 33 185 24 54 40 195 83 4 156 68 175
17 2 21 181 76 13 179 155 102 169 43 80 135 67 59 64 96 79
15 151 145 30 163 142 85 111 108 118 110 101 190 124 104 120
15 191 52 7 75 27 38 137 41 199 121 92 165 78 166 1
14 178 128 164 143 84 36 109 94 8 87 134 0 148 141
13 177 42 25 5 58 187 183 172 9 105 144 39 150
8 66 56 139 192 115 114 193 77
10 45 26 23 29 189 31 140 46 47 11
16 161 146 14 176 197 97 50 106 22 160 69 53 18 71 171 196
13 49 107 131 184 98 158 20 112 188 34 37 17 16
16 73 157 133 180 6 19 48 152 57 32 119 198 168 72 61 174
12 147 63 125 194 12 162 88 91 186 100 28 127
14 82 173 126 74 51 81 89 55 95 117 182 154 35 116
11 122 70 149 136 62 129 15 132 65 90 170

Total makespan: 230

