25
8 47 63 3 159 138 86 40 131
7 75 48 27 196 100 35 92
9 124 173 38 72 167 126 16 99 39
8 130 19 148 106 96 128 146 1
7 149 44 42 175 121 178 8
10 168 10 171 142 93 165 157 32 186 156
9 101 51 41 50 77 143 58 125 65
9 170 74 36 123 150 182 129 198 183
8 108 30 0 23 188 81 88 119
9 55 95 69 83 70 56 191 155 158
7 26 116 133 84 79 66 195
7 189 25 57 33 107 45 15
8 97 31 78 197 87 111 14 37
9 52 53 152 176 134 122 147 13 137
8 85 20 104 127 144 132 82 141
8 113 11 145 24 22 103 21 177
10 160 6 169 187 193 139 98 136 172 46
7 199 140 43 7 118 76 184
6 68 180 135 17 109 64
9 29 151 89 80 71 61 94 102 28
9 91 54 166 162 105 114 2 164 179
7 62 115 4 120 5 60 154
6 34 73 174 18 185 90
8 112 190 12 110 59 192 181 67
7 153 117 161 9 49 163 194

Total makespan: 83

