25
7 15 63 100 43 139 114 151
8 73 59 44 66 120 188 119 105
8 9 112 172 118 126 90 8 170
10 69 159 5 147 51 165 20 132 33 86
7 136 4 46 25 183 82 74
10 174 111 164 83 65 191 199 171 177 142
7 67 154 97 162 79 58 55
11 184 35 156 145 141 194 146 78 89 108 52
8 72 62 22 122 178 68 152 23
3 179 189 96
4 157 26 115 94
10 186 148 158 34 50 61 193 49 85 29
7 16 143 150 144 198 127 128
6 134 123 47 175 56 37
8 140 41 99 80 30 104 180 81
6 98 31 54 195 6 11
9 102 107 131 18 192 21 57 103 88
10 77 14 92 38 153 2 84 149 12 39
6 173 42 124 181 75 0
10 106 121 169 166 24 109 76 133 91 101
9 45 17 182 130 32 95 48 53 7
9 138 155 3 137 13 71 36 93 176
8 60 87 167 28 129 163 110 10
10 70 168 19 113 160 196 116 117 125 190
9 197 187 64 185 27 40 135 161 1

Total makespan: 97

