15
15 76 21 97 19 186 2 196 121 148 114 167 58 183 166 199
15 20 14 5 174 162 158 4 9 145 126 15 119 98 37 192
11 179 180 147 17 7 38 164 79 41 10 191
11 43 132 133 81 128 173 22 26 181 120 197
16 40 39 103 102 188 124 127 88 193 118 96 156 90 135 47 51
14 34 110 48 195 8 32 152 55 86 130 109 131 161 151
13 35 115 78 84 64 1 63 187 106 149 83 24 154
13 3 150 107 75 89 99 142 146 44 157 62 87 6
15 182 54 105 11 93 94 66 100 53 172 190 176 36 18 16
11 72 108 30 60 111 80 159 57 144 189 122
14 165 169 168 143 67 112 70 73 65 138 71 141 101 74
11 0 153 85 170 137 129 13 77 140 23 160
16 177 125 50 163 31 155 194 95 184 49 136 12 104 92 33 56
12 139 69 178 28 25 171 27 117 29 175 45 91
13 113 198 185 116 82 59 42 46 61 52 123 68 134

Total makespan: 106

