10
19 71 144 149 20 77 29 193 101 34 165 13 194 10 72 90 187 196 47 22
18 25 110 8 52 37 18 156 14 181 85 126 0 183 65 3 108 24 60
23 81 107 62 173 1 87 97 145 75 158 163 30 15 21 28 58 166 170 55 67 139 83 130
22 23 197 66 95 89 154 195 41 19 176 131 155 119 16 102 185 184 174 7 128 135 54
22 147 148 113 80 98 49 162 168 180 32 122 189 141 31 51 48 79 38 114 105 172 112
22 175 111 68 161 46 100 59 143 152 40 5 153 61 160 191 50 142 109 106 138 74 118
19 115 96 6 99 188 123 157 45 57 17 127 88 36 190 70 167 169 84 146
17 42 133 82 199 178 186 192 56 177 91 140 93 136 92 76 151 44
20 43 103 104 78 86 132 171 69 125 134 116 150 164 26 53 33 137 129 11 94
18 124 120 2 27 159 198 63 182 4 64 39 73 9 121 35 179 12 117

Total makespan: 209

