10
19 103 165 199 164 67 176 50 122 110 43 17 140 24 38 9 105 63 65 127
22 197 31 26 171 66 77 117 92 58 53 162 85 148 98 21 155 178 40 95 36 147 113
16 88 86 177 54 185 71 187 146 130 163 139 143 183 144 114 15
19 39 191 84 158 141 107 161 115 87 99 3 195 159 20 19 4 1 111 123
19 190 112 102 136 124 80 30 35 57 22 193 184 135 142 153 108 10 157 93
25 44 55 16 128 89 166 2 34 32 70 48 64 104 106 82 188 45 186 151 160 59 180 172 133 152
19 90 68 119 23 134 196 101 167 138 61 156 18 174 169 72 137 81 12 74
20 37 33 149 41 116 62 56 94 73 79 118 109 170 25 75 168 78 129 125 6
18 69 194 150 182 154 42 51 192 96 198 179 97 181 145 120 173 131 5
23 100 13 83 175 28 126 11 76 29 46 14 49 121 60 189 7 52 132 27 8 91 0 47

Total makespan: 339

