25
5 55 61 141 149 165
11 108 157 3 4 119 35 166 78 168 181 101
7 84 68 43 1 127 137 27
9 7 144 142 156 140 48 37 182 125
6 60 146 52 176 187 94
9 133 143 76 126 49 189 124 58 50
6 45 135 147 13 192 111
8 184 92 77 24 170 193 38 93
6 160 169 99 105 145 195
10 163 96 28 120 82 62 164 180 138 98
12 104 66 20 114 121 107 91 44 153 53 88 74
7 47 190 118 70 154 103 183
7 155 186 9 129 64 161 42
8 117 150 33 191 152 79 15 122
5 19 73 87 197 102
8 83 80 199 16 134 110 198 67
9 158 89 113 36 39 172 75 194 32
6 69 59 179 29 22 100
10 25 177 112 23 63 85 128 167 46 132
7 97 10 106 21 90 151 30
11 40 18 178 54 162 173 51 6 109 188 65
6 34 5 95 159 56 115
9 139 131 130 171 41 123 174 81 175
9 12 72 136 71 57 8 185 148 26
9 14 86 11 0 31 2 17 116 196

Total makespan: 144

