15
14 77 44 192 149 89 93 101 140 189 11 59 196 175 169
13 176 32 61 53 148 65 178 37 97 27 3 104 45
15 85 133 198 52 25 86 56 39 111 73 153 28 102 2 109
15 191 187 138 57 99 139 150 128 95 100 110 162 132 60 8
10 151 158 166 21 172 188 193 161 174 160
12 19 118 43 163 106 185 122 182 20 154 168 129
10 1 130 9 125 165 0 155 197 35 79
15 92 107 30 119 51 58 141 157 183 142 186 81 54 18 136
13 190 164 17 120 115 16 36 180 42 14 31 41 134
11 10 171 34 29 159 123 94 49 91 33 67
12 50 75 69 96 131 55 137 170 68 78 66 135
17 167 48 6 22 195 83 40 103 199 177 114 23 12 179 184 113 98
16 24 105 173 87 26 4 194 82 121 117 5 74 126 108 112 70
15 80 64 144 7 63 62 84 88 46 15 124 147 72 127 47
12 71 143 116 38 90 152 181 146 145 156 76 13

Total makespan: 148

