10
20 8 55 47 124 128 160 85 95 10 176 93 31 169 50 101 33 61 21 115 53
21 153 194 188 154 32 45 129 58 161 54 105 26 108 125 165 197 171 13 77 64 132
18 120 66 144 177 36 170 185 74 22 37 172 91 182 117 102 100 96 198
19 73 63 72 15 127 88 122 25 43 4 75 34 62 150 71 159 69 68 41
20 180 39 2 103 18 12 158 48 30 35 17 184 187 76 131 130 139 51 81 163
22 79 80 24 118 123 183 156 113 189 166 89 191 162 116 173 137 193 97 119 142 109 1
20 83 143 107 98 168 134 84 28 57 135 146 27 138 11 112 164 7 65 167 157
17 126 5 121 94 151 59 111 70 175 195 56 147 186 155 106 92 174
19 67 6 99 181 9 87 14 145 90 199 178 23 114 40 60 152 141 52 110
24 3 0 29 148 49 19 133 179 149 136 196 78 42 86 192 190 16 20 38 104 46 140 82 44

Total makespan: 219

