30
10 56 93 16 83 126 59 160 3 167 125
7 114 199 25 164 143 82 74
7 119 178 54 44 88 84 189
9 174 35 21 78 10 168 140 36 197
6 151 183 81 22 15 48
6 68 105 182 51 149 192
8 27 171 175 87 97 172 47 193
5 165 58 101 79 155
10 190 18 89 179 52 24 128 17 1 69
8 45 184 198 90 191 73 32 41
6 23 138 49 75 135 131
8 29 20 153 196 31 177 121 39
7 6 127 163 148 161 55 92
8 66 40 110 113 115 154 111 170
7 19 33 43 34 94 4 61
5 188 46 0 95 42
5 103 9 53 86 180
6 80 186 185 158 60 150
4 132 109 99 146
5 187 117 169 70 11
6 63 7 38 13 76 91
7 50 195 100 98 5 194 136
7 116 57 144 123 71 102 118
8 37 108 159 30 112 133 104 137
6 122 134 181 129 77 12
3 72 162 2
7 156 28 107 62 152 130 96
8 145 166 65 26 157 124 173 142
5 176 139 85 67 141
6 106 147 64 14 120 8

Total makespan: 40

