15
10 104 9 53 155 45 116 151 133 80 39
12 120 140 44 77 65 90 75 21 109 131 4 146
16 119 174 103 2 158 162 125 172 43 20 107 195 46 78 16 157
13 38 191 168 132 169 192 184 106 94 49 129 76 142
12 35 179 59 160 187 166 32 68 12 33 167 101
9 70 135 14 149 22 67 147 3 122
13 37 124 93 108 29 89 41 26 11 6 56 28 63
15 138 196 69 73 71 0 154 183 34 24 58 47 173 31 126
15 188 180 156 148 110 36 97 88 50 62 25 118 79 61 137
13 199 165 177 96 99 5 194 176 60 112 121 175 178
14 57 139 40 170 181 113 23 141 30 134 123 105 87 144
12 48 159 127 84 197 190 114 10 161 189 74 98
13 115 17 153 91 130 92 145 152 64 1 85 27 128
16 163 52 186 193 117 42 13 83 164 81 18 82 15 55 72 7
17 182 100 95 111 143 8 19 86 66 185 150 198 136 51 54 171 102

Total makespan: 115

