25
8 114 98 90 131 102 147 118 162
8 23 81 0 154 82 52 129 84
5 156 157 104 75 29
6 187 107 72 94 53 65
12 3 110 113 7 62 126 76 182 33 25 34 31
11 87 158 41 93 124 2 80 199 68 66 115
7 12 105 186 55 196 38 171
8 39 63 152 100 47 183 4 109
9 179 178 22 195 9 95 188 6 74
6 117 169 194 161 166 108
8 97 36 138 5 122 151 79 130
10 172 184 191 190 96 40 8 92 35 174
6 125 181 16 139 167 106
6 160 141 165 163 43 15
7 176 123 46 133 64 101 50
10 71 88 91 67 127 58 86 77 111 42
7 143 170 37 44 51 14 164
5 73 19 13 137 146
7 69 45 121 54 32 56 27
10 49 78 20 85 159 116 173 11 48 149
9 198 30 153 24 192 83 59 26 145
8 18 61 1 180 10 21 175 135
8 140 150 189 142 112 60 119 136
9 17 103 193 148 28 99 57 134 177
10 144 185 197 155 168 89 70 120 128 132

Total makespan: 146

