10
18 93 53 60 169 19 22 141 190 26 87 52 18 103 126 35 84 112 199
17 25 10 8 162 143 71 73 161 16 80 67 153 78 184 149 48 88
19 128 79 29 189 97 47 41 139 123 92 14 0 40 61 21 114 33 125 174
19 144 105 31 42 82 90 119 135 197 101 134 156 36 192 172 145 163 59 66
23 177 107 130 173 185 170 27 70 17 180 175 37 194 154 186 58 77 51 11 191 187 188 121
17 142 115 20 15 151 148 118 108 28 55 3 56 100 117 98 158 6
25 102 38 182 44 69 155 23 137 198 68 104 124 50 96 95 116 106 133 12 136 49 193 72 43 76
25 57 176 132 5 179 122 196 160 171 150 120 24 89 81 75 131 109 127 140 178 64 65 159 62 83
19 99 4 110 113 138 63 32 167 86 195 152 7 166 129 2 147 111 146 54
18 34 45 30 157 164 181 85 1 39 46 9 13 94 74 168 183 91 165

Total makespan: 219

