10
20 119 185 188 174 29 130 18 156 109 133 26 187 182 118 100 19 149 162 34 49
20 17 123 90 179 66 71 198 102 195 42 7 138 39 93 13 86 44 146 87 97
22 165 164 186 33 21 152 140 47 56 27 30 9 2 177 89 63 25 111 94 180 101 35
17 45 70 0 43 4 159 125 51 48 99 148 178 52 181 144 170 65
20 85 50 106 32 79 28 46 23 53 82 57 117 38 60 189 24 171 105 37 110
17 10 31 127 136 41 1 142 154 5 184 11 73 68 161 59 55 168
24 8 69 120 108 91 116 15 147 72 167 169 64 134 115 122 77 191 194 150 75 121 190 158 95
15 135 183 6 67 112 20 176 3 145 199 193 88 78 137 151
18 153 114 84 103 96 80 172 173 22 62 196 192 197 132 12 143 16 155
27 14 163 98 92 58 104 139 74 160 83 76 131 61 54 126 141 175 157 40 107 128 124 113 166 81 129 36

Total makespan: 320

