20
11 70 152 14 153 30 67 116 38 96 124 137
9 189 182 123 62 130 0 6 27 47
13 178 64 83 175 41 43 196 8 20 85 31 44 59
11 167 34 118 54 160 115 15 161 131 193 195
11 16 75 9 110 82 81 91 183 146 29 49
13 150 72 140 154 113 147 151 107 172 127 149 74 173
9 57 66 65 17 99 68 142 109 179
9 117 89 94 52 100 198 23 192 7
7 25 105 170 2 98 144 120
10 135 35 163 157 95 156 138 158 180 88
7 60 48 4 90 129 13 141
10 101 53 79 145 46 28 184 186 51 21
10 71 61 12 122 1 33 55 128 132 39
9 19 119 10 45 143 3 42 190 32
9 171 76 177 58 5 111 168 155 18
8 166 84 169 188 37 73 103 187
10 108 104 191 181 56 102 136 185 78 24
10 87 194 165 176 133 199 36 69 97 50
12 121 162 159 26 77 40 125 112 63 92 93 80
12 174 197 106 164 86 22 114 134 126 139 11 148

Total makespan: 165

