10
22 174 104 96 144 77 198 56 45 8 74 124 172 89 76 137 187 80 93 122 129 23 46
20 151 42 164 169 98 133 149 160 48 158 197 162 30 75 49 55 143 21 95 31
23 29 120 3 183 10 128 168 116 27 131 150 115 35 177 166 132 65 1 102 184 113 147 156
17 25 82 22 39 154 109 51 123 140 165 110 105 99 112 5 157 66
21 121 173 24 67 11 43 38 15 57 127 103 180 106 4 189 178 7 117 71 53 47
24 153 139 90 79 175 161 108 28 125 9 12 91 68 70 14 114 64 18 84 185 20 195 199 41
16 59 69 119 196 145 78 141 34 171 135 192 190 0 182 179 13
18 118 37 88 60 181 152 94 32 163 2 61 16 72 36 97 130 50 186
19 191 26 167 86 19 136 193 159 101 111 100 138 62 17 148 176 146 134 142
20 52 73 194 54 33 40 83 170 63 6 155 92 44 126 58 107 87 85 81 188

Total makespan: 306

