30
8 164 116 33 172 93 99 183 141
7 54 127 46 23 12 132 193
9 101 167 153 42 56 181 10 34 110
6 5 79 25 74 134 76
5 170 161 24 62 182
6 17 47 126 107 88 117
9 98 150 95 103 152 162 129 97 120
7 155 8 28 73 83 67 199
7 122 29 71 131 118 1 192
7 154 128 63 78 58 195 19
6 173 106 140 94 112 38
5 86 35 104 165 82
6 0 156 125 36 148 59
3 158 159 49
6 179 37 22 149 72 163
7 11 139 32 45 187 137 146
7 136 196 175 52 115 145 2
3 184 65 50
6 87 142 100 89 39 4
9 109 44 9 96 180 169 123 69 51
7 90 190 185 64 133 14 16
5 111 48 77 189 80
8 13 20 66 60 105 75 68 188
8 198 27 135 84 61 18 26 191
9 21 157 151 30 176 121 53 102 177
6 144 108 147 91 178 166
7 41 194 55 174 40 81 3
7 57 168 6 43 130 138 160
8 114 70 113 186 15 92 119 143
6 7 124 171 31 85 197

Total makespan: 114

