30
8 120 161 138 167 179 121 196 26
7 113 71 187 95 0 197 49
9 175 58 80 160 147 66 74 9 162
7 43 85 52 46 148 17 105
6 164 142 99 103 185 178
8 109 94 27 124 144 41 55 34
4 10 100 12 188
5 194 91 119 180 184
5 5 73 198 176 146
6 112 83 156 38 11 39
9 190 25 77 129 54 114 72 127 3
6 145 130 125 13 1 69
9 45 97 189 22 44 4 173 86 23
5 29 152 82 31 84
5 68 163 96 90 78
5 199 128 81 48 117
6 182 153 170 166 115 183
8 40 8 98 76 151 50 53 56
5 61 93 132 168 57
8 37 70 59 191 102 136 16 65
6 19 21 2 118 51 15
9 108 157 111 60 134 35 149 195 64
5 32 171 110 107 88
7 33 75 158 101 174 172 14
8 140 92 135 36 104 165 143 139
5 7 186 18 123 20
4 155 67 6 126
8 150 177 28 62 24 79 181 141
7 63 122 87 116 106 133 30
10 47 192 89 193 154 169 137 42 159 131

Total makespan: 128

