30
8 171 150 3 12 97 87 160 120
6 178 195 43 89 134 76
7 103 32 50 39 137 165 9
8 196 59 49 48 167 60 52 63
7 28 118 82 56 98 169 84
5 51 83 144 199 173
6 62 172 145 100 18 109
6 114 90 139 6 91 19
6 122 106 99 192 174 54
6 65 15 126 133 182 53
9 125 57 163 88 40 101 66 30 67
5 155 130 148 142 42
8 71 190 140 198 27 79 8 184
9 24 2 5 4 147 123 146 37 10
6 17 73 11 108 153 75
9 149 166 93 116 185 33 157 110 124
6 175 158 168 95 77 0
6 68 105 151 117 194 61
8 121 20 69 129 161 107 181 138
8 78 176 25 113 128 34 36 162
3 16 41 154
8 45 170 92 22 70 189 112 132
2 159 35
10 115 81 96 152 191 131 26 14 55 31
6 46 193 86 85 47 23
5 29 164 72 80 127
8 135 74 58 119 179 136 44 183
5 7 177 13 64 156
7 104 1 94 187 111 180 141
7 143 21 102 188 197 186 38

Total makespan: 42

