10
13 46 166 52 146 183 163 125 130 115 143 54 58 56
24 94 35 161 23 149 140 120 4 176 5 57 172 72 181 198 1 190 69 112 85 76 158 116 86
18 141 153 62 107 44 14 199 34 194 184 195 97 102 15 6 196 73 82
21 171 81 48 185 19 28 7 132 147 157 91 188 87 24 10 88 133 93 110 186 43
22 148 103 175 177 30 47 129 135 191 32 2 90 108 121 160 13 127 11 9 164 123 114
22 167 78 26 173 169 79 170 142 150 119 96 104 168 71 60 41 83 106 137 145 77 144
21 89 38 182 61 136 156 189 37 17 16 99 63 68 101 70 105 162 118 187 117 74
19 65 18 92 113 95 0 126 155 178 8 40 42 55 53 39 100 29 3 21
24 165 180 139 20 151 197 51 25 84 192 80 128 131 111 134 66 45 124 154 49 122 174 138 12
16 36 109 67 59 193 152 64 27 159 22 75 33 179 50 31 98

Total makespan: 256

