30
9 165 101 97 86 24 58 189 6 190
10 2 9 198 71 131 155 117 163 25 82
7 77 177 143 128 70 100 90
6 52 132 114 191 160 81
6 134 73 179 30 141 102
5 129 48 76 161 32
5 20 145 42 169 175
5 192 22 159 173 139
9 99 5 153 98 50 23 65 144 75
7 34 95 45 12 57 142 157
7 186 120 137 171 62 68 151
7 56 38 103 59 119 152 35
4 199 33 21 105
5 74 53 93 195 54
5 94 10 182 121 113
7 26 87 136 162 55 31 17
6 14 80 158 127 168 133
9 174 116 46 146 109 108 181 79 0
7 89 84 18 63 126 36 124
5 130 40 172 164 66
6 78 185 19 140 67 83
6 166 154 16 167 29 112
6 60 110 27 150 41 138
6 15 107 7 51 88 170
8 196 193 3 85 39 183 13 91
9 69 4 123 1 176 187 148 44 106
4 149 197 64 43
8 28 61 104 194 96 8 156 178
9 47 72 184 122 180 49 188 115 118
7 135 92 147 37 125 11 111

Total makespan: 88

