15
13 131 49 34 141 0 139 4 137 88 145 158 159 39
9 70 25 120 37 187 191 40 32 13
14 165 160 146 91 199 129 98 41 104 9 162 182 156 81
14 2 58 33 19 112 140 79 99 119 48 198 144 180 123
16 97 103 121 36 44 166 15 174 47 63 132 130 65 43 153 118
13 149 29 8 87 105 161 114 170 184 176 38 61 173
19 35 80 57 124 154 175 185 69 125 117 151 108 31 126 92 77 136 53 177
12 106 51 12 54 110 134 167 157 186 127 24 195
14 14 142 148 143 76 85 169 193 60 64 66 192 90 133
16 18 1 111 71 107 74 102 152 55 67 82 101 28 128 56 179
14 6 96 100 150 21 147 50 172 116 181 178 197 113 73
9 30 83 5 62 164 155 122 75 46
12 115 138 23 94 135 84 7 86 190 68 188 3
13 10 196 59 183 22 17 109 26 16 168 11 27 42
12 194 72 52 95 93 163 171 189 45 78 89 20

Total makespan: 193

