30
7 205 201 228 169 241 54 90
10 243 156 81 88 239 33 112 214 15 144
7 10 45 140 119 190 128 62
8 231 236 160 137 20 8 108 180
8 247 196 118 3 158 237 135 194
10 23 72 248 14 151 65 134 185 89 195
7 105 227 130 43 217 138 181
11 197 199 26 179 177 7 210 149 99 59 64
8 154 103 244 157 100 189 120 96
7 202 110 78 47 48 141 188
8 66 60 111 87 91 215 36 85
8 226 18 86 124 176 57 229 219
11 206 1 165 127 161 74 193 34 38 101 209
8 216 233 39 145 218 186 97 19
10 223 167 55 184 42 70 175 5 24 122
6 172 40 82 106 178 198
8 21 35 98 213 245 56 220 211
9 232 76 27 249 71 212 153 200 242
9 183 133 155 174 123 142 208 83 51
6 17 102 32 53 50 107
9 150 94 117 170 224 152 221 238 163
10 204 246 166 114 63 125 148 30 159 92
13 129 171 84 235 2 77 11 67 147 136 113 146 131
8 225 115 168 0 222 162 143 139
6 49 41 61 37 191 173
9 203 182 192 75 22 58 132 93 109
6 187 79 207 13 52 230
9 9 68 16 31 80 73 44 69 126
7 95 240 6 46 25 12 121
7 234 116 28 164 29 4 104

Total makespan: 149

