20
13 143 9 160 148 0 134 187 137 200 72 62 53 174
9 144 18 96 228 16 65 168 153 46
13 89 167 186 166 69 164 151 1 48 209 218 42 162
9 212 3 106 178 74 240 60 80 176
11 112 32 241 172 6 189 2 13 59 193 26
17 70 64 123 197 128 202 217 223 194 169 181 130 50 15 97 35 203
17 68 235 56 210 81 90 14 227 103 232 114 249 230 220 21 246 211
11 83 155 216 98 207 122 224 170 38 58 129
10 102 19 214 163 245 221 40 25 226 149
8 117 75 20 76 242 192 43 37
12 206 159 175 234 78 87 156 138 95 24 115 67
15 84 49 150 127 33 199 110 107 158 190 205 248 225 183 41
12 146 239 121 191 111 157 100 173 236 165 136 7
10 184 222 17 22 77 39 99 229 34 244
11 104 66 145 215 140 52 233 27 108 120 124
17 4 195 31 231 213 154 208 11 12 118 142 133 5 82 198 85 171
13 113 238 54 131 141 243 44 73 179 182 55 237 135
13 79 36 132 92 204 188 219 119 116 29 45 28 23
14 10 61 125 201 147 94 177 86 139 180 57 88 109 105
15 161 247 71 101 30 126 51 63 185 47 91 8 152 93 196

Total makespan: 209

