15
17 95 160 37 82 218 136 226 100 71 211 185 29 72 126 229 74 132
16 26 1 219 75 248 213 65 171 175 197 134 76 57 242 117 55
15 244 106 34 187 238 10 191 39 221 25 236 173 30 120 23
14 103 64 212 119 80 130 144 77 113 206 240 152 108 40
14 45 208 44 143 150 58 168 177 243 141 149 59 180 19
17 5 3 27 118 188 20 56 67 124 32 114 202 109 172 195 12 182
18 70 157 115 16 190 184 207 155 138 15 162 31 49 127 110 204 116 139
15 9 225 169 151 210 129 112 104 54 178 194 203 166 237 101
20 148 81 86 216 90 158 93 24 174 22 125 140 105 17 239 196 223 87 52 36
19 121 137 53 78 38 200 61 193 88 135 246 97 8 21 147 233 63 179 96
13 2 176 235 159 42 11 123 214 51 35 245 154 99
18 224 47 84 161 131 6 85 128 66 60 199 209 146 156 62 48 50 183
19 14 170 215 107 7 227 94 111 98 222 68 33 43 46 89 133 145 122 92
16 189 18 249 4 228 247 73 153 164 231 41 198 220 217 232 241
19 13 181 28 102 192 142 201 230 163 69 79 0 165 234 186 167 83 91 205

Total makespan: 184

