20
16 49 4 172 167 182 151 113 24 236 30 16 43 6 69 216 97
14 92 103 196 22 177 25 11 0 75 178 140 78 202 56
9 95 243 80 37 176 68 132 2 67
13 91 111 144 227 74 170 94 61 209 219 59 53 200
14 120 204 184 160 201 99 51 212 130 84 52 106 34 116
12 50 81 20 145 163 190 142 70 98 141 240 65
16 79 122 87 149 123 88 134 191 32 197 192 244 127 109 180 245
12 168 10 199 73 230 214 23 39 31 126 42 121
11 166 100 89 29 237 241 133 117 115 181 54
17 231 162 119 174 211 188 102 224 93 105 138 125 150 228 118 86 58
9 233 57 55 60 247 131 48 28 161
14 128 76 104 226 36 108 3 46 171 155 8 220 246 210
11 187 110 12 77 164 238 47 229 139 235 9
13 19 242 21 175 186 205 169 206 33 152 207 232 107
12 26 185 45 148 157 27 159 44 213 158 35 193
13 83 85 215 112 136 13 143 198 153 64 114 147 82
10 222 66 194 38 101 7 249 71 218 1
10 234 63 90 124 15 17 5 154 208 96
11 165 203 40 129 146 18 156 225 195 62 173
13 239 41 223 14 248 179 72 189 137 183 217 221 135

Total makespan: 197

