20
10 243 124 9 88 119 16 46 72 18 83
11 68 128 169 38 172 146 225 204 126 180 173
13 182 67 26 233 66 3 200 239 74 7 246 157 97
9 1 75 92 53 62 54 208 154 213
11 220 123 122 59 98 133 144 5 183 63 175
15 112 51 178 2 196 25 234 221 135 205 10 222 211 147 215
10 105 34 198 131 240 191 27 32 164 230
18 174 8 91 55 150 69 156 176 145 197 94 76 244 163 152 149 110 40
10 61 89 142 153 15 64 167 185 90 242
15 45 161 19 187 39 137 21 70 50 30 81 22 106 166 79
15 129 247 85 99 127 17 224 101 158 181 111 132 33 77 82
12 108 160 201 192 13 20 179 214 6 148 212 60
12 237 100 165 65 199 195 93 248 138 140 194 29
12 245 47 113 37 207 102 14 226 232 109 130 217
14 114 189 190 168 71 184 86 228 56 31 125 42 52 87
12 206 115 238 36 141 223 12 95 103 23 159 186
11 73 24 209 139 48 116 134 80 58 117 57
9 218 170 44 227 171 4 11 188 118
15 210 41 193 219 202 143 78 28 216 104 136 0 155 120 235
16 96 162 43 35 241 177 84 49 236 249 107 121 151 203 231 229

Total makespan: 214

