25
11 177 117 85 150 230 17 25 238 74 90 216
9 162 47 228 134 91 171 79 214 249
12 113 111 170 181 13 139 218 50 29 46 175 130
12 61 93 57 240 192 55 128 106 215 40 185 211
11 174 82 220 224 69 27 23 138 236 129 9
7 20 120 246 43 239 30 22
8 227 198 56 133 38 119 242 241
10 3 234 194 2 131 8 195 153 188 172
10 219 103 116 121 6 143 146 1 78 186
11 109 100 94 102 114 108 201 21 31 161 165
10 193 7 190 197 24 76 205 233 187 203
11 18 137 124 0 96 48 179 81 196 11 95
13 10 232 126 65 36 72 73 60 84 35 88 208 176
11 87 45 189 178 136 173 122 166 14 63 5
12 49 226 160 41 97 221 199 200 206 58 210 112
12 207 202 164 222 159 157 33 225 158 163 169 37
11 132 62 34 64 149 26 151 12 184 75 15
8 67 140 66 52 183 209 68 71
7 248 223 204 54 191 44 212
12 152 98 180 99 77 32 167 127 92 156 148 70
9 28 115 141 243 104 154 110 80 142
8 182 229 135 213 125 16 86 147
7 168 51 235 83 245 59 53
8 244 107 123 4 118 39 237 155
10 19 101 217 105 89 231 247 145 144 42

Total makespan: 63

