10
27 212 82 7 179 80 118 18 26 78 181 51 24 152 155 97 194 130 136 243 173 70 68 81 198 132 53 0
24 103 19 116 248 234 76 115 157 232 205 33 4 142 86 208 45 217 112 114 246 122 127 161 66
23 67 110 160 49 158 113 125 99 48 3 210 203 134 106 239 228 128 87 165 11 104 197 247
21 180 59 27 131 77 167 206 204 215 100 102 75 176 124 168 28 64 189 201 190 96
23 172 21 61 224 43 240 162 216 120 101 65 225 178 227 39 95 5 231 91 192 40 29 196
22 71 199 41 241 249 13 85 183 108 52 56 92 58 23 229 193 107 36 144 156 220 218
25 182 236 214 195 175 171 20 57 94 47 31 84 30 238 226 170 55 63 138 44 17 169 186 88 146
27 126 98 32 135 237 89 123 141 159 222 163 151 119 111 38 148 73 8 6 109 153 42 54 147 90 154 14
27 10 93 133 166 9 233 140 177 46 184 34 185 117 129 230 37 211 200 244 145 137 245 79 149 69 105 209
31 223 143 242 35 188 72 191 202 15 62 219 1 213 139 83 187 150 12 25 174 16 207 60 121 50 235 74 164 22 2 221

Total makespan: 262

