15
14 147 86 221 236 50 169 193 126 75 18 216 105 186 161
18 99 205 155 117 26 25 132 200 30 235 13 59 203 157 87 124 182 244
14 239 8 55 177 100 151 15 240 243 115 9 128 101 69
16 195 199 224 53 225 131 54 207 48 197 67 98 102 249 123 176
17 170 17 188 2 76 36 237 220 139 121 201 175 43 85 172 114 28
18 21 194 183 90 227 111 219 58 119 14 163 109 137 104 187 96 215 95
21 138 71 3 10 189 233 80 168 41 230 51 166 142 57 164 153 242 165 23 5 4
14 78 39 229 214 145 35 150 84 33 103 130 56 62 149
17 202 179 94 72 47 246 223 212 171 191 66 11 143 92 42 31 79
12 113 210 127 206 232 37 64 89 40 44 174 159
21 184 49 88 38 218 45 162 146 6 97 7 248 173 247 93 22 181 27 158 222 134
14 116 81 65 91 154 234 107 231 156 118 32 133 0 73
20 211 217 208 209 122 135 241 112 190 61 106 24 245 77 148 129 1 226 140 136
14 180 82 110 160 19 228 68 213 167 141 238 152 63 192
20 16 108 198 196 20 52 12 60 185 144 125 70 120 74 34 178 83 204 29 46

Total makespan: 259

