30
9 16 84 93 246 149 175 43 54 25
9 109 124 90 99 100 210 170 231 27
9 227 203 21 179 190 52 144 172 207
9 216 53 150 162 65 33 40 8 133
10 55 161 44 168 236 98 76 177 171 138
9 42 158 113 173 121 135 241 41 153
7 23 0 78 191 24 218 60
7 182 160 91 126 45 235 211
6 35 193 46 115 95 247
9 107 72 87 200 217 181 202 131 224
8 11 237 134 22 192 47 37 212
6 51 222 169 9 240 19
9 199 106 117 245 164 215 244 38 204
8 20 223 56 159 145 156 32 15
9 30 105 66 205 163 49 154 140 13
6 18 127 142 234 118 129
8 139 82 39 70 77 220 189 196
6 226 242 219 74 221 157
8 148 123 178 136 68 206 174 92
8 48 125 86 110 10 94 112 128
7 141 194 103 233 228 147 230
8 89 63 166 238 249 1 80 96
9 31 184 208 167 183 2 209 187 213
6 4 197 7 34 83 67
8 195 101 26 97 198 214 36 229
10 186 176 29 88 120 243 5 185 104 81
8 137 102 59 12 201 61 73 151
11 119 14 130 155 50 143 108 57 114 165 146
13 111 248 122 225 85 64 71 188 28 239 58 152 180
10 116 3 69 132 79 232 6 62 17 75

Total makespan: 123

