30
8 157 126 206 102 70 97 181 224
8 83 122 212 160 243 128 26 77
10 21 46 159 119 236 180 132 133 4 189
9 242 143 96 154 3 170 137 153 245
13 92 99 103 226 200 74 235 182 196 40 223 202 144
6 210 234 239 123 34 61
9 19 193 117 35 197 129 73 228 11
8 208 177 94 48 135 112 188 146
3 50 45 151
6 162 114 190 237 33 79
8 110 7 42 115 204 60 65 59
10 198 88 176 221 39 171 225 178 104 10
10 166 147 71 240 124 54 47 107 25 134
10 89 1 6 231 63 78 174 149 91 199
8 141 172 111 164 229 86 87 248
6 13 138 43 56 66 175
9 69 2 81 185 101 0 214 68 158
11 76 52 49 148 238 205 15 247 217 139 169
7 108 27 163 118 130 173 195
8 9 241 53 203 20 140 113 64
11 155 105 249 22 222 32 29 192 116 44 213
7 230 67 227 98 23 244 136
7 72 194 120 85 90 51 80
8 152 31 38 41 109 218 93 183
7 145 16 167 14 127 82 131
8 100 211 246 18 219 220 5 36
9 142 215 168 125 191 184 233 179 232
11 95 28 186 58 8 17 106 30 207 165 57
7 209 37 84 55 75 201 150
8 187 156 161 121 62 216 24 12

Total makespan: 92

