30
7 62 79 192 37 127 36 63
11 110 176 96 101 190 1 105 150 157 133 227
10 215 151 241 242 45 210 106 238 74 6
12 64 174 167 18 26 205 94 229 166 30 206 31
9 27 103 92 102 180 42 232 196 115
9 60 222 14 143 233 125 228 4 95
4 130 131 59 72
5 54 183 244 207 247
12 61 139 120 165 132 243 108 152 141 5 121 80
9 83 22 187 57 32 71 198 199 19
8 239 16 89 213 23 226 162 142
7 55 88 134 191 70 161 126
10 177 225 17 2 82 38 200 201 123 195
6 208 56 81 194 51 158
7 86 147 173 99 218 69 224
7 84 203 181 160 39 145 29
11 68 211 65 184 153 185 87 20 67 98 217
10 7 168 149 91 107 34 113 0 169 8
8 193 49 41 117 148 186 48 9
6 172 204 128 221 11 189
9 50 144 163 25 40 119 10 220 236
7 212 73 178 231 24 140 137
10 159 3 136 114 156 43 77 112 188 124
5 122 248 237 44 28
8 197 47 75 46 182 146 170 216
10 209 246 109 171 202 245 135 155 33 116
8 234 118 97 15 179 154 35 111
10 249 235 175 223 66 52 230 219 53 104
7 78 85 93 138 240 21 90
8 76 164 58 12 13 129 100 214

Total makespan: 125

