10
25 182 189 100 106 163 32 214 29 144 180 234 0 49 226 23 14 68 158 73 90 195 34 97 222 44
27 155 184 71 156 168 123 15 211 122 67 229 108 198 70 246 238 215 42 161 117 241 66 39 186 10 47 133
27 126 244 141 76 109 1 98 136 172 33 64 30 164 61 201 31 9 153 147 84 79 196 26 16 21 171 130
23 69 208 22 162 115 200 5 11 51 4 25 190 54 191 248 78 3 167 12 24 221 105 207
22 146 169 199 77 225 7 59 125 143 236 103 237 175 111 45 65 205 160 134 166 174 53
24 128 188 181 223 38 220 112 91 99 150 178 72 187 101 202 18 2 197 242 239 95 60 232 121
24 235 124 227 119 37 19 173 87 58 80 114 110 192 185 231 83 206 249 63 224 159 43 8 247
30 210 138 52 219 57 135 233 228 170 75 140 92 148 50 217 177 36 48 93 86 129 145 183 154 74 212 193 157 137 120
24 116 27 165 209 62 176 216 149 102 204 245 35 131 179 81 213 151 142 203 94 127 243 132 17
24 46 55 85 118 194 107 96 88 41 230 152 56 139 28 6 240 82 20 218 13 89 113 40 104

Total makespan: 385

