20
10 91 171 37 45 169 215 40 101 0 133
11 73 58 235 12 10 142 102 243 44 72 191
13 92 120 227 244 177 39 61 132 122 214 49 162 121
14 4 19 130 184 166 168 33 200 24 78 160 68 163 216
11 203 14 107 8 104 21 26 234 79 140 71
15 35 221 36 20 186 54 180 194 106 197 222 131 212 170 34
11 42 139 229 6 99 226 134 22 213 43 62
14 13 82 84 196 185 220 187 86 204 109 128 201 125 238
11 118 190 115 143 127 88 205 47 93 182 89
18 210 123 231 5 175 230 114 53 136 83 129 25 179 15 150 30 247 117
13 240 165 9 110 199 141 241 29 96 56 126 94 2
12 124 156 181 242 76 217 209 159 224 119 148 97
13 103 77 7 164 145 135 74 202 55 237 41 64 75
9 155 52 151 172 154 249 60 167 146
15 111 219 245 233 51 28 173 188 108 149 211 178 59 67 69
14 70 144 223 98 66 100 208 183 232 176 46 95 113 80
14 189 174 31 228 11 65 152 138 48 63 236 81 87 57
11 32 206 50 239 161 246 16 195 116 248 38
11 153 27 198 137 157 225 105 90 1 112 85
10 23 158 192 18 207 3 193 17 218 147

Total makespan: 90

