30
8 249 126 0 83 182 120 25 165
9 62 198 103 5 27 95 102 225 158
9 90 98 145 58 30 159 212 160 111
10 184 137 171 217 51 206 234 220 49 151
6 119 7 239 41 209 31
10 112 142 172 192 229 204 219 64 224 114
8 203 141 247 132 195 226 11 228
6 147 122 230 167 2 57
12 56 45 211 76 4 35 107 115 152 139 55 243
8 96 129 79 106 94 176 189 125
9 148 207 241 213 143 1 54 245 216
10 101 19 71 121 93 174 218 37 68 21
9 117 97 155 127 26 38 84 180 104
8 66 240 20 166 161 32 15 190
7 187 164 179 65 63 22 235
4 28 200 248 150
8 153 124 24 70 237 191 210 236
11 44 162 17 197 156 205 13 89 163 116 193
9 246 215 149 154 67 14 42 118 16
8 23 130 3 47 181 131 100 18
9 233 136 196 73 105 178 128 177 188
11 36 134 199 238 214 87 91 29 78 12 92
7 86 244 59 8 50 113 231
8 183 221 72 157 34 138 9 60
8 135 173 69 61 53 201 48 170
8 43 74 33 185 227 110 168 85
5 175 133 40 194 186
7 82 140 242 52 208 10 81
10 232 80 75 202 88 146 144 108 77 6
8 123 222 39 99 46 169 109 223

Total makespan: 150

