10
27 3 80 176 213 115 191 95 122 36 7 136 219 73 35 124 42 186 144 241 248 83 166 53 167 195 40 123
23 116 147 244 55 120 198 171 75 215 100 246 153 43 162 206 4 91 160 63 2 197 51 61
33 143 182 243 212 189 0 161 232 201 92 38 16 41 133 174 203 187 47 5 79 86 87 89 74 66 156 52 150 181 107 96 237 135
24 177 202 101 247 112 11 72 24 85 33 70 88 211 205 19 30 121 200 117 78 179 142 157 45
26 210 76 209 196 77 208 22 57 238 132 226 194 218 97 172 214 236 44 69 222 127 25 13 178 242 119
21 146 23 108 139 183 175 99 54 64 82 188 204 138 39 114 231 234 118 154 140 68
26 164 105 130 155 98 223 239 235 103 217 10 17 159 216 58 48 106 81 49 110 152 128 126 6 193 18
22 129 8 137 93 168 190 109 125 165 14 84 184 94 173 111 65 15 67 245 145 28 71
27 230 240 46 185 34 227 220 134 59 225 151 224 180 131 60 158 9 12 29 26 37 228 141 90 27 102 104
21 21 169 170 229 207 50 199 192 32 1 62 249 56 221 149 113 233 31 148 163 20

Total makespan: 308

