20
11 0 214 216 92 30 122 86 59 109 6 125
10 224 198 135 242 58 220 65 38 7 176
12 156 165 137 186 41 70 26 194 68 243 40 159
14 144 110 221 233 46 76 222 72 178 148 177 98 211 45
10 104 130 106 9 190 180 15 49 27 162
17 73 230 203 197 63 139 48 88 172 128 170 124 246 223 244 99 51
8 61 195 141 57 153 74 245 2
13 187 105 119 218 123 103 87 120 206 118 14 163 193
14 50 47 179 84 209 62 147 235 196 71 32 102 95 75
12 154 182 107 64 96 121 189 21 129 232 113 238
11 1 13 157 138 81 240 77 52 67 207 140
12 90 234 168 25 28 188 143 5 89 150 82 97
12 126 155 43 183 108 247 228 36 56 166 111 91
11 227 167 132 173 136 239 202 34 8 54 94
14 31 116 33 213 93 236 35 115 142 23 39 80 100 164
12 219 231 174 175 249 83 117 225 149 60 112 146
12 248 181 69 158 78 200 10 114 85 101 20 212
15 55 152 204 217 184 17 37 11 134 226 151 53 4 127 3
18 229 199 160 215 191 66 24 161 208 29 42 131 79 185 19 169 237 18
12 205 44 201 192 145 22 133 12 16 171 241 210

Total makespan: 171

