10
26 108 192 158 31 30 132 207 4 179 32 71 236 46 120 121 67 180 65 66 52 12 116 61 239 245 206
30 231 226 127 217 114 169 128 249 230 78 106 6 20 86 243 165 125 97 36 70 11 162 60 33 200 148 137 215 219 26
28 109 212 183 197 58 196 23 88 93 101 18 173 141 72 84 240 130 39 144 104 191 153 224 213 138 96 181 155
26 41 204 151 85 5 170 167 227 175 203 176 21 172 113 98 0 238 90 76 34 3 57 177 185 241 221
20 123 147 43 164 110 89 24 82 188 150 223 171 28 22 94 187 118 47 131 235
26 87 103 62 68 198 77 19 59 50 161 111 122 69 8 146 174 135 154 81 100 228 163 129 56 244 13
21 143 15 136 142 222 126 48 73 139 160 9 211 168 17 14 216 159 112 152 53 54
24 124 199 44 233 7 38 237 107 51 218 117 214 49 133 25 220 234 156 134 186 246 35 194 190
23 64 182 79 189 37 99 202 210 40 80 74 42 95 45 1 105 16 145 2 10 193 91 201
26 232 166 140 205 178 149 29 119 115 102 195 184 247 75 229 157 27 92 63 248 83 55 225 208 209 242

Total makespan: 367

