20
13 169 164 3 113 45 219 162 210 218 86 57 47 154
11 10 23 76 116 141 163 124 18 212 117 32
12 207 0 67 167 198 36 125 2 152 184 106 191
17 9 131 172 227 161 157 112 95 65 232 123 177 43 234 87 34 203
15 239 180 59 195 92 133 21 31 153 74 223 56 99 16 115
8 160 156 83 26 13 46 146 244
12 96 216 129 35 11 80 188 185 50 6 243 75
15 148 114 108 89 104 102 91 33 194 217 1 127 166 226 70
15 79 246 147 135 128 209 193 200 171 97 64 186 237 62 187
10 165 77 229 142 7 215 202 196 211 206
12 228 28 27 58 249 222 53 81 238 29 101 38
10 103 84 192 134 138 42 170 182 48 93
14 44 149 225 72 230 25 55 241 175 190 136 179 181 12
16 111 63 49 119 52 199 88 85 78 245 158 240 173 236 168 39
11 118 110 137 30 54 14 68 248 20 90 66
11 132 208 247 143 51 197 61 126 37 120 145
11 122 40 242 201 73 98 144 174 41 24 5
13 100 204 71 224 107 130 233 82 19 17 15 105 178
11 214 60 8 4 69 213 231 176 22 140 150
13 189 109 183 221 121 159 139 235 220 205 94 155 151

Total makespan: 128

