30
9 140 167 241 88 14 217 158 48 50
8 152 85 23 114 191 21 89 73
12 113 68 29 177 110 142 61 62 193 132 75 231
6 53 6 170 42 204 81
6 79 9 46 190 59 47
8 243 159 26 102 54 135 130 157
6 240 58 144 166 198 163
12 41 145 108 173 34 197 203 148 212 109 67 188
10 64 104 223 126 146 71 206 131 228 105
8 136 219 20 214 213 7 80 149
10 128 181 37 249 154 87 72 151 244 116
6 115 139 18 11 226 1
9 125 218 182 98 49 189 229 141 138
6 210 235 239 200 134 39
8 202 121 230 247 84 245 179 150
9 69 153 165 124 147 76 22 156 95
11 70 222 101 57 209 227 77 56 19 175 40
9 27 238 237 112 100 51 186 94 169
9 99 183 10 3 92 15 236 233 83
10 31 93 127 162 66 4 185 24 143 82
10 52 36 2 44 118 13 32 107 155 208
6 168 91 192 120 180 78
4 164 74 38 220
8 65 232 12 194 55 86 172 17
7 106 16 119 90 5 129 137
9 184 96 171 28 196 224 43 160 33
9 195 246 225 211 215 207 248 111 216
7 221 97 205 30 176 201 187
7 35 199 161 133 178 117 103
11 25 174 8 45 122 0 123 60 234 63 242

Total makespan: 143

