25
10 63 228 67 171 88 134 62 68 10 105
8 140 145 106 25 119 11 115 45
15 16 18 149 5 92 184 55 142 85 38 169 52 40 48 246
10 20 201 71 189 164 234 143 29 229 209
10 12 176 247 50 137 230 33 104 175 198
13 90 65 138 130 182 109 147 220 233 187 168 154 23
8 9 81 132 69 139 126 231 159
6 133 8 213 89 152 53
9 160 100 54 186 121 31 206 3 210
9 221 166 195 226 177 14 146 161 112
7 101 24 223 86 6 248 179
15 185 37 72 94 80 98 196 84 203 237 82 77 217 21 135
10 151 4 108 241 174 150 49 96 214 136
10 216 15 224 59 39 155 180 97 172 227
12 211 249 114 181 44 47 28 74 239 141 125 225
9 83 124 215 197 235 242 2 202 173
9 165 70 46 78 129 36 87 26 43
10 245 60 118 79 162 243 35 205 32 99
9 58 42 170 111 22 183 61 222 73
7 7 34 117 244 238 93 122
8 157 219 188 163 51 212 193 30
8 178 76 127 167 95 0 207 192
14 120 1 190 56 208 123 158 199 156 204 64 232 91 75
12 113 191 240 103 41 57 107 110 27 19 236 194
12 200 148 153 102 17 116 131 218 144 128 66 13

Total makespan: 63

