15
17 226 247 19 3 144 231 122 177 35 207 14 93 49 76 59 41 212
12 229 92 52 170 33 191 192 163 78 22 104 20
15 133 37 200 197 87 167 1 165 147 44 128 50 95 148 62
21 125 111 57 218 160 137 198 4 56 158 211 156 32 85 189 138 179 124 233 74 48
16 25 135 7 237 220 238 221 71 222 136 241 171 217 30 176 82
19 100 219 213 155 183 203 235 121 31 242 205 29 96 223 129 103 186 24 88
15 67 153 214 70 36 157 181 64 245 228 27 120 40 236 91
17 244 115 89 0 184 204 172 178 108 9 23 141 232 83 152 166 6
17 230 134 227 190 61 240 75 146 68 15 173 187 185 208 201 196 5
15 60 65 123 239 139 98 18 42 206 243 195 246 113 131 84
15 45 194 13 54 142 79 26 38 159 107 174 21 126 16 80
22 11 39 55 90 248 234 215 110 101 105 72 225 161 149 140 169 182 63 58 114 81 162
17 99 193 127 199 28 109 86 43 51 8 216 106 116 102 180 210 94
17 10 69 2 17 150 53 12 47 117 130 202 143 77 151 188 97 66
15 175 132 34 154 168 209 164 119 112 73 118 224 145 46 249

Total makespan: 230

