10
27 234 236 222 226 35 53 183 97 187 205 142 241 44 199 96 172 21 16 162 29 242 113 103 175 33 54 181
24 170 248 80 207 71 211 216 91 227 228 99 70 165 240 74 43 196 118 38 231 15 78 65 107
25 179 177 194 178 244 125 105 111 77 10 128 11 184 110 150 127 117 218 28 63 214 133 143 163 12
25 121 18 195 75 201 164 66 58 17 120 161 1 85 24 64 104 108 72 204 189 246 94 191 23 73
25 100 81 225 62 188 249 4 84 106 14 5 48 182 30 215 46 206 141 42 174 139 122 130 32 146
25 229 152 20 0 124 37 41 6 126 50 140 173 2 148 200 209 158 230 129 7 159 197 220 22 68
26 90 19 25 67 221 169 92 144 176 40 235 86 49 245 180 3 151 76 203 208 213 202 89 171 27 69
28 185 238 109 219 31 134 87 217 237 61 186 8 34 145 13 36 198 193 160 26 190 154 52 155 82 138 147 247
18 79 232 45 239 116 137 112 135 136 39 115 47 95 149 167 156 101 55
27 131 60 224 157 119 132 114 153 93 223 56 210 51 192 88 98 168 83 233 59 166 102 212 9 57 123 243

Total makespan: 368

