25
11 198 40 129 100 162 173 127 219 239 192 25
8 77 188 7 103 143 231 49 52
10 216 107 109 10 27 244 201 87 213 178
12 202 130 16 39 74 227 19 245 56 50 13 85
6 182 187 14 37 211 185
9 102 148 203 57 70 62 131 82 196
12 235 120 232 195 115 205 175 18 193 101 108 6
12 240 29 90 220 207 145 154 141 71 1 86 113
12 172 164 149 212 135 221 137 134 84 176 43 21
9 72 189 89 170 125 0 46 12 226
13 28 5 209 133 152 179 146 33 11 35 31 144 123
10 26 68 230 233 38 206 136 155 22 79
8 55 8 88 234 237 53 181 160
7 83 174 150 48 138 44 168
10 126 183 222 163 97 208 197 157 2 54
10 106 214 204 159 47 228 194 217 78 225
11 140 81 95 32 238 161 241 242 199 186 139
10 121 4 20 151 191 96 51 98 249 122
11 76 63 112 177 190 167 80 215 171 93 34
9 200 210 9 59 116 17 15 124 156
10 247 117 60 180 118 184 41 23 45 91
9 94 75 169 243 30 114 104 223 111
11 165 153 99 128 58 92 166 3 132 147 224
10 24 64 36 61 158 69 73 218 66 67
10 142 42 119 246 248 110 229 236 65 105

Total makespan: 109

