30
8 203 55 248 165 168 115 179 58
10 134 132 78 82 124 16 13 128 131 210
11 17 30 39 196 199 34 206 61 178 123 189
10 95 28 10 188 36 5 35 38 69 231
7 11 116 215 129 193 42 233
8 149 234 170 150 62 20 144 98
9 4 52 136 217 110 175 182 24 238
8 228 57 51 18 67 44 121 21
8 174 226 120 64 71 181 31 81
8 22 12 201 222 227 53 133 102
11 125 103 164 72 60 65 8 37 183 187 3
6 240 43 77 48 109 112
8 148 224 6 40 220 173 241 216
8 246 237 114 41 247 229 213 91
6 59 33 130 191 205 223
7 239 84 87 88 97 200 90
9 86 118 66 157 245 190 212 166 74
8 127 45 106 192 162 50 32 177
9 23 197 151 105 56 230 25 143 101
8 108 202 163 204 54 80 161 0
11 70 83 244 111 232 180 19 2 9 138 154
9 117 96 242 198 219 29 243 167 176
9 211 75 171 142 141 99 14 160 225
7 137 194 63 93 221 47 26
8 135 147 172 85 79 145 209 68
8 152 236 208 122 195 214 159 94
6 113 126 140 184 7 119
9 46 218 92 89 186 153 107 139 185
10 76 158 73 146 249 155 15 169 27 100
6 1 156 104 49 235 207

Total makespan: 86

