30
6 220 83 229 20 122 241
8 107 170 121 166 22 155 247 173
10 227 224 2 199 130 60 115 135 201 221
8 222 198 106 95 154 98 103 65
6 158 39 165 61 141 206
8 152 153 203 104 215 123 182 15
9 200 93 185 114 136 119 163 9 70
10 202 180 0 6 143 219 237 34 48 80
8 25 17 171 192 67 1 97 64
6 10 169 87 138 66 84
12 69 81 105 75 33 92 146 55 175 172 228 5
9 167 85 184 196 13 240 110 41 63
10 233 51 124 118 239 50 79 225 133 53
7 76 44 59 234 73 187 62
7 139 32 176 58 194 149 52
7 94 109 249 189 12 191 232
4 211 235 179 18
9 197 77 74 151 150 16 168 23 116
8 19 157 213 193 216 246 68 56
12 244 137 86 112 145 205 209 177 214 223 4 43
9 113 45 49 131 24 183 90 126 11
11 99 108 117 161 160 144 208 174 57 35 245
10 40 128 210 82 120 3 47 28 181 91
7 8 30 164 238 134 236 36
7 29 101 142 96 186 140 42
8 231 190 204 71 7 100 147 54
8 26 31 125 111 102 217 156 27
8 188 88 226 37 14 242 148 89
6 127 178 230 195 159 78
12 132 212 243 46 162 38 72 129 21 207 218 248

Total makespan: 150

