25
12 96 183 184 90 166 209 24 159 218 99 176 103
10 214 3 107 86 26 178 213 9 68 152
9 38 224 78 97 133 85 32 0 91
10 4 171 2 59 142 247 204 74 179 153
9 205 227 144 177 21 130 6 119 151
11 168 100 148 89 118 203 17 137 40 167 150
10 83 182 199 139 25 94 104 193 48 81
11 208 39 196 8 246 52 7 245 216 46 110
9 27 73 111 128 66 239 16 146 185
8 13 175 117 220 129 10 244 147
9 109 71 45 141 156 186 35 223 169
11 201 12 124 120 51 189 65 158 79 194 11
8 31 88 240 116 75 219 230 173
11 82 249 217 154 50 76 197 145 36 62 84
11 92 143 221 64 69 155 228 225 174 123 226
10 28 131 93 14 238 122 37 187 101 20
11 160 33 105 215 87 47 165 157 121 192 163
13 98 180 42 113 127 234 125 19 135 212 210 202 207
10 164 23 235 181 229 115 190 243 30 60
11 206 56 108 112 191 248 41 170 18 132 198
12 63 200 195 102 233 15 140 34 134 55 72 211
9 188 77 67 136 106 231 241 49 70
9 58 114 22 43 126 80 53 232 236
6 61 222 172 54 161 162
10 44 149 242 57 5 1 237 29 95 138

Total makespan: 62

