20
6 77 136 31 14 116 -1
3 22 86 149
6 134 106 58 55 20 48
5 117 72 148 68 126
5 112 43 113 78 63
9 89 25 46 128 29 56 13 110 143
2 69 30
8 127 124 105 135 82 91 76 2
7 84 70 138 35 3 19 26
4 49 79 144 97
1 94
3 16 39 98
9 74 47 28 60 50 15 145 73 115
3 32 140 103
6 83 93 24 147 52 125
4 66 0 137 129
1 57
5 67 21 65 96 51
1 133
7 7 33 92 109 107 139 102

Total makespan: 63

20
6 77 136 31 14 116 -1
3 22 86 149
6 134 106 58 55 20 48
5 117 72 148 68 126
5 112 43 113 78 63
9 89 25 46 128 29 56 13 110 143
2 69 30
8 127 124 105 135 82 91 76 2
7 84 70 138 35 3 19 26
4 49 79 144 97
1 94
3 16 39 98
9 74 47 28 60 50 15 145 73 115
3 32 140 103
6 83 93 24 147 52 125
4 66 0 137 129
1 57
5 67 21 65 96 51
1 133
7 7 33 92 109 107 139 102

Total makespan: 63

20
6 77 136 31 14 116 -1
3 22 86 149
6 134 106 58 55 20 48
5 117 72 148 68 126
5 112 43 113 78 63
9 89 25 46 128 29 56 13 110 143
2 69 30
8 127 124 105 135 82 91 76 2
7 84 70 138 35 3 19 26
4 49 79 144 97
1 94
3 16 39 98
9 74 47 28 60 50 15 145 73 115
3 32 140 103
6 83 93 24 147 52 125
4 66 0 137 129
1 57
5 67 21 65 96 51
1 133
7 7 33 92 109 107 139 102

Total makespan: 63

20
6 77 136 31 14 116 -1
3 22 86 149
6 134 106 58 55 20 48
5 117 72 148 68 126
5 112 43 113 78 63
9 89 25 46 128 29 56 13 110 143
2 69 30
8 127 124 105 135 82 91 76 2
7 84 70 138 35 3 19 26
4 49 79 144 97
1 94
3 16 39 98
9 74 47 28 60 50 15 145 73 115
3 32 140 103
6 83 93 24 147 52 125
4 66 0 137 129
1 57
5 67 21 65 96 51
1 133
7 7 33 92 109 107 139 102

Total makespan: 63

20
7 14 31 38 77 114 116 136
7 1 17 18 22 44 86 149
6 20 48 55 58 106 134
5 68 72 117 126 148
5 43 63 78 112 113
9 13 25 29 46 56 89 110 128 143
5 30 61 69 71 121
8 2 76 82 91 105 124 127 135
7 3 19 26 35 70 84 138
8 41 49 59 79 97 122 132 144
7 36 37 53 94 101 108 120
8 16 39 75 98 99 111 130 146
9 15 28 47 50 60 73 74 115 145
13 9 32 40 45 62 80 81 90 100 103 118 123 140
9 24 52 54 83 88 93 95 125 147
8 0 8 27 66 87 119 129 137
7 5 6 23 34 42 57 141
7 4 21 51 65 67 96 142
8 10 11 12 64 85 104 131 133
7 7 33 92 102 107 109 139

Total makespan: 63

20
7 14 31 38 77 114 116 136
7 1 17 18 22 44 86 149
6 20 48 55 58 106 134
5 68 72 117 126 148
5 43 63 78 112 113
9 13 25 29 46 56 89 110 128 143
5 30 61 69 71 121
8 2 76 82 91 105 124 127 135
7 3 19 26 35 70 84 138
8 41 49 59 79 97 122 132 144
7 36 37 53 94 101 108 120
8 16 39 75 98 99 111 130 146
9 15 28 47 50 60 73 74 115 145
13 9 32 40 45 62 80 81 90 100 103 118 123 140
9 24 52 54 83 88 93 95 125 147
8 0 8 27 66 87 119 129 137
7 5 6 23 34 42 57 141
7 4 21 51 65 67 96 142
8 10 11 12 64 85 104 131 133
7 7 33 92 102 107 109 139

Total makespan: 63

20
7 14 31 38 77 114 116 136
7 1 17 18 22 44 86 149
6 20 48 55 58 106 134
5 68 72 117 126 148
5 43 63 78 112 113
9 13 25 29 46 56 89 110 128 143
5 30 61 69 71 121
8 2 76 82 91 105 124 127 135
7 3 19 26 35 70 84 138
8 41 49 59 79 97 122 132 144
7 36 37 53 94 101 108 120
8 16 39 75 98 99 111 130 146
9 15 28 47 50 60 73 74 115 145
13 9 32 40 45 62 80 81 90 100 103 118 123 140
9 24 52 54 83 88 93 95 125 147
8 0 8 27 66 87 119 129 137
7 5 6 23 34 42 57 141
7 4 21 51 65 67 96 142
8 10 11 12 64 85 104 131 133
7 7 33 92 102 107 109 139

Total makespan: 63

20
7 31 14 116 136 114 38 77
7 22 86 149 44 1 17 18
6 134 106 58 55 20 48
5 117 72 148 68 126
5 112 43 113 78 63
9 13 110 143 89 25 46 128 29 56
5 69 61 121 71 30
8 127 124 105 135 76 2 82 91
7 84 70 138 35 3 19 26
8 49 132 122 41 59 79 144 97
7 101 36 120 108 53 37 94
8 16 39 98 99 75 130 146 111
9 74 47 28 60 50 15 145 73 115
13 100 9 40 62 90 118 45 81 123 80 32 140 103
9 83 93 24 52 95 88 54 147 125
8 137 129 27 8 66 0 119 87
7 57 23 5 141 6 42 34
7 142 4 67 21 65 96 51
8 131 11 12 10 104 85 64 133
7 7 33 92 109 107 139 102

Total makespan: 64

20
7 31 14 116 136 114 38 77
8 78 86 18 68 1 149 44 22
6 134 106 20 49 55 48
5 117 72 148 37 126
5 63 66 112 43 113
7 46 128 13 127 56 29 143
5 69 61 121 71 30
9 124 2 25 91 82 132 105 135 76
7 84 70 138 35 3 19 26
7 122 41 59 79 144 97 94
7 36 120 108 83 58 53 101
8 16 39 98 146 111 130 75 99
9 74 47 28 60 50 15 145 73 115
13 100 9 40 62 90 118 45 81 123 80 32 140 103
10 93 24 119 54 147 52 125 6 95 88
7 8 27 0 137 129 17 87
7 57 141 23 5 133 42 34
7 142 4 67 21 65 96 51
9 131 64 12 33 110 85 10 104 11
7 92 109 107 139 102 89 7

Total makespan: 63

20
16 79 92 38 114 135 64 31 14 26 136 82 126 116 67 77 121
14 68 17 18 41 149 52 44 22 23 1 57 78 86 144
5 134 106 49 55 48
2 32 146
8 43 84 63 66 140 30 113 94
6 72 36 143 29 56 46
3 69 61 71
7 127 124 105 76 2 25 91
4 130 138 35 3
4 97 132 122 59
5 58 37 108 53 101
5 16 39 98 99 111
8 74 145 73 115 47 28 60 50
10 103 117 80 118 100 9 40 62 90 128
10 83 93 24 119 54 147 125 6 95 88
5 137 129 27 0 87
6 148 42 34 123 5 141
6 142 4 65 96 51 21
21 70 131 20 110 75 33 8 13 12 102 10 15 133 81 19 104 11 120 112 45 85
5 139 109 107 89 7

Total makespan: 226

20
7 31 14 116 136 114 38 77
8 78 86 18 68 1 149 44 22
6 134 106 20 49 55 48
5 117 72 148 37 126
5 63 66 112 43 113
7 46 128 13 127 56 29 143
5 69 61 121 71 30
9 124 2 25 91 82 132 105 135 76
7 84 70 138 35 3 19 26
7 122 41 59 79 144 97 94
7 36 120 108 83 58 53 101
8 16 39 98 146 111 130 75 99
9 74 47 28 60 50 15 145 73 115
13 100 9 40 62 90 118 45 81 123 80 32 140 103
10 93 24 119 54 147 52 125 6 95 88
7 8 27 0 137 129 17 87
7 57 141 23 5 133 42 34
7 142 4 67 21 65 96 51
9 131 64 12 33 110 85 10 104 11
7 92 109 107 139 102 89 7

Total makespan: 63

20
7 31 14 116 136 114 38 77
8 78 86 18 68 1 149 44 22
6 134 106 20 49 55 48
5 117 72 148 37 126
5 63 66 112 43 113
7 46 128 13 127 56 29 143
5 69 61 121 71 30
9 124 2 25 91 82 132 105 135 76
7 84 70 138 35 3 19 26
7 122 41 59 79 144 97 94
7 36 120 108 83 58 53 101
8 16 39 98 146 111 130 75 99
9 74 47 28 60 50 15 145 73 115
13 100 9 40 62 90 118 45 81 123 80 32 140 103
10 93 24 119 54 147 52 125 6 95 88
7 8 27 0 137 129 17 87
7 57 141 23 5 133 42 34
7 142 4 67 21 65 96 51
9 131 64 12 33 110 85 10 104 11
7 92 109 107 139 102 89 7

Total makespan: 63

