10
17 22 187 66 33 10 167 56 123 75 164 118 181 35 189 29 41 -1
5 11 12 197 28 124
20 105 151 198 51 161 101 74 23 173 47 31 85 171 110 153 130 55 163 68 157
16 193 88 20 145 132 0 147 141 117 24 172 144 71 82 59 38
3 30 7 73
4 48 148 79 127
3 115 57 94
2 158 195
14 180 162 182 69 21 134 91 168 192 9 42 2 135 84
17 190 103 49 196 109 80 32 112 87 114 133 104 70 129 95 177 18

Total makespan: 241

10
17 22 187 66 33 10 167 56 123 75 164 118 181 35 189 29 41 -1
5 11 12 197 28 124
20 105 151 198 51 161 101 74 23 173 47 31 85 171 110 153 130 55 163 68 157
16 193 88 20 145 132 0 147 141 117 24 172 144 71 82 59 38
3 30 7 73
4 48 148 79 127
3 115 57 94
2 158 195
14 180 162 182 69 21 134 91 168 192 9 42 2 135 84
17 190 103 49 196 109 80 32 112 87 114 133 104 70 129 95 177 18

Total makespan: 241

10
17 22 187 66 33 10 167 56 123 75 164 118 181 35 189 29 41 -1
5 11 12 197 28 124
20 105 151 198 51 161 101 74 23 173 47 31 85 171 110 153 130 55 163 68 157
16 193 88 20 145 132 0 147 141 117 24 172 144 71 82 59 38
3 30 7 73
4 48 148 79 127
3 115 57 94
2 158 195
14 180 162 182 69 21 134 91 168 192 9 42 2 135 84
17 190 103 49 196 109 80 32 112 87 114 133 104 70 129 95 177 18

Total makespan: 241

10
17 22 187 66 33 10 167 56 123 75 164 118 181 35 189 29 41 -1
5 11 12 197 28 124
20 105 151 198 51 161 101 74 23 173 47 31 85 171 110 153 130 55 163 68 157
16 193 88 20 145 132 0 147 141 117 24 172 144 71 82 59 38
3 30 7 73
4 48 148 79 127
3 115 57 94
2 158 195
14 180 162 182 69 21 134 91 168 192 9 42 2 135 84
17 190 103 49 196 109 80 32 112 87 114 133 104 70 129 95 177 18

Total makespan: 241

10
16 10 22 29 33 35 41 56 66 75 118 123 164 167 181 187 189
14 11 12 14 28 36 45 46 90 99 106 124 131 191 197
20 23 31 47 51 55 68 74 85 101 105 110 130 151 153 157 161 163 171 173 198
25 0 3 5 20 24 25 38 43 59 64 71 82 88 89 96 107 117 128 132 141 144 145 147 172 193
20 1 6 7 17 27 30 34 58 63 67 72 73 92 119 120 122 137 142 178 183
20 48 50 53 77 78 79 98 102 111 125 126 127 148 149 152 155 156 170 174 184
22 19 39 40 52 57 60 61 62 81 83 94 108 113 115 116 121 136 159 160 166 179 185
20 8 13 15 26 37 65 76 86 93 100 138 139 140 143 146 150 158 165 176 195
22 2 9 21 42 54 69 84 91 134 135 154 162 168 169 175 180 182 186 188 192 194 199
21 4 16 18 32 44 49 70 80 87 95 97 103 104 109 112 114 129 133 177 190 196

Total makespan: 241

10
16 10 22 29 33 35 41 56 66 75 118 123 164 167 181 187 189
14 11 12 14 28 36 45 46 90 99 106 124 131 191 197
20 23 31 47 51 55 68 74 85 101 105 110 130 151 153 157 161 163 171 173 198
25 0 3 5 20 24 25 38 43 59 64 71 82 88 89 96 107 117 128 132 141 144 145 147 172 193
20 1 6 7 17 27 30 34 58 63 67 72 73 92 119 120 122 137 142 178 183
20 48 50 53 77 78 79 98 102 111 125 126 127 148 149 152 155 156 170 174 184
22 19 39 40 52 57 60 61 62 81 83 94 108 113 115 116 121 136 159 160 166 179 185
20 8 13 15 26 37 65 76 86 93 100 138 139 140 143 146 150 158 165 176 195
22 2 9 21 42 54 69 84 91 134 135 154 162 168 169 175 180 182 186 188 192 194 199
21 4 16 18 32 44 49 70 80 87 95 97 103 104 109 112 114 129 133 177 190 196

Total makespan: 241

10
16 10 22 29 33 35 41 56 66 75 118 123 164 167 181 187 189
14 11 12 14 28 36 45 46 90 99 106 124 131 191 197
20 23 31 47 51 55 68 74 85 101 105 110 130 151 153 157 161 163 171 173 198
25 0 3 5 20 24 25 38 43 59 64 71 82 88 89 96 107 117 128 132 141 144 145 147 172 193
20 1 6 7 17 27 30 34 58 63 67 72 73 92 119 120 122 137 142 178 183
20 48 50 53 77 78 79 98 102 111 125 126 127 148 149 152 155 156 170 174 184
22 19 39 40 52 57 60 61 62 81 83 94 108 113 115 116 121 136 159 160 166 179 185
20 8 13 15 26 37 65 76 86 93 100 138 139 140 143 146 150 158 165 176 195
22 2 9 21 42 54 69 84 91 134 135 154 162 168 169 175 180 182 186 188 192 194 199
21 4 16 18 32 44 49 70 80 87 95 97 103 104 109 112 114 129 133 177 190 196

Total makespan: 241

10
16 22 187 66 33 10 167 56 123 75 164 118 181 35 189 29 41
14 36 46 99 45 106 90 14 191 131 11 12 197 28 124
20 105 151 198 51 161 101 74 23 173 47 31 85 171 110 153 130 55 163 68 157
25 3 107 89 96 25 43 64 5 128 193 88 20 145 132 0 147 141 117 24 172 144 71 82 59 38
20 34 63 183 27 120 72 67 142 119 92 58 6 1 137 122 17 178 30 7 73
20 78 152 156 126 98 125 102 149 174 50 111 184 77 53 155 170 48 148 79 127
22 108 185 81 83 159 179 113 166 115 39 61 52 116 160 40 19 136 62 121 60 57 94
20 13 143 140 150 176 93 138 37 15 76 65 86 8 100 165 158 195 26 146 139
22 169 180 162 182 168 192 9 42 2 135 186 175 54 154 188 194 199 91 69 21 134 84
21 190 103 49 4 16 97 44 109 80 196 32 112 87 114 133 104 70 129 95 177 18

Total makespan: 245

10
14 22 187 66 141 123 75 164 118 181 35 10 167 56 117
15 36 46 197 28 12 15 11 191 148 59 99 45 90 14 106
20 105 151 198 23 173 47 31 85 100 51 161 101 130 55 171 110 76 163 68 157
27 5 189 44 107 89 96 25 150 65 88 20 43 3 113 38 91 193 172 33 24 144 145 132 0 147 71 82
20 30 7 73 135 58 6 1 137 122 17 183 27 120 72 67 142 119 178 92 131
21 78 48 153 152 156 126 40 98 125 102 149 174 50 111 184 77 53 155 79 127 124
22 19 136 62 115 185 41 34 57 94 170 61 52 116 160 128 83 159 179 81 39 166 108
19 13 86 143 140 176 93 138 37 146 139 74 16 158 195 26 64 162 165 8
21 169 186 175 54 97 2 21 134 84 60 69 9 42 182 168 192 180 154 188 194 199
21 177 18 121 196 109 80 32 112 49 4 29 87 114 133 104 70 129 95 63 190 103

Total makespan: 245

10
18 22 181 35 10 167 56 123 75 63 164 29 41 2 28 173 189 187 66
9 106 36 46 11 191 159 99 197 59
21 178 153 130 55 163 68 157 101 74 23 31 85 45 118 192 47 105 151 198 51 161
33 20 145 113 33 24 144 71 150 65 88 180 172 82 19 117 116 128 132 0 147 141 131 91 193 110 25 43 3 107 89 96 5 38
18 119 17 183 27 120 1 137 92 104 72 67 142 30 7 73 135 58 6
24 90 97 78 152 156 149 174 80 125 50 127 124 126 40 98 102 111 184 77 53 155 170 48 148
21 179 81 83 61 52 176 115 185 136 62 79 160 39 166 108 12 121 60 34 57 94
20 64 16 13 8 100 165 158 195 122 139 93 138 37 15 76 26 146 86 143 140
17 168 162 182 69 21 134 84 9 42 169 186 175 54 154 188 194 199
19 190 103 49 44 4 14 114 133 196 32 112 109 87 70 129 171 95 177 18

Total makespan: 342

10
14 22 187 66 141 123 75 164 118 181 35 10 167 56 117
15 36 46 197 28 12 15 11 191 148 59 99 45 90 14 106
20 105 151 198 23 173 47 31 85 100 51 161 101 130 55 171 110 76 163 68 157
27 5 189 44 107 89 96 25 150 65 88 20 43 3 113 38 91 193 172 33 24 144 145 132 0 147 71 82
20 30 7 73 135 58 6 1 137 122 17 183 27 120 72 67 142 119 178 92 131
21 78 48 153 152 156 126 40 98 125 102 149 174 50 111 184 77 53 155 79 127 124
22 19 136 62 115 185 41 34 57 94 170 61 52 116 160 128 83 159 179 81 39 166 108
19 13 86 143 140 176 93 138 37 146 139 74 16 158 195 26 64 162 165 8
21 169 186 175 54 97 2 21 134 84 60 69 9 42 182 168 192 180 154 188 194 199
21 177 18 121 196 109 80 32 112 49 4 29 87 114 133 104 70 129 95 63 190 103

Total makespan: 245

10
14 22 187 66 141 123 75 164 118 181 35 10 167 56 117
15 36 46 197 28 12 15 11 191 148 59 99 45 90 14 106
20 105 151 198 23 173 47 31 85 100 51 161 101 130 55 171 110 76 163 68 157
27 5 189 44 107 89 96 25 150 65 88 20 43 3 113 38 91 193 172 33 24 144 145 132 0 147 71 82
20 30 7 73 135 58 6 1 137 122 17 183 27 120 72 67 142 119 178 92 131
21 78 48 153 152 156 126 40 98 125 102 149 174 50 111 184 77 53 155 79 127 124
22 19 136 62 115 185 41 34 57 94 170 61 52 116 160 128 83 159 179 81 39 166 108
19 13 86 143 140 176 93 138 37 146 139 74 16 158 195 26 64 162 165 8
21 169 186 175 54 97 2 21 134 84 60 69 9 42 182 168 192 180 154 188 194 199
21 177 18 121 196 109 80 32 112 49 4 29 87 114 133 104 70 129 95 63 190 103

Total makespan: 245

