20
11 39 64 47 109 235 106 232 176 113 134 -1
6 119 218 66 195 10 163
3 158 203 179
6 50 247 104 60 200 41
1 165
14 243 230 19 183 96 152 241 166 169 4 98 175 76 86
5 28 54 225 115 3
12 29 14 89 73 71 233 137 95 186 231 182 156
11 142 114 2 170 70 211 74 37 159 222 16
8 5 84 202 124 191 210 147 236
2 215 30
6 217 173 52 87 36 34
9 204 31 57 146 78 228 117 244 21
12 178 35 161 63 199 13 184 25 132 12 167 239
4 198 139 120 81
9 205 90 213 131 248 194 68 111 127
7 157 32 75 15 46 61 83
12 53 188 92 197 49 40 121 192 107 33 141 62
2 20 43
6 151 1 168 93 91 48

Total makespan: 111

20
11 39 64 47 109 235 106 232 176 113 134 -1
6 119 218 66 195 10 163
3 158 203 179
6 50 247 104 60 200 41
1 165
14 243 230 19 183 96 152 241 166 169 4 98 175 76 86
5 28 54 225 115 3
12 29 14 89 73 71 233 137 95 186 231 182 156
11 142 114 2 170 70 211 74 37 159 222 16
8 5 84 202 124 191 210 147 236
2 215 30
6 217 173 52 87 36 34
9 204 31 57 146 78 228 117 244 21
12 178 35 161 63 199 13 184 25 132 12 167 239
4 198 139 120 81
9 205 90 213 131 248 194 68 111 127
7 157 32 75 15 46 61 83
12 53 188 92 197 49 40 121 192 107 33 141 62
2 20 43
6 151 1 168 93 91 48

Total makespan: 111

20
11 39 64 47 109 235 106 232 176 113 134 -1
6 119 218 66 195 10 163
3 158 203 179
6 50 247 104 60 200 41
1 165
14 243 230 19 183 96 152 241 166 169 4 98 175 76 86
5 28 54 225 115 3
12 29 14 89 73 71 233 137 95 186 231 182 156
11 142 114 2 170 70 211 74 37 159 222 16
8 5 84 202 124 191 210 147 236
2 215 30
6 217 173 52 87 36 34
9 204 31 57 146 78 228 117 244 21
12 178 35 161 63 199 13 184 25 132 12 167 239
4 198 139 120 81
9 205 90 213 131 248 194 68 111 127
7 157 32 75 15 46 61 83
12 53 188 92 197 49 40 121 192 107 33 141 62
2 20 43
6 151 1 168 93 91 48

Total makespan: 111

20
11 39 64 47 109 235 106 232 176 113 134 -1
6 119 218 66 195 10 163
3 158 203 179
6 50 247 104 60 200 41
1 165
14 243 230 19 183 96 152 241 166 169 4 98 175 76 86
5 28 54 225 115 3
12 29 14 89 73 71 233 137 95 186 231 182 156
11 142 114 2 170 70 211 74 37 159 222 16
8 5 84 202 124 191 210 147 236
2 215 30
6 217 173 52 87 36 34
9 204 31 57 146 78 228 117 244 21
12 178 35 161 63 199 13 184 25 132 12 167 239
4 198 139 120 81
9 205 90 213 131 248 194 68 111 127
7 157 32 75 15 46 61 83
12 53 188 92 197 49 40 121 192 107 33 141 62
2 20 43
6 151 1 168 93 91 48

Total makespan: 111

20
14 39 47 64 106 108 109 113 123 134 155 176 206 232 235
13 6 8 9 10 11 66 79 119 128 163 195 218 226
12 56 59 80 88 94 116 144 145 149 158 179 203
13 26 38 41 50 60 77 85 104 105 200 214 223 247
15 0 17 23 24 44 67 97 103 148 165 187 193 196 201 208
14 4 19 76 86 96 98 152 166 169 175 183 230 241 243
14 3 28 54 82 112 115 126 135 143 177 212 225 234 249
19 14 29 51 58 71 72 73 89 95 137 140 156 160 171 182 186 224 231 233
11 2 16 37 70 74 114 142 159 170 211 222
16 5 7 55 84 122 124 129 133 147 162 164 191 202 210 236 245
10 22 27 30 118 130 150 174 207 215 238
11 18 34 36 52 87 99 102 153 173 217 221
9 21 31 57 78 117 146 204 228 244
12 12 13 25 35 63 132 161 167 178 184 199 239
10 69 81 101 120 139 180 198 220 240 246
11 68 90 111 127 131 194 205 209 213 216 248
11 15 32 45 46 61 75 83 157 172 237 242
12 33 40 49 53 62 92 107 121 141 188 192 197
11 20 42 43 100 110 136 154 181 189 190 227
12 1 48 65 91 93 125 138 151 168 185 219 229

Total makespan: 111

20
14 39 47 64 106 108 109 113 123 134 155 176 206 232 235
13 6 8 9 10 11 66 79 119 128 163 195 218 226
12 56 59 80 88 94 116 144 145 149 158 179 203
13 26 38 41 50 60 77 85 104 105 200 214 223 247
15 0 17 23 24 44 67 97 103 148 165 187 193 196 201 208
14 4 19 76 86 96 98 152 166 169 175 183 230 241 243
14 3 28 54 82 112 115 126 135 143 177 212 225 234 249
19 14 29 51 58 71 72 73 89 95 137 140 156 160 171 182 186 224 231 233
11 2 16 37 70 74 114 142 159 170 211 222
16 5 7 55 84 122 124 129 133 147 162 164 191 202 210 236 245
10 22 27 30 118 130 150 174 207 215 238
11 18 34 36 52 87 99 102 153 173 217 221
9 21 31 57 78 117 146 204 228 244
12 12 13 25 35 63 132 161 167 178 184 199 239
10 69 81 101 120 139 180 198 220 240 246
11 68 90 111 127 131 194 205 209 213 216 248
11 15 32 45 46 61 75 83 157 172 237 242
12 33 40 49 53 62 92 107 121 141 188 192 197
11 20 42 43 100 110 136 154 181 189 190 227
12 1 48 65 91 93 125 138 151 168 185 219 229

Total makespan: 111

20
14 39 47 64 106 108 109 113 123 134 155 176 206 232 235
13 6 8 9 10 11 66 79 119 128 163 195 218 226
12 56 59 80 88 94 116 144 145 149 158 179 203
13 26 38 41 50 60 77 85 104 105 200 214 223 247
15 0 17 23 24 44 67 97 103 148 165 187 193 196 201 208
14 4 19 76 86 96 98 152 166 169 175 183 230 241 243
14 3 28 54 82 112 115 126 135 143 177 212 225 234 249
19 14 29 51 58 71 72 73 89 95 137 140 156 160 171 182 186 224 231 233
11 2 16 37 70 74 114 142 159 170 211 222
16 5 7 55 84 122 124 129 133 147 162 164 191 202 210 236 245
10 22 27 30 118 130 150 174 207 215 238
11 18 34 36 52 87 99 102 153 173 217 221
9 21 31 57 78 117 146 204 228 244
12 12 13 25 35 63 132 161 167 178 184 199 239
10 69 81 101 120 139 180 198 220 240 246
11 68 90 111 127 131 194 205 209 213 216 248
11 15 32 45 46 61 75 83 157 172 237 242
12 33 40 49 53 62 92 107 121 141 188 192 197
11 20 42 43 100 110 136 154 181 189 190 227
12 1 48 65 91 93 125 138 151 168 185 219 229

Total makespan: 111

20
14 39 64 47 109 235 106 155 206 123 108 232 176 113 134
13 119 8 6 11 218 66 195 10 9 79 128 226 163
12 158 203 149 56 145 144 94 88 116 80 59 179
13 105 85 38 223 214 77 26 50 247 104 60 200 41
15 165 67 187 23 201 103 0 17 44 24 208 97 193 196 148
14 243 230 19 183 96 152 241 166 169 4 98 175 76 86
14 177 126 143 212 135 249 112 234 82 28 54 225 115 3
19 71 233 137 95 186 231 182 156 73 160 171 224 14 89 58 51 29 72 140
11 142 114 2 170 70 211 74 37 159 222 16
16 5 84 202 124 191 210 147 236 7 122 164 55 162 133 245 129
10 215 30 174 118 238 150 22 27 130 207
11 217 173 52 87 36 34 102 221 99 18 153
9 204 31 57 146 78 228 117 244 21
12 178 35 161 63 199 13 184 25 132 12 167 239
10 198 139 120 81 101 240 180 220 246 69
11 205 90 213 131 209 216 248 194 68 111 127
11 157 32 75 237 172 242 45 15 46 61 83
12 53 188 92 40 121 192 62 107 33 141 197 49
11 154 100 190 110 20 189 181 42 136 227 43
12 219 65 125 185 229 138 151 1 168 93 91 48

Total makespan: 117

20
12 113 206 123 108 232 109 235 173 39 72 244 106
14 119 218 66 195 10 6 11 128 226 50 8 79 9 193
11 217 94 88 116 80 59 149 56 52 179 158
13 215 223 214 77 26 38 105 85 155 104 60 200 41
13 148 196 165 67 187 23 201 145 24 208 97 17 176
15 76 161 230 19 183 96 152 47 249 243 166 169 4 98 86
14 20 112 234 82 177 126 143 225 115 54 90 135 212 203
19 140 137 95 186 231 182 156 73 160 13 171 134 71 233 58 51 29 14 89
11 222 16 37 159 114 2 170 70 211 74 199
16 5 84 202 124 191 210 147 236 7 122 164 55 162 133 245 129
9 30 174 118 238 150 22 27 130 207
10 81 34 103 142 221 102 87 18 153 99
12 175 3 247 28 204 36 57 146 78 228 117 21
9 178 35 31 92 132 12 167 25 184
11 198 139 120 101 240 180 220 239 69 241 246
13 205 68 111 127 44 64 213 131 209 216 248 194 63
12 75 237 172 242 45 15 46 61 83 32 125 157
13 107 33 141 197 49 192 62 0 188 40 121 163 53
12 100 190 110 154 224 181 189 144 42 136 227 43
11 185 229 138 151 219 65 1 168 93 91 48

Total makespan: 119

20
12 176 180 206 123 108 232 109 235 173 39 72 244
11 189 230 193 105 119 8 79 10 6 11 128
12 158 203 52 179 149 56 217 94 88 116 80 157
11 60 85 38 223 214 117 77 26 50 41 51
17 59 174 24 208 148 196 67 187 23 201 103 0 17 44 154 87 165
12 243 96 152 241 166 169 4 98 183 106 86 93
14 249 20 118 47 112 234 82 177 126 143 212 135 97 225
15 140 137 54 95 186 231 29 14 89 73 160 171 134 71 233
13 142 211 74 37 159 114 2 170 155 195 222 16 226
17 5 84 192 202 124 136 122 164 55 7 210 147 236 245 129 162 133
10 215 30 66 238 150 22 27 130 207 218
11 68 34 58 81 102 221 200 153 99 18 182
11 228 36 78 146 28 204 31 115 3 247 21
12 178 35 161 216 92 199 13 184 25 132 12 167
9 198 139 120 246 69 101 239 220 194
16 64 209 156 224 205 90 213 63 76 104 237 191 131 248 111 127
10 172 242 45 15 46 61 83 32 75 113
13 62 107 33 141 188 40 121 163 53 57 240 197 49
11 190 110 19 100 70 227 42 181 9 144 43
13 219 65 125 185 229 138 151 1 168 175 145 91 48

Total makespan: 120

20
12 176 180 206 123 108 232 109 235 173 39 72 244
11 189 230 193 105 119 8 79 10 6 11 128
12 158 203 52 179 149 56 217 94 88 116 80 157
11 60 85 38 223 214 117 77 26 50 41 51
17 59 174 24 208 148 196 67 187 23 201 103 0 17 44 154 87 165
12 243 96 152 241 166 169 4 98 183 106 86 93
14 249 20 118 47 112 234 82 177 126 143 212 135 97 225
15 140 137 54 95 186 231 29 14 89 73 160 171 134 71 233
13 142 211 74 37 159 114 2 170 155 195 222 16 226
17 5 84 192 202 124 136 122 164 55 7 210 147 236 245 129 162 133
10 215 30 66 238 150 22 27 130 207 218
11 68 34 58 81 102 221 200 153 99 18 182
11 228 36 78 146 28 204 31 115 3 247 21
12 178 35 161 216 92 199 13 184 25 132 12 167
9 198 139 120 246 69 101 239 220 194
16 64 209 156 224 205 90 213 63 76 104 237 191 131 248 111 127
10 172 242 45 15 46 61 83 32 75 113
13 62 107 33 141 188 40 121 163 53 57 240 197 49
11 190 110 19 100 70 227 42 181 9 144 43
13 219 65 125 185 229 138 151 1 168 175 145 91 48

Total makespan: 120

