30
2 39 -1
1 16
3 42 13 22
1 47
2 23 43
1 2
2 44 31
2 0 1
2 33 38
1 37
1 24
1 35
2 6 40
1 25
2 20 8
2 48 26
2 5 19
2 3 29
1 7
1 10
0 
2 17 18
2 21 9
2 36 41
2 34 46
2 11 30
2 14 28
1 45
1 32
1 49

Total makespan: 16

30
2 39 -1
1 16
3 42 13 22
1 47
2 23 43
1 2
2 44 31
2 0 1
2 33 38
1 37
1 24
1 35
2 6 40
1 25
2 20 8
2 48 26
2 5 19
2 3 29
1 7
1 10
0 
2 17 18
2 21 9
2 36 41
2 34 46
2 11 30
2 14 28
1 45
1 32
1 49

Total makespan: 16

30
2 39 -1
1 16
3 24 30 22
1 47
1 23
2 36 42
2 44 31
2 0 1
1 38
1 37
2 43 12
1 35
2 40 6
1 25
2 20 8
2 26 48
3 5 15 19
2 27 3
1 7
1 10
2 29 4
2 18 17
2 9 21
1 41
2 34 46
1 33
2 14 28
1 45
1 32
1 49

Total makespan: 17

30
2 39 -1
1 16
3 24 30 22
1 47
1 23
2 36 42
2 44 31
2 0 1
1 38
1 37
2 43 12
1 35
2 40 6
1 25
2 20 8
2 26 48
3 5 15 19
2 27 3
1 7
1 10
2 29 4
2 18 17
2 9 21
1 41
2 34 46
1 33
2 14 28
1 45
1 32
1 49

Total makespan: 17

30
2 39 -1
1 16
3 24 30 22
1 47
1 23
2 36 42
2 44 31
2 0 1
1 38
1 37
2 43 12
1 35
2 40 6
1 25
2 20 8
2 26 48
3 5 15 19
2 27 3
1 7
1 10
2 29 4
2 18 17
2 9 21
1 41
2 34 46
1 33
2 14 28
1 45
1 32
1 49

Total makespan: 17

30
1 39
1 16
3 13 22 42
1 47
2 23 43
2 11 36
2 31 44
2 0 1
2 33 38
1 37
1 24
1 35
2 6 40
1 25
2 8 20
1 2
3 5 15 19
2 3 29
1 7
1 10
2 4 27
1 46
2 9 21
2 18 41
2 34 48
2 17 30
2 14 28
1 45
1 32
3 12 26 49

Total makespan: 16

30
1 39
1 16
3 42 13 22
1 47
2 23 43
2 36 11
2 44 31
2 0 1
2 38 33
1 37
1 24
1 35
2 40 6
1 25
2 20 8
1 2
3 5 15 19
2 3 29
1 7
1 10
2 27 4
1 46
2 9 21
2 41 18
2 48 34
2 30 17
2 14 28
1 45
1 32
3 49 12 26

Total makespan: 16

30
1 39
1 16
3 42 13 22
1 47
2 23 43
2 36 11
2 44 31
2 0 1
2 38 33
1 37
1 24
1 35
2 40 6
1 25
2 20 8
1 2
3 5 15 19
2 3 29
1 7
1 10
2 27 4
1 46
2 9 21
2 41 18
2 48 34
2 30 17
2 14 28
1 45
1 32
3 49 12 26

Total makespan: 16

30
1 39
1 16
3 42 13 22
1 47
2 23 43
2 36 11
2 44 31
2 0 1
2 38 33
1 37
1 24
1 35
2 40 6
1 25
2 20 8
1 2
3 5 15 19
2 3 29
1 7
1 10
2 27 4
1 46
2 9 21
2 41 18
2 48 34
2 30 17
2 14 28
1 45
1 32
3 49 12 26

Total makespan: 16

30
1 39
1 16
3 42 13 22
1 47
2 23 43
2 36 11
2 44 31
2 0 1
2 38 33
1 37
1 24
1 35
2 40 6
1 25
2 20 8
1 2
3 5 15 19
2 3 29
1 7
1 10
2 27 4
1 46
2 9 21
2 41 18
2 48 34
2 30 17
2 14 28
1 45
1 32
3 49 12 26

Total makespan: 16

30
2 40 32
1 16
3 42 45 22
1 47
1 23
2 36 11
2 31 44
2 1 33
3 2 13 38
1 37
2 12 43
2 35 0
2 29 28
1 25
1 14
2 48 26
2 5 19
2 27 3
1 7
1 10
2 4 8
2 17 24
2 9 21
2 41 6
2 34 46
1 30
1 39
1 20
1 18
2 49 15

Total makespan: 16

30
2 40 32
1 16
3 42 45 22
1 47
1 23
2 36 11
2 31 44
2 1 33
3 2 13 38
1 37
2 12 43
2 35 0
2 29 28
1 25
1 14
2 48 26
2 5 19
2 27 3
1 7
1 10
2 4 8
2 17 24
2 9 21
2 41 6
2 34 46
1 30
1 39
1 20
1 18
2 49 15

Total makespan: 16

30
2 40 32
1 16
3 42 45 22
1 47
1 23
2 36 11
2 31 44
2 1 33
3 2 13 38
1 37
2 12 43
2 35 0
2 29 28
1 25
1 14
2 48 26
2 5 19
2 27 3
1 7
1 10
2 4 8
2 17 24
2 9 21
2 41 6
2 34 46
1 30
1 39
1 20
1 18
2 49 15

Total makespan: 16

30
2 40 32
1 16
3 42 45 22
1 47
1 23
2 36 11
2 31 44
2 1 33
3 2 13 38
1 37
2 12 43
2 35 0
2 29 28
1 25
1 14
2 48 26
2 5 19
2 27 3
1 7
1 10
2 4 8
2 17 24
2 9 21
2 41 6
2 34 46
1 30
1 39
1 20
1 18
2 49 15

Total makespan: 16

