25
8 132 76 69 32 46 127 97 54
6 17 74 79 68 112 105
6 22 34 137 63 77 131
5 15 33 60 130 103
8 67 24 95 53 98 82 142 4
5 149 14 102 25 107
3 146 116 61
9 16 56 88 115 1 121 129 147 125
6 110 133 90 39 40 145
6 9 71 64 117 128 109
8 29 13 6 141 81 5 119 57
6 23 124 84 113 11 104
7 73 48 140 50 108 83 10
5 19 144 136 122 44
6 94 138 18 41 106 123
7 126 27 65 62 12 51 135
4 35 30 96 38
5 58 52 70 42 118
3 36 43 101
7 92 75 21 2 99 114 28
4 111 3 49 78
6 7 72 26 55 134 89
6 20 139 0 47 80 66
7 148 37 93 59 31 100 87
7 45 85 91 143 86 8 120

Total makespan: 41

