15
11 99 95 126 79 149 82 117 74 40 131 46
11 94 41 67 59 107 125 28 51 127 132 101
14 61 85 34 108 124 7 145 10 119 115 92 129 86 56
8 8 134 80 148 140 52 147 66
9 77 22 93 89 97 121 139 53 1
11 122 136 113 20 102 62 70 32 27 76 103
9 0 104 33 13 6 96 146 14 88
9 50 135 130 75 60 142 84 12 25
8 98 111 16 105 24 5 143 4
12 18 73 58 54 91 30 48 112 72 49 9 17
10 11 114 109 3 144 43 68 133 71 106
10 47 83 87 26 44 69 120 137 23 29
11 90 110 81 21 15 55 2 64 31 123 42
7 138 38 78 65 39 128 37
10 63 45 118 57 36 19 116 100 141 35

Total makespan: 140

