10
11 80 23 29 147 81 45 139 131 112 110 9
13 21 4 55 14 41 134 48 5 39 68 104 146 125
14 66 36 120 63 143 113 1 25 64 76 82 92 2 26
12 115 42 75 50 6 28 67 37 122 27 121 51
14 43 69 93 44 123 30 71 77 61 58 74 130 105 3
20 90 85 99 135 149 78 144 132 101 65 133 107 13 40 126 15 83 19 54 38
15 138 119 24 52 31 145 108 8 18 98 87 73 57 142 88
16 129 103 32 148 70 89 141 10 53 79 95 47 12 100 140 106
16 60 0 118 102 33 84 22 17 127 116 11 117 56 114 20 62
19 136 16 34 111 94 72 96 49 124 137 86 59 7 128 35 97 91 46 109

Total makespan: 280

