15
12 65 82 108 76 124 90 94 48 79 91 59 141
12 62 144 15 120 10 87 36 140 17 18 128 11
6 9 146 78 138 63 106
11 101 89 135 96 80 133 123 57 131 149 67
10 117 99 134 148 52 14 45 23 81 13
12 103 73 20 2 41 34 38 42 40 29 5 58
9 68 129 27 32 137 31 136 127 56
11 39 111 139 70 113 130 69 85 19 66 75
10 35 86 125 4 145 46 77 53 44 61
10 50 33 98 119 112 83 24 95 49 26
10 1 16 110 126 72 92 71 64 28 88
11 30 100 104 115 114 25 97 60 109 3 143
10 8 116 118 107 132 21 102 51 37 54
8 147 122 142 74 7 55 47 12
8 84 93 6 0 121 22 43 105

Total makespan: 87

