15
8 20 9 53 94 113 69 50 83
13 124 100 32 49 62 137 23 3 98 79 103 52 102
9 131 14 24 41 92 10 120 110 147
5 122 33 127 0 6
10 21 116 101 36 44 47 104 34 81 59
11 22 26 67 141 99 12 38 61 55 27 13
14 109 105 43 140 82 30 39 4 85 56 107 71 142 48
12 35 37 54 17 115 145 19 8 29 5 63 66
8 89 108 70 95 91 86 138 58
10 16 114 25 126 87 128 144 42 130 136
7 60 18 149 123 80 11 28
9 121 68 65 139 119 73 77 112 148
14 31 84 143 51 46 135 88 133 74 129 90 96 57 78
10 111 125 7 15 72 40 118 146 1 2
10 97 76 93 64 134 117 132 45 75 106

Total makespan: 89

