20
9 40 76 57 116 75 114 69 9 135
9 91 129 66 127 68 136 111 106 142
7 25 128 24 81 32 117 21
6 50 48 70 38 67 109
10 10 12 84 132 80 2 93 46 102 73
7 96 27 28 47 148 88 52
7 36 140 119 115 123 20 0
10 11 39 53 23 120 61 141 15 55 45
7 105 3 19 125 139 1 146
8 16 90 77 98 59 18 131 56
6 17 6 108 51 34 101
8 42 72 147 133 103 85 83 130
8 60 87 95 58 43 121 29 49
5 86 71 30 122 8
5 64 26 107 110 144
6 13 41 134 143 4 126
8 31 54 138 97 124 137 37 149
9 74 89 104 65 99 100 82 92 118
10 35 78 14 94 63 79 113 62 145 33
5 7 44 22 5 112

Total makespan: 81

