10
18 140 147 92 12 93 89 119 116 100 90 118 122 40 27 107 61 96 41
13 57 78 58 68 87 36 75 73 106 138 37 17 88
15 120 94 130 34 25 144 10 26 19 18 137 109 47 14 123
17 2 99 13 102 132 115 112 9 95 103 126 79 121 51 69 15 53
14 86 141 145 45 117 136 83 129 65 20 62 108 22 131
14 127 48 84 16 32 67 24 38 44 23 31 6 66 49
11 72 30 55 82 80 46 59 98 76 21 60
12 29 134 110 101 124 74 35 0 91 11 52 1
20 104 146 105 81 71 63 33 43 54 4 77 143 133 113 114 148 50 56 85 139
16 28 70 111 3 64 125 7 142 128 135 39 8 5 42 149 97

Total makespan: 272

