30
5 121 5 142 133 16
6 17 61 136 110 109 27
3 94 38 67
6 4 145 71 105 47 130
5 43 106 45 83 104
7 21 41 143 140 87 62 51
4 57 144 64 84
6 93 146 18 135 8 119
5 3 0 112 82 69
6 19 100 80 70 49 126
5 124 9 88 29 20
4 65 14 2 139
4 98 92 127 66
5 26 111 81 123 125
5 138 13 95 101 28
5 50 52 42 46 23
4 40 48 53 96
5 7 86 120 116 132
4 10 113 74 68
7 115 114 73 39 32 55 24
5 36 22 63 137 44
3 78 33 147
4 59 85 72 15
5 11 30 117 148 1
6 12 76 77 131 99 129
6 108 75 35 31 79 25
6 60 122 89 97 90 128
4 103 107 118 58
6 56 34 102 37 149 141
4 54 134 91 6

Total makespan: 31

