30
5 156 0 148 159 138
5 17 179 191 97 24
7 7 48 58 5 20 84 104
7 40 174 14 111 6 86 80
10 176 123 183 122 4 119 103 56 31 155
9 88 19 90 110 66 44 182 116 65
4 139 137 59 70
7 136 57 189 152 30 92 134
7 9 173 16 107 175 68 145
6 61 94 161 186 27 130
6 62 163 91 114 77 165
4 47 49 32 171
9 22 52 129 18 41 89 60 99 169
8 3 140 21 53 190 71 126 125
7 102 39 160 36 113 108 93
6 46 115 149 131 154 83
6 25 35 43 185 141 28
6 13 23 199 180 11 75
6 74 133 2 63 100 184
6 153 37 151 194 82 167
7 127 147 29 120 178 78 50
4 162 121 197 73
7 112 26 95 81 101 105 45
12 177 34 118 117 144 38 135 8 170 15 195 187
6 164 79 85 198 143 12
6 132 146 181 192 76 128
7 54 168 64 42 87 172 150
6 72 193 124 98 96 188
7 196 67 106 10 1 158 142
7 166 33 69 51 55 157 109

Total makespan: 71

