30
9 8 107 45 62 20 40 136 126 159
8 103 46 15 174 86 14 172 168
4 137 180 133 115
9 138 53 173 87 43 104 152 65 17
6 59 37 18 194 184 101
5 25 147 188 82 98
7 95 110 57 39 145 193 153
6 127 10 118 78 13 9
8 121 2 190 27 16 72 151 91
6 92 160 130 48 5 81
7 122 29 178 97 100 76 128
6 4 144 198 195 157 116
7 117 41 141 181 124 179 96
6 66 22 149 94 191 167
7 164 162 42 171 73 61 63
7 113 44 125 32 34 26 170
9 12 58 176 143 88 85 60 1 154
6 150 30 161 24 80 35
6 84 196 165 120 140 169
6 199 105 71 186 142 156
10 51 11 31 111 3 79 67 83 7 19
8 132 70 158 106 114 75 38 135
6 155 28 47 175 185 0
5 52 123 146 109 102
6 90 55 187 36 131 49
7 119 129 21 74 93 197 6
7 182 56 23 77 192 108 134
5 189 177 139 64 148
5 69 99 163 33 89
6 50 183 112 54 68 166

Total makespan: 75

