15
12 90 69 177 86 87 108 166 82 115 176 94 162
10 150 160 4 118 81 188 95 139 194 142
12 195 77 146 71 165 111 120 156 84 67 17 153
15 136 89 59 92 22 39 122 76 9 6 47 163 107 137 53
16 184 145 148 112 41 119 180 110 157 168 32 45 175 149 78 125
17 191 91 167 20 88 48 80 79 117 23 73 143 7 96 33 5 128
13 56 57 159 85 1 36 8 37 62 123 134 154 114
14 193 155 19 178 18 49 161 183 63 126 138 121 97 130
17 68 61 2 196 60 169 51 141 158 83 52 100 199 25 46 182 198
13 35 174 66 26 192 70 186 127 124 104 44 93 21
12 31 28 144 15 101 102 170 164 10 3 132 58
12 38 197 50 16 103 190 106 152 29 109 185 30
13 116 14 129 43 42 13 64 151 179 189 113 172 181
11 24 74 72 12 99 54 140 171 98 0 131
13 55 135 173 147 133 65 34 187 40 27 105 75 11

Total makespan: 154

