20
11 144 91 142 56 84 152 80 109 44 7 167
7 136 162 116 40 5 150 190
8 63 66 141 104 102 70 11 59
13 42 180 172 106 31 133 175 3 177 155 196 6 64
10 22 178 148 1 77 46 83 52 89 137
11 176 14 165 17 33 15 135 170 154 173 25
9 28 191 69 41 107 118 108 164 36
12 187 67 130 21 160 147 132 101 195 112 138 179
13 143 188 75 96 182 20 34 99 2 47 117 119 10
10 4 37 114 61 103 183 48 111 198 95
13 163 181 49 8 24 51 76 158 168 29 88 90 81
9 53 55 122 113 94 184 123 27 71
11 13 127 92 23 57 9 97 16 161 50 79
8 73 189 74 145 139 169 39 146
10 105 186 38 131 100 129 124 30 134 174
9 32 0 156 199 26 82 197 72 87
9 193 93 68 62 171 140 157 85 166
9 115 194 159 65 60 35 153 98 110
11 45 54 125 78 149 128 58 151 18 120 126
7 192 121 12 19 43 185 86

Total makespan: 71

