20
10 35 128 93 40 113 192 116 120 132 163
12 16 8 148 105 71 125 80 127 89 45 122 156
14 96 184 197 185 168 20 83 196 70 58 124 106 61 173
9 68 50 134 29 111 86 126 171 52
8 143 115 129 114 195 39 12 198
12 169 136 63 23 158 77 36 191 167 99 26 121
8 5 6 109 92 66 141 107 78
9 79 42 165 14 104 38 46 41 81
6 177 97 102 76 130 100
10 25 162 170 119 65 27 108 118 19 32
11 73 155 75 151 123 199 157 181 3 152 183
11 69 186 101 24 164 0 147 154 189 182 84
11 137 85 82 187 138 176 150 28 193 59 22
10 188 166 179 110 140 11 67 95 4 175
10 57 190 131 31 139 88 1 47 149 145
9 74 112 10 9 117 55 49 51 194
9 172 62 180 98 48 7 178 2 60
8 146 133 87 90 43 159 161 153
11 17 44 53 13 34 15 33 103 37 64 21
12 174 54 142 144 18 160 30 91 72 56 94 135

Total makespan: 141

