10
18 130 126 108 29 168 199 155 10 128 72 23 102 111 194 18 90 162 169
23 133 114 177 112 172 131 95 51 182 100 60 47 198 189 143 45 135 52 7 3 40 74 48
24 175 70 82 113 0 71 86 68 31 142 180 148 87 178 134 54 5 55 8 176 69 39 160 6
16 185 14 139 62 136 91 165 187 89 118 174 146 88 164 30 166
20 16 94 97 2 81 153 93 105 109 121 144 67 76 17 179 101 19 56 49 170
19 195 188 183 138 107 24 77 26 73 104 190 151 163 28 156 44 119 65 196
18 43 85 140 161 9 147 61 127 125 122 20 99 157 64 13 154 84 192
19 116 173 120 63 191 152 50 11 106 42 32 167 193 34 137 197 66 21 159
25 1 96 57 75 37 149 59 98 33 22 171 92 80 79 25 46 110 186 83 145 184 132 124 35 103
18 117 150 41 53 38 129 27 158 58 4 12 181 123 36 141 115 78 15

Total makespan: 309

