10
24 95 197 59 155 125 107 38 66 243 168 6 185 14 71 39 136 203 40 209 179 50 211 33 113
23 91 189 201 85 10 178 120 129 63 171 101 114 208 230 119 4 181 163 213 37 56 43 135
27 15 239 22 55 12 115 106 158 58 139 212 80 5 92 174 42 128 137 87 28 226 151 62 140 84 72 217
24 195 246 175 109 221 79 237 61 83 240 233 186 111 100 164 11 166 249 2 202 31 223 214 90
24 216 244 41 99 224 227 75 149 77 47 220 141 218 98 25 19 118 122 192 205 177 247 153 165
27 30 225 9 123 76 54 27 116 238 16 198 183 82 60 232 236 1 108 191 134 105 138 110 145 0 93 144
22 7 18 104 68 173 219 215 89 44 94 161 146 207 148 24 245 204 52 190 103 127 23
28 143 36 8 187 117 180 133 176 96 152 73 21 182 53 69 81 159 97 199 35 222 172 17 169 147 228 193 32
26 3 29 160 67 242 150 13 154 210 70 78 112 231 132 20 194 156 188 34 74 102 86 46 49 57 124
25 184 170 88 131 157 200 206 65 26 162 235 142 196 234 241 248 130 48 51 45 121 64 126 229 167

Total makespan: 266

