20
14 184 30 153 195 160 178 68 125 64 209 67 15 220 139
11 230 57 42 180 248 133 96 167 59 5 135
12 65 17 147 79 123 159 231 61 124 229 16 91
14 32 168 176 33 21 98 7 76 27 165 12 207 236 46
16 0 162 25 154 122 41 22 9 227 152 151 115 175 157 145 163
13 221 77 247 132 66 192 130 240 218 36 73 39 136
10 129 219 174 60 85 111 213 101 112 182
12 110 106 118 58 210 211 107 202 82 72 201 97
14 81 19 242 144 113 217 142 45 243 228 161 43 10 69
15 117 187 90 14 237 143 138 232 95 212 234 86 120 48 103
13 126 31 104 108 186 53 183 40 105 44 197 47 215
10 93 172 216 37 225 246 78 193 233 116
10 166 199 1 222 35 11 20 181 134 235
14 119 205 171 150 49 114 239 84 185 75 29 156 158 203
10 109 173 226 148 26 214 83 245 141 18
12 99 188 149 87 56 170 196 70 55 100 51 38
12 24 102 204 50 190 71 164 88 200 244 52 249
15 155 80 191 74 62 137 131 194 92 189 169 146 3 128 2
14 4 223 8 13 198 127 179 206 208 238 224 94 140 54
9 34 23 241 177 121 63 89 6 28

Total makespan: 76

