25
10 17 216 79 175 161 65 9 59 218 78
13 220 5 123 83 97 35 76 244 52 3 248 101 98
9 172 100 54 34 0 160 8 184 47
9 195 199 25 174 189 115 132 38 58
12 205 209 91 95 194 159 102 120 111 56 82 128
11 249 191 135 200 125 246 94 92 187 242 206
10 71 86 30 31 197 14 23 217 170 212
11 6 164 222 232 150 203 234 77 108 142 153
14 149 134 13 190 7 69 39 46 143 211 183 45 226 85
9 18 51 208 155 236 87 105 147 247
9 168 188 70 28 88 215 84 156 241
8 44 179 99 240 75 233 181 60
7 29 12 74 121 235 19 32
11 227 41 116 26 49 223 11 145 131 37 152
7 24 113 138 20 228 182 57
12 243 93 154 129 27 80 214 68 231 165 4 55
11 15 1 196 180 33 137 178 81 224 166 90
8 193 124 119 219 89 67 62 207
9 50 213 167 225 141 140 201 148 72
11 96 229 139 63 73 104 21 192 110 177 136
10 36 114 146 185 186 53 109 176 130 204
8 16 107 126 210 144 171 169 162
9 42 245 2 239 163 122 112 22 10
11 230 198 40 48 173 151 106 43 103 64 238
11 118 157 237 117 127 61 133 66 221 158 202

Total makespan: 85

