10
25 209 126 178 42 88 230 226 248 140 164 13 100 83 201 14 239 59 81 198 39 129 219 216 205 141
26 66 152 102 70 138 72 168 20 103 149 92 135 218 69 50 46 37 4 246 215 180 206 208 52 147 90
16 193 84 23 91 55 107 54 150 139 229 62 67 212 25 123 109
25 110 36 44 24 18 142 176 120 137 95 78 245 104 243 157 179 227 118 214 58 93 224 173 85 172
21 228 222 189 68 130 158 143 133 203 223 160 249 247 185 10 60 162 156 192 132 167
32 82 114 237 175 43 75 161 170 74 166 79 61 181 11 6 112 235 29 240 16 238 199 28 169 106 207 122 191 64 87 200 7
25 77 144 105 236 63 94 241 145 22 182 213 12 8 194 184 148 5 53 19 38 127 40 41 202 134
29 163 131 45 9 183 17 159 86 154 211 151 128 217 76 80 0 56 3 190 220 48 196 115 108 97 111 121 99 136
28 187 113 34 119 33 98 49 221 125 146 195 31 232 244 15 2 96 27 186 242 124 47 73 188 1 171 155 165
23 210 197 231 51 32 26 35 153 21 204 57 234 89 225 101 233 177 30 117 65 116 174 71

Total makespan: 415

