30
5 28 104 17 114 173
6 24 25 111 14 134 131
7 138 41 26 183 103 94 157
7 147 92 62 117 60 36 154
6 82 132 128 169 49 95
7 56 172 192 161 59 6 53
5 58 193 33 170 61
6 182 196 81 47 101 177
8 96 139 159 75 197 100 90 195
6 142 3 88 184 198 165
5 156 99 168 153 109
7 19 73 63 115 55 141 145
9 5 116 30 32 21 91 83 107 1
8 112 50 68 143 163 16 118 160
7 106 122 22 189 12 144 135
6 127 13 11 178 76 0
7 121 124 2 191 119 150 23
7 15 130 37 171 166 52 70
9 136 20 180 174 108 77 40 167 84
4 176 38 194 31
9 72 137 151 126 190 39 158 187 44
7 162 129 186 65 43 67 57
7 89 98 155 149 125 66 51
7 85 8 34 185 175 74 93
8 79 133 29 35 45 164 10 42
7 80 18 123 54 7 110 27
4 64 140 69 188
7 97 78 152 181 4 199 120
6 146 148 105 48 71 102
6 87 46 113 86 179 9

Total makespan: 92

