10
21 211 103 133 235 190 196 182 136 0 111 36 119 9 162 232 13 33 236 233 227 66
28 231 165 202 213 41 101 72 69 53 16 97 63 225 12 92 126 123 200 218 169 206 75 159 62 170 141 183 31
25 42 142 26 230 204 107 52 161 122 249 175 47 131 80 109 209 34 152 22 115 128 89 208 102 221
26 93 241 58 49 240 163 242 74 23 157 199 46 61 178 149 179 28 98 20 112 73 229 56 5 248 24
25 151 10 168 195 198 15 29 137 40 171 188 138 173 110 244 79 226 193 70 4 90 180 176 134 48
23 167 71 185 3 216 17 83 21 214 158 215 224 100 207 11 237 223 54 88 245 39 19 146
23 44 95 65 192 160 27 1 234 140 217 166 156 82 18 143 164 127 118 197 25 76 243 155
25 124 144 147 186 212 51 117 120 228 59 222 239 104 172 91 135 64 37 38 189 106 177 94 132 8
27 210 32 43 114 116 184 246 45 113 238 191 125 84 6 108 187 2 55 105 35 153 81 174 60 181 68 86
27 154 201 205 130 129 67 220 96 219 148 57 87 50 145 30 7 121 78 14 150 85 247 77 203 139 194 99

Total makespan: 366

