25
9 199 42 31 233 156 138 34 181 108
11 27 239 123 48 36 159 149 211 225 141 223
9 124 70 135 1 166 218 158 245 20
12 35 176 230 197 187 180 217 146 205 88 94 104
13 134 207 227 64 191 169 244 228 85 37 11 242 203
11 81 133 186 96 122 33 200 140 73 102 232
11 61 209 68 54 130 55 195 111 106 193 53
8 30 41 212 84 58 14 185 95
11 119 16 178 21 86 57 247 144 13 5 51
10 164 7 63 98 243 59 172 82 3 112
9 202 46 171 136 117 222 234 67 32
8 170 235 129 120 56 101 179 75
12 192 174 150 246 118 29 215 91 76 196 60 155
7 190 165 183 97 99 6 128
8 28 157 154 115 114 38 49 2
12 201 237 143 194 204 139 17 92 125 152 241 23
10 24 151 100 4 12 208 188 248 8 43
13 219 168 93 18 145 175 132 198 110 22 236 26 90
11 25 78 74 50 103 121 184 249 39 105 189
8 240 40 116 87 66 0 44 162
12 173 131 238 109 167 220 163 177 126 127 10 79
9 153 226 147 161 52 45 229 214 113
8 19 80 9 65 210 47 72 206
9 15 182 69 231 221 71 216 224 148
9 137 213 89 142 160 77 62 83 107

Total makespan: 128

