15
20 60 206 23 219 143 176 104 63 204 228 207 25 129 76 46 18 238 217 102 9
19 74 131 188 199 108 0 215 32 22 175 107 150 210 26 96 122 139 1 35
18 94 133 243 114 137 218 20 130 24 196 198 239 65 89 47 190 148 154
18 41 68 244 152 140 105 212 184 87 54 146 229 125 147 6 66 231 158
14 134 179 21 2 59 119 232 4 155 110 101 75 163 3
17 44 249 236 112 205 19 124 138 91 42 222 123 51 52 70 45 195
15 144 72 160 245 209 48 185 85 227 169 99 28 189 77 100
15 13 230 241 203 246 149 84 90 186 36 226 86 172 56 193
19 16 220 157 178 136 10 161 31 109 242 194 192 191 73 64 38 27 159 151
12 167 92 156 39 55 106 216 50 33 208 53 98
19 164 5 170 180 97 62 17 30 213 120 111 141 34 135 211 61 162 166 117
14 201 248 80 126 177 132 221 115 81 173 116 197 168 118
13 12 82 182 128 40 237 95 223 7 121 174 153 113
19 69 145 233 181 37 187 240 214 57 14 93 235 58 103 43 71 83 49 234
18 200 127 202 15 171 142 165 67 29 247 88 79 183 224 11 225 8 78

Total makespan: 129

