15
19 204 228 63 23 219 9 102 104 207 129 76 46 18 25 60 206 210 176 217
19 158 1 35 175 215 169 32 74 26 96 122 139 107 150 40 131 188 199 108
16 94 133 243 114 179 137 221 196 198 239 65 89 47 190 148 154
15 229 125 97 140 105 212 54 146 147 6 66 231 152 174 68
16 59 4 155 21 120 75 134 163 39 2 189 110 99 119 232 3
18 44 87 51 52 70 45 195 124 138 205 19 184 249 236 112 42 222 123
12 100 85 227 77 144 72 209 48 91 185 245 240
15 13 56 193 149 203 246 230 241 84 90 186 36 226 86 172
23 73 159 38 31 242 244 0 143 16 12 157 194 192 191 109 220 64 22 151 238 178 136 10
14 33 208 20 130 167 92 101 50 53 98 55 106 28 216
19 164 5 170 180 156 34 62 213 211 61 162 135 17 161 111 49 141 166 117
18 201 82 115 248 80 173 116 177 132 126 160 218 197 168 118 81 24 171
10 128 237 121 30 182 223 95 7 153 113
20 214 202 69 145 233 181 37 187 57 14 93 235 103 71 83 41 43 58 183 234
16 200 127 29 142 224 88 79 27 15 247 165 67 11 225 8 78

Total makespan: 128

