25
7 65 35 104 117 89 95 112
7 77 60 87 80 0 62 2
7 23 82 57 61 64 33 1
4 38 11 6 105
7 47 15 67 120 37 109 75
6 10 14 135 3 137 85
6 94 32 108 5 36 68
6 73 58 70 71 115 41
5 140 34 92 101 25
9 31 114 39 124 76 127 18 113 28
6 128 111 136 84 131 54
4 44 43 133 106
5 142 147 86 20 139
7 145 69 129 4 52 102 9
6 123 88 125 49 30 81
6 91 16 148 83 22 110
5 66 59 96 24 99
6 97 93 138 143 132 45
5 46 78 121 26 63
7 56 144 103 51 141 107 21
6 146 19 50 74 79 134
6 48 8 13 7 90 149
6 72 122 17 126 12 42
4 55 130 100 40
7 98 29 119 118 27 53 116

Total makespan: 78

