10
20 24 26 3 128 54 59 7 145 144 66 135 69 41 110 58 136 96 1 140 72
12 0 123 74 68 103 6 43 53 71 116 60 118
17 134 122 129 125 57 5 137 119 34 81 14 91 19 83 78 109 8
15 37 130 86 64 89 36 40 113 106 70 126 147 45 120 88
13 12 133 38 84 75 121 47 11 65 85 52 33 79
16 23 139 105 87 148 42 124 141 115 18 31 16 101 138 2 63
15 107 104 15 97 114 73 131 32 56 76 108 50 17 127 51
16 117 39 143 149 20 92 67 132 111 146 142 62 98 48 35 21
12 93 27 99 61 25 29 95 9 94 49 112 102
14 44 80 46 77 22 13 100 82 4 90 10 28 30 55

Total makespan: 249

