10
14 28 126 41 140 58 10 23 1 94 115 70 11 84 93
16 48 109 31 108 3 74 18 57 77 24 103 132 32 19 72 80
12 85 82 27 131 143 78 122 135 44 61 54 92
14 120 47 14 7 136 104 79 33 111 88 4 116 87 76
13 65 125 101 137 40 118 8 100 59 46 130 102 37
17 38 149 99 17 105 51 66 96 30 5 139 89 83 67 95 98 145
15 110 91 6 69 127 29 146 112 123 16 106 53 119 60 56
18 26 133 42 81 90 71 114 49 128 113 20 147 2 52 25 62 45 13
16 12 97 35 9 22 39 63 107 134 15 21 86 75 68 36 124
15 117 0 43 142 144 148 64 34 138 129 55 73 50 121 141

Total makespan: 255

