20
8 94 136 104 91 103 54 61 80
10 132 0 96 60 63 93 53 138 46 40
6 88 118 5 106 87 44
8 111 139 14 123 78 147 74 79
10 45 16 26 42 33 116 140 36 4 71
6 19 52 141 3 72 2
8 120 81 66 85 50 13 99 126
6 27 6 86 108 125 38
7 146 29 56 122 105 76 22
6 20 51 43 129 41 115
7 47 90 75 59 149 67 102
9 142 109 130 57 100 89 133 97 25
7 68 70 32 62 23 21 148
6 110 35 58 143 98 65
7 18 12 135 114 92 37 101
10 82 127 17 30 137 121 1 134 7 8
6 113 119 112 124 24 48
9 145 95 15 39 84 69 131 128 10
8 49 31 9 11 83 117 73 77
6 28 55 107 144 34 64

Total makespan: 106

