25
6 142 127 109 145 131 91
6 44 82 81 102 80 64
6 79 62 34 56 14 126
7 99 73 111 23 146 19 118
6 108 88 22 84 75 68
7 130 53 18 60 104 38 143
6 74 78 10 85 103 89
7 0 95 63 17 105 87 71
5 137 115 149 133 40
6 66 21 97 61 124 41
6 72 92 5 29 90 32
6 49 52 31 116 39 28
4 98 2 123 11
6 144 70 86 7 47 69
6 125 50 48 134 30 119
5 121 112 36 27 65
5 33 77 122 141 58
5 20 139 25 76 110
9 67 114 51 57 59 128 96 46 147
5 101 3 140 132 4
6 55 26 43 117 136 8
7 107 15 37 13 148 54 94
8 120 106 100 83 9 45 129 24
6 42 6 12 138 93 135
4 113 16 1 35

Total makespan: 70

