20
11 79 70 160 68 141 85 9 14 113 29 87
10 48 199 46 197 115 22 52 162 157 80
12 97 49 168 18 104 1 130 61 117 180 57 91
11 134 123 171 16 164 149 89 11 21 110 39
12 76 10 56 99 175 58 32 7 35 45 152 183
8 82 71 83 166 64 8 50 118
8 2 125 34 169 37 94 172 75
9 31 121 151 33 88 147 55 74 36
8 156 136 86 0 131 192 47 122
12 67 6 92 153 12 43 148 187 128 194 129 95
11 126 158 196 42 13 78 145 178 44 90 19
8 181 23 144 124 24 96 15 107
10 137 108 59 25 120 101 140 150 174 109
7 190 133 77 189 198 5 176
9 84 100 179 28 139 112 60 163 54
10 26 159 127 105 138 135 173 63 40 66
10 81 186 17 4 177 195 103 191 27 185
11 161 38 188 143 184 167 93 170 51 69 73
10 114 146 116 182 3 20 41 142 119 193
13 30 165 111 72 62 53 106 154 155 132 98 102 65

Total makespan: 123

