30
8 119 113 123 84 197 24 50 63
6 192 187 45 3 138 19
5 10 48 120 43 28
6 137 143 191 76 52 183
6 117 121 199 12 27 68
8 133 145 194 38 102 73 176 130
6 56 23 153 161 89 188
6 141 94 184 107 124 35
8 30 13 42 182 37 126 152 175
5 114 60 87 98 106
11 151 47 25 95 159 54 132 170 156 140 112
8 148 189 15 14 160 142 165 155
6 111 16 116 58 198 9
5 4 62 71 8 55
7 158 96 93 169 144 79 66
5 122 11 86 75 128
6 46 125 59 39 1 80
6 193 20 118 178 139 29
7 2 168 163 32 105 40 69
9 164 21 190 196 33 26 44 91 97
6 101 49 167 129 127 166
6 6 22 70 134 154 57
7 81 53 147 103 85 131 104
6 146 74 173 88 180 92
8 174 51 5 181 195 157 72 171
7 135 109 90 83 110 7 67
8 31 172 64 82 0 136 115 179
6 36 18 34 186 100 108
5 149 150 41 61 185
7 177 78 65 162 77 99 17

Total makespan: 73

