10
19 113 37 13 199 54 79 33 83 196 69 108 92 55 48 20 140 147 126 167
25 29 96 198 2 64 139 161 25 110 106 60 104 174 52 67 189 150 177 44 175 8 120 151 117 56
22 11 24 193 14 94 115 90 169 42 47 148 88 183 112 35 191 185 70 97 15 77 125
18 39 127 45 73 128 116 53 34 58 49 80 133 21 40 36 75 10 159
22 179 166 130 101 59 102 16 158 181 82 32 144 122 103 149 74 124 155 190 65 6 160
15 86 184 123 186 164 162 145 23 178 17 38 22 61 30 131
18 51 91 57 62 105 87 197 176 168 107 121 119 134 93 170 89 12 50
22 141 84 173 26 182 118 27 136 171 4 180 63 95 66 31 85 187 98 68 18 0 71
18 194 43 99 5 19 46 152 154 156 81 146 172 165 195 129 78 3 137
21 111 192 41 143 142 9 7 100 163 138 188 135 132 28 114 1 109 153 157 76 72

Total makespan: 305

