15
13 136 30 94 41 36 146 154 195 139 101 47 104 132
14 35 123 67 64 55 128 157 78 43 118 49 73 144 121
14 124 8 7 96 147 107 112 180 111 4 131 127 117 89
13 137 152 186 60 158 113 11 192 48 153 70 72 162
10 86 26 138 141 109 179 44 81 165 34
14 163 79 115 170 20 119 0 9 140 52 76 149 63 10
13 194 133 176 32 175 174 71 83 167 54 84 88 183
15 1 37 169 129 6 42 120 114 17 182 53 196 45 105 51
15 142 3 190 102 46 50 172 171 143 188 198 155 93 16 74
15 191 28 187 100 65 125 110 148 193 40 29 39 38 122 164
15 184 95 82 135 59 33 160 15 56 68 156 27 181 14 126
10 87 145 80 25 57 99 58 66 161 12
13 150 24 189 178 19 199 5 91 151 106 134 166 130
13 85 103 197 108 159 90 97 98 18 21 92 31 168
13 13 23 177 173 61 116 77 2 69 22 185 75 62

Total makespan: 176

