25
6 132 43 138 42 14 189
9 185 110 143 9 122 82 123 142 186
8 67 117 137 165 172 85 0 103
8 190 149 139 54 96 168 47 121
6 150 160 112 128 8 44
10 57 15 68 26 194 11 55 140 144 28
7 45 146 86 169 59 157 126
7 148 13 170 116 101 27 2
7 58 158 113 40 33 135 167
9 175 109 118 114 98 83 89 38 87
8 154 198 60 29 92 91 46 162
7 119 129 173 93 102 130 192
8 193 181 37 34 171 191 73 53
6 147 184 12 187 155 61
10 166 99 120 156 56 10 62 153 180 152
8 197 71 79 174 24 63 177 179
8 141 188 182 4 97 115 39 133
7 48 176 106 80 78 50 1
11 75 20 125 111 76 164 195 196 30 17 107
9 6 199 70 22 178 183 84 72 35
9 95 124 52 16 18 145 131 69 77
7 134 7 74 25 23 81 161
9 159 90 105 88 108 65 127 32 64
6 100 41 136 151 21 94
10 36 163 3 104 66 19 31 51 5 49

Total makespan: 92

