25
7 68 192 23 54 66 86 79
8 11 27 128 169 56 162 62 49
8 28 156 67 158 44 52 61 126
7 125 198 149 184 101 98 172
11 129 103 144 127 15 193 2 115 106 119 80
7 121 43 138 122 35 14 78
11 84 117 93 160 199 113 5 42 153 53 171
8 99 77 191 4 118 188 89 163
8 19 146 40 71 90 10 17 63
8 30 39 147 33 116 97 134 194
8 88 83 155 7 72 179 87 148
10 12 111 150 143 131 102 9 21 104 32
6 142 135 123 108 69 114
8 130 145 175 189 195 76 26 65
5 168 154 25 34 3
5 140 100 0 70 36
9 92 20 173 96 183 159 1 81 186
8 197 166 165 112 190 37 41 8
7 16 46 174 181 50 95 29
4 64 58 124 48
8 164 182 177 38 120 167 59 24
11 55 161 157 60 170 137 109 187 105 51 180
10 57 136 139 110 132 196 13 141 18 45
10 178 91 85 6 185 47 22 74 176 107
8 133 31 151 94 152 75 73 82

Total makespan: 73

