20
11 70 36 193 145 17 19 189 113 59 97 163
13 27 55 111 147 62 61 32 46 143 139 92 40 148
7 56 183 38 88 0 95 140
10 91 144 172 129 93 75 18 151 153 6
9 124 73 86 137 126 35 107 80 125
11 190 20 13 53 1 176 196 79 67 154 191
8 174 117 42 34 31 175 8 160
12 78 198 159 194 120 121 131 128 149 39 115 54
10 57 136 184 22 179 12 76 10 167 44
7 171 89 68 50 168 180 164
12 26 133 152 162 16 116 3 84 81 122 23 185
10 24 134 109 7 102 187 33 30 197 48
8 29 182 130 58 60 105 25 108
10 114 103 21 96 87 14 43 83 71 161
9 177 69 195 11 192 63 135 51 5
8 186 52 90 74 49 104 112 66
12 138 158 169 72 142 99 85 156 110 127 119 77
13 64 199 15 165 170 166 65 4 141 157 37 106 45
11 188 150 82 178 155 100 146 47 94 9 2
9 173 98 101 181 132 118 123 41 28

Total makespan: 73

