10
20 88 136 143 151 8 1 85 150 53 116 65 9 10 44 60 89 118 192 162 24
18 175 122 80 0 81 121 128 132 69 23 158 117 83 92 96 155 123 54
17 59 193 157 42 30 183 75 195 84 152 40 14 140 4 62 90 198
16 64 131 31 104 37 18 22 56 126 99 163 127 48 139 125 72
24 190 160 61 101 165 12 78 2 35 55 134 149 20 191 39 114 178 41 32 16 181 185 67 66
23 43 5 176 97 102 113 108 164 71 154 166 19 148 98 91 50 11 167 137 93 94 184 142
25 3 77 196 52 74 25 129 141 145 27 153 28 86 171 105 172 107 188 115 135 173 161 110 100 63
18 46 26 45 180 144 169 187 186 120 6 51 57 95 38 82 119 130 174
18 194 73 70 146 58 87 138 170 177 68 106 7 21 124 111 189 13 112
21 76 15 103 168 156 182 29 33 179 47 199 133 147 159 49 197 79 109 36 34 17

Total makespan: 361

