15
11 137 121 9 28 183 77 119 88 75 108 105
14 79 193 141 148 40 111 70 185 19 83 21 155 154 55
11 130 135 2 26 122 174 45 16 136 87 132
12 85 97 191 13 133 138 27 92 1 103 140 143
13 41 102 35 127 126 34 50 99 168 186 169 159 12
17 71 81 72 117 15 24 39 54 3 100 175 0 32 18 147 198 48
15 128 64 190 145 66 131 187 152 49 142 36 188 163 161 170
18 89 17 167 25 179 176 171 199 156 177 31 7 33 118 42 113 166 30
14 59 4 6 5 60 157 107 180 10 101 20 51 11 181
10 67 104 144 23 124 8 160 29 194 53
16 80 178 76 125 62 109 173 61 195 47 14 96 106 134 74 57
9 153 95 115 90 63 184 56 65 44
12 22 120 164 98 58 46 52 78 162 197 129 196
13 112 123 69 37 146 73 139 192 110 158 94 43 91
15 82 86 93 114 68 151 182 189 116 150 38 84 172 149 165

Total makespan: 148

