30
7 220 112 234 20 122 241 155
7 59 166 244 233 184 121 164
7 199 130 60 192 86 109 198
10 154 98 114 75 178 106 222 113 238 77
7 2 7 162 40 212 91 62
9 102 95 44 36 152 153 203 104 215
9 89 76 110 136 93 185 173 163 9
9 230 12 6 143 28 54 48 99 34
8 97 64 49 214 25 17 171 100
8 169 70 138 56 132 245 223 84
10 175 33 92 146 69 81 87 11 119 172
8 167 85 63 41 213 240 229 67
10 228 51 118 50 79 225 124 13 53 206
6 73 187 15 10 103 58
9 149 52 194 188 4 27 139 32 176
9 94 43 131 18 47 156 107 232 189
8 179 219 140 80 235 211 61 159
9 165 129 71 151 150 16 74 46 23
9 19 157 68 66 115 181 193 216 42
9 145 1 137 5 105 200 209 242 182
7 224 177 195 183 90 141 158
9 30 168 22 117 57 35 161 160 144
9 249 128 210 82 120 101 65 96 133
7 8 236 126 108 123 174 83
7 24 45 237 201 29 196 116
8 205 190 147 239 148 221 55 204
7 26 202 217 31 125 111 3
7 246 88 226 37 14 180 197
9 186 231 127 0 142 227 78 135 247
12 248 218 39 134 38 72 208 191 21 207 170 243

Total makespan: 92

