10
26 12 235 230 171 101 95 20 246 17 103 191 6 163 140 245 60 10 184 170 206 21 104 53 155 165 149
28 31 138 25 243 209 213 137 175 218 177 54 62 26 197 182 2 63 9 178 180 202 107 14 45 108 57 131 152
25 130 196 34 167 100 43 199 121 83 139 219 39 240 118 172 237 234 19 217 164 47 194 154 13 248
22 82 186 188 81 5 68 181 127 102 76 232 193 7 123 215 242 201 65 225 64 37 32
23 151 29 44 75 46 216 143 16 72 80 161 211 227 173 11 244 84 23 168 135 36 144 79
25 133 157 0 183 93 226 28 71 214 122 174 41 88 220 42 73 200 113 1 67 145 4 116 231 96
22 241 119 40 3 59 207 50 33 77 94 58 38 66 110 27 210 162 249 160 115 52 146
29 15 141 97 148 35 176 185 158 136 114 159 74 112 105 85 51 125 92 89 111 221 91 190 99 22 98 55 204 223
24 208 120 224 69 187 106 134 238 233 195 86 169 147 203 128 117 212 156 142 78 30 49 70 179
26 228 126 24 150 124 18 61 236 8 109 222 166 56 87 132 198 189 205 247 90 48 153 239 192 129 229

Total makespan: 411

