20
14 200 72 62 53 227 187 0 134 117 46 9 160 20 158
13 146 107 55 144 18 96 16 65 168 189 239 28 84
12 132 95 48 69 164 163 39 102 236 89 32 209
10 203 31 40 176 184 74 240 76 116 47
10 155 196 247 59 26 150 11 4 211 113
13 217 223 194 22 13 15 97 35 42 64 70 128 202
15 103 214 68 235 56 151 249 230 220 21 114 24 210 81 90
12 10 232 148 41 212 129 137 80 224 207 122 153
8 226 88 6 58 19 98 3 149
11 169 112 23 242 170 75 124 245 43 37 178
11 206 67 38 156 174 205 193 167 234 195 85
16 61 14 52 186 225 183 166 154 248 216 237 173 33 190 36 110
11 121 115 25 123 100 246 136 111 157 172 181
11 12 99 229 197 78 7 222 17 77 34 162
12 108 120 233 27 87 104 66 145 215 140 241 119
16 2 142 130 118 218 192 1 221 79 171 198 208 175 213 5 82
13 60 165 199 238 54 141 243 131 73 179 105 143 44
14 244 29 45 228 133 49 135 185 106 92 204 188 219 191
15 109 86 139 180 125 201 147 94 231 159 63 177 138 83 57
13 30 126 50 8 127 161 182 71 101 51 152 93 91

Total makespan: 160

