10
27 100 249 33 208 112 95 141 37 161 13 117 145 56 221 106 238 184 125 48 151 128 152 104 186 27 196 181
28 247 180 173 38 97 90 150 43 68 47 34 36 232 138 174 16 211 91 234 60 46 64 123 245 156 134 62 226
25 7 98 5 188 175 179 83 115 140 241 25 223 164 74 96 12 219 42 58 88 228 212 82 213 94
27 50 135 70 202 198 242 159 168 191 130 85 28 178 31 233 3 167 220 107 113 35 23 147 75 126 9 73
21 162 142 11 185 21 248 120 146 103 200 67 89 30 190 176 118 127 8 105 240 217
28 108 166 84 4 137 122 210 158 172 139 227 78 193 144 153 237 2 214 239 195 80 121 170 119 229 163 18 222
14 57 206 10 111 6 24 79 87 15 194 69 20 99 132
27 216 165 129 169 149 133 225 45 51 22 26 32 102 14 231 246 52 203 86 44 204 65 72 77 53 199 182
25 1 66 236 154 110 81 218 0 49 92 155 41 136 187 71 215 59 101 224 209 131 76 157 148 116
28 109 114 19 160 205 54 235 183 192 244 40 230 189 171 243 143 39 17 55 207 177 197 61 201 29 93 63 124

Total makespan: 273

