20
3 66 96 61
5 53 83 51 26 86
4 71 54 20 81
6 78 15 21 70 39 98
5 59 77 37 12 23
4 57 42 3 67
4 76 87 5 47
4 27 11 6 31
6 72 16 36 38 13 49
7 1 75 97 22 19 55 69
4 33 88 8 94
6 85 2 29 64 7 35
5 18 40 91 44 74
5 93 65 82 24 62
8 95 0 4 84 73 99 68 10
5 41 89 45 48 43
4 30 80 92 32
7 60 46 50 58 9 28 56
3 63 79 17
5 52 34 14 25 90

Total makespan: 58

20
3 66 96 61
5 53 83 51 26 86
4 71 54 20 81
6 78 15 21 70 39 98
5 59 77 37 12 23
4 57 42 3 67
4 76 87 5 47
4 27 11 6 31
6 72 16 36 38 13 49
7 1 75 97 22 19 55 69
4 33 88 8 94
6 85 2 29 64 7 35
5 18 40 91 44 74
5 93 65 82 24 62
8 95 0 4 84 73 99 68 10
5 41 89 45 48 43
4 30 80 92 32
7 60 46 50 58 9 28 56
3 63 79 17
5 52 34 14 25 90

Total makespan: 58

20
3 66 96 61
5 53 83 51 26 86
4 71 54 20 81
6 78 15 21 70 39 98
5 59 77 37 12 23
4 57 42 3 67
4 76 87 5 47
4 27 11 6 31
6 72 16 36 38 13 49
7 1 75 97 22 19 55 69
4 33 88 8 94
6 85 2 29 64 7 35
5 18 40 91 44 74
5 93 65 82 24 62
8 95 0 4 84 73 99 68 10
5 41 89 45 48 43
4 30 80 92 32
7 60 46 50 58 9 28 56
3 63 79 17
5 52 34 14 25 90

Total makespan: 58

