15
10 88 10 53 3 52 9 68 45 80 59
7 73 11 90 7 14 50 63
7 5 49 96 18 74 42 46
7 13 47 76 58 64 20 71
5 82 17 2 38 12
7 44 23 91 99 27 30 61
7 81 94 92 51 77 19 86
5 8 65 37 0 56
10 22 84 57 6 75 1 28 55 32 60
6 29 25 36 69 43 26
6 54 67 39 66 83 97
5 87 93 41 34 4
5 16 62 21 35 40
7 95 79 33 72 15 70 98
6 78 31 89 24 48 85

Total makespan: 87

15
10 88 10 53 3 52 9 68 45 80 59
7 73 11 90 7 14 50 63
7 5 49 96 18 74 42 46
7 13 47 76 58 64 20 71
5 82 17 2 38 12
7 44 23 91 99 27 30 61
7 81 94 92 51 77 19 86
5 8 65 37 0 56
10 22 84 57 6 75 1 28 55 32 60
6 29 25 36 69 43 26
6 54 67 39 66 83 97
5 87 93 41 34 4
5 16 62 21 35 40
7 95 79 33 72 15 70 98
6 78 31 89 24 48 85

Total makespan: 87

15
10 88 10 53 3 52 9 68 45 80 59
7 73 11 90 7 14 50 63
7 5 49 96 18 74 42 46
7 13 47 76 58 64 20 71
5 82 17 2 38 12
7 44 23 91 99 27 30 61
7 81 94 92 51 77 19 86
5 8 65 37 0 56
10 22 84 57 6 75 1 28 55 32 60
6 29 25 36 69 43 26
6 54 67 39 66 83 97
5 87 93 41 34 4
5 16 62 21 35 40
7 95 79 33 72 15 70 98
6 78 31 89 24 48 85

Total makespan: 87

