30
3 9 81 54
3 83 38 36
3 52 2 62
3 60 66 7
3 75 21 90
4 28 78 3 23
4 19 12 61 26
4 73 67 1 72
3 14 91 84
5 31 34 79 33 5
4 22 58 88 97
2 20 27
3 4 8 16
4 87 47 95 17
2 10 70
3 39 48 71
3 68 74 94
4 77 89 96 98
4 65 11 15 18
2 13 64
4 93 80 24 49
3 0 44 29
2 85 69
4 92 50 82 40
4 76 32 59 63
3 42 99 35
3 37 46 55
3 30 6 25
4 43 45 53 56
4 51 41 86 57

Total makespan: 43

30
3 9 81 54
3 83 38 36
3 52 2 62
3 60 66 7
3 75 21 90
4 28 78 3 23
4 19 12 61 26
4 73 67 1 72
3 14 91 84
5 31 34 79 33 5
4 22 58 88 97
2 20 27
3 4 8 16
4 87 47 95 17
2 10 70
3 39 48 71
3 68 74 94
4 77 89 96 98
4 65 11 15 18
2 13 64
4 93 80 24 49
3 0 44 29
2 85 69
4 92 50 82 40
4 76 32 59 63
3 42 99 35
3 37 46 55
3 30 6 25
4 43 45 53 56
4 51 41 86 57

Total makespan: 43

