10
10 62 22 36 8 96 95 66 19 60 16
10 12 2 15 13 48 30 75 26 79 91
10 70 93 20 80 67 52 14 39 92 42
7 11 99 43 34 3 61 0
10 76 90 72 29 46 77 32 4 81 7
10 47 71 49 68 40 25 24 54 5 21
9 78 17 86 57 94 84 59 9 63
12 1 55 65 74 83 18 58 35 53 97 45 50
11 89 41 56 98 64 87 10 82 51 37 88
11 73 33 6 85 69 31 44 28 38 27 23

Total makespan: 180

10
10 62 22 36 8 96 95 66 19 60 16
10 12 2 15 13 48 30 75 26 79 91
10 70 93 20 80 67 52 14 39 92 42
7 11 99 43 34 3 61 0
10 76 90 72 29 46 77 32 4 81 7
10 47 71 49 68 40 25 24 54 5 21
9 78 17 86 57 94 84 59 9 63
12 1 55 65 74 83 18 58 35 53 97 45 50
11 89 41 56 98 64 87 10 82 51 37 88
11 73 33 6 85 69 31 44 28 38 27 23

Total makespan: 180

