30
2 49 81
3 42 71 4
2 99 17
2 84 98
3 10 13 20
5 54 30 8 55 87
5 60 79 65 53 6
5 41 52 92 61 29
3 68 16 73
2 80 14
4 22 76 38 9
3 72 44 47
4 50 45 75 26
3 23 77 51
2 90 97
4 62 59 78 69
3 11 36 34
4 57 43 39 21
3 67 91 25
3 27 94 89
3 83 85 28
3 48 40 33
5 32 74 56 63 1
4 66 24 70 46
3 93 5 0
2 31 35
5 64 95 2 37 58
3 18 96 12
4 86 82 88 7
3 3 19 15

Total makespan: 43

30
2 49 81
3 42 71 4
2 99 17
2 84 98
3 10 13 20
5 54 30 8 55 87
5 60 79 65 53 6
5 41 52 92 61 29
3 68 16 73
2 80 14
4 22 76 38 9
3 72 44 47
4 50 45 75 26
3 23 77 51
2 90 97
4 62 59 78 69
3 11 36 34
4 57 43 39 21
3 67 91 25
3 27 94 89
3 83 85 28
3 48 40 33
5 32 74 56 63 1
4 66 24 70 46
3 93 5 0
2 31 35
5 64 95 2 37 58
3 18 96 12
4 86 82 88 7
3 3 19 15

Total makespan: 43

