15
6 61 70 96 62 18 28
6 82 25 23 41 69 2
6 81 49 5 73 68 75
8 20 77 7 21 22 35 50 38
4 58 89 66 37
7 42 47 48 92 46 85 30
5 12 32 51 6 88
8 94 39 78 87 63 72 53 86
6 3 54 98 34 10 1
6 13 0 26 64 80 60
9 8 43 65 14 27 76 44 29 83
8 33 52 24 67 17 11 19 4
8 56 91 59 93 99 84 79 45
6 55 16 74 71 36 90
7 15 97 95 40 31 57 9

Total makespan: 122

15
6 61 70 96 62 18 28
6 82 25 23 41 69 2
6 81 49 5 73 68 75
8 20 77 7 21 22 35 50 38
4 58 89 66 37
7 42 47 48 92 46 85 30
5 12 32 51 6 88
8 94 39 78 87 63 72 53 86
6 3 54 98 34 10 1
6 13 0 26 64 80 60
9 8 43 65 14 27 76 44 29 83
8 33 52 24 67 17 11 19 4
8 56 91 59 93 99 84 79 45
6 55 16 74 71 36 90
7 15 97 95 40 31 57 9

Total makespan: 122

15
6 61 70 96 62 18 28
6 82 25 23 41 69 2
6 81 49 5 73 68 75
8 20 77 7 21 22 35 50 38
4 58 89 66 37
7 42 47 48 92 46 85 30
5 12 32 51 6 88
8 94 39 78 87 63 72 53 86
6 3 54 98 34 10 1
6 13 0 26 64 80 60
9 8 43 65 14 27 76 44 29 83
8 33 52 24 67 17 11 19 4
8 56 91 59 93 99 84 79 45
6 55 16 74 71 36 90
7 15 97 95 40 31 57 9

Total makespan: 122

