20
6 78 7 71 10 68 99
5 61 77 93 27 18
6 29 81 33 35 39 24
4 58 31 79 3
3 87 88 95
6 36 2 30 17 19 62
2 98 82
5 73 21 52 72 41
6 26 1 44 70 13 15
4 67 45 53 69
5 43 57 94 47 23
6 32 48 63 84 54 49
5 11 65 60 75 4
3 9 50 83
8 90 86 80 66 76 37 28 40
7 46 20 92 89 6 25 74
4 59 5 56 22
4 96 91 12 51
4 55 38 64 42
7 97 34 8 14 85 0 16

Total makespan: 38

20
6 78 7 71 10 68 99
5 61 77 93 27 18
6 29 81 33 35 39 24
4 58 31 79 3
3 87 88 95
6 36 2 30 17 19 62
2 98 82
5 73 21 52 72 41
6 26 1 44 70 13 15
4 67 45 53 69
5 43 57 94 47 23
6 32 48 63 84 54 49
5 11 65 60 75 4
3 9 50 83
8 90 86 80 66 76 37 28 40
7 46 20 92 89 6 25 74
4 59 5 56 22
4 96 91 12 51
4 55 38 64 42
7 97 34 8 14 85 0 16

Total makespan: 38

20
6 78 7 71 10 68 99
5 61 77 93 27 18
6 29 81 33 35 39 24
4 58 31 79 3
3 87 88 95
6 36 2 30 17 19 62
2 98 82
5 73 21 52 72 41
6 26 1 44 70 13 15
4 67 45 53 69
5 43 57 94 47 23
6 32 48 63 84 54 49
5 11 65 60 75 4
3 9 50 83
8 90 86 80 66 76 37 28 40
7 46 20 92 89 6 25 74
4 59 5 56 22
4 96 91 12 51
4 55 38 64 42
7 97 34 8 14 85 0 16

Total makespan: 38

