25
4 31 58 26 72
5 80 22 56 34 43
4 40 39 16 65
5 38 79 93 49 12
5 0 32 11 50 28
4 19 74 99 70
3 55 17 76
6 77 25 21 91 71 9
3 95 53 33
3 67 3 98
2 14 13
5 7 8 63 78 59
8 54 10 4 90 86 6 96 35
2 48 89
2 92 75
4 88 57 51 45
2 29 15
4 81 68 20 64
6 94 84 52 85 5 97
3 46 2 61
5 66 36 83 18 69
3 41 23 60
4 42 27 24 37
4 73 62 47 82
4 1 44 87 30

Total makespan: 58

25
4 31 58 26 72
5 80 22 56 34 43
4 40 39 16 65
5 38 79 93 49 12
5 0 32 11 50 28
4 19 74 99 70
3 55 17 76
6 77 25 21 91 71 9
3 95 53 33
3 67 3 98
2 14 13
5 7 8 63 78 59
8 54 10 4 90 86 6 96 35
2 48 89
2 92 75
4 88 57 51 45
2 29 15
4 81 68 20 64
6 94 84 52 85 5 97
3 46 2 61
5 66 36 83 18 69
3 41 23 60
4 42 27 24 37
4 73 62 47 82
4 1 44 87 30

Total makespan: 58

