25
3 20 80 55
4 89 31 61 67
2 39 53
3 86 63 35
4 74 22 50 52
4 49 13 54 40
3 42 51 58
4 27 1 93 48
3 5 16 90
4 60 83 91 21
5 59 3 4 32 8
7 82 28 2 9 19 88 68
5 6 62 47 92 76
4 0 44 26 33
5 57 84 17 99 45
3 23 24 15
5 64 30 72 95 79
4 36 43 75 41
4 10 37 65 96
3 7 87 70
4 46 11 34 71
6 73 85 56 66 78 98
5 25 38 97 14 94
2 18 29
4 69 12 81 77

Total makespan: 28

25
3 20 80 55
4 89 31 61 67
2 39 53
3 86 63 35
4 74 22 50 52
4 49 13 54 40
3 42 51 58
4 27 1 93 48
3 5 16 90
4 60 83 91 21
5 59 3 4 32 8
7 82 28 2 9 19 88 68
5 6 62 47 92 76
4 0 44 26 33
5 57 84 17 99 45
3 23 24 15
5 64 30 72 95 79
4 36 43 75 41
4 10 37 65 96
3 7 87 70
4 46 11 34 71
6 73 85 56 66 78 98
5 25 38 97 14 94
2 18 29
4 69 12 81 77

Total makespan: 28

