15
6 22 54 19 5 31 28
5 0 97 60 18 10
7 63 48 1 51 59 52 38
7 74 84 69 91 49 29 13
8 94 61 93 75 73 45 90 88
8 44 24 92 21 77 87 12 72
6 33 20 86 4 37 55
7 98 15 95 11 64 6 89
6 56 70 96 66 16 42
5 14 9 81 83 3
7 68 85 47 35 17 82 41
8 8 58 32 23 46 40 36 43
7 2 50 71 76 67 79 7
8 65 53 39 25 27 26 34 62
5 78 30 99 57 80

Total makespan: 107

15
6 22 54 19 5 31 28
5 0 97 60 18 10
7 63 48 1 51 59 52 38
7 74 84 69 91 49 29 13
8 94 61 93 75 73 45 90 88
8 44 24 92 21 77 87 12 72
6 33 20 86 4 37 55
7 98 15 95 11 64 6 89
6 56 70 96 66 16 42
5 14 9 81 83 3
7 68 85 47 35 17 82 41
8 8 58 32 23 46 40 36 43
7 2 50 71 76 67 79 7
8 65 53 39 25 27 26 34 62
5 78 30 99 57 80

Total makespan: 107

15
6 22 54 19 5 31 28
5 0 97 60 18 10
7 63 48 1 51 59 52 38
7 74 84 69 91 49 29 13
8 94 61 93 75 73 45 90 88
8 44 24 92 21 77 87 12 72
6 33 20 86 4 37 55
7 98 15 95 11 64 6 89
6 56 70 96 66 16 42
5 14 9 81 83 3
7 68 85 47 35 17 82 41
8 8 58 32 23 46 40 36 43
7 2 50 71 76 67 79 7
8 65 53 39 25 27 26 34 62
5 78 30 99 57 80

Total makespan: 107

