10
9 95 18 27 91 15 36 62 70 37
10 72 83 68 98 44 1 59 74 49 93
14 81 67 13 28 56 73 41 9 20 90 8 17 52 99
12 69 43 57 16 63 86 64 32 46 65 58 38
6 6 19 4 88 51 79
11 7 23 53 87 80 47 33 45 71 85 55
8 29 61 54 92 94 11 77 14
10 97 39 50 96 31 84 21 75 78 25
10 22 3 26 10 60 5 24 42 76 35
10 82 12 40 2 30 89 0 34 66 48

Total makespan: 103

10
9 95 18 27 91 15 36 62 70 37
10 72 83 68 98 44 1 59 74 49 93
14 81 67 13 28 56 73 41 9 20 90 8 17 52 99
12 69 43 57 16 63 86 64 32 46 65 58 38
6 6 19 4 88 51 79
11 7 23 53 87 80 47 33 45 71 85 55
8 29 61 54 92 94 11 77 14
10 97 39 50 96 31 84 21 75 78 25
10 22 3 26 10 60 5 24 42 76 35
10 82 12 40 2 30 89 0 34 66 48

Total makespan: 103

10
9 95 18 27 91 15 36 62 70 37
10 72 83 68 98 44 1 59 74 49 93
14 81 67 13 28 56 73 41 9 20 90 8 17 52 99
12 69 43 57 16 63 86 64 32 46 65 58 38
6 6 19 4 88 51 79
11 7 23 53 87 80 47 33 45 71 85 55
8 29 61 54 92 94 11 77 14
10 97 39 50 96 31 84 21 75 78 25
10 22 3 26 10 60 5 24 42 76 35
10 82 12 40 2 30 89 0 34 66 48

Total makespan: 103

