10
11 88 41 89 12 96 74 85 50 70 91 10
7 84 27 2 87 67 38 75
9 62 40 0 28 3 54 58 11 36
7 1 95 46 65 68 42 63
11 23 98 18 76 61 82 64 33 56 66 93
8 72 29 39 52 94 17 6 60
12 31 32 19 37 97 35 25 81 78 47 16 69
10 90 49 30 59 26 5 4 99 55 86
11 77 92 22 43 20 79 44 71 83 73 57
14 14 34 53 80 13 8 21 15 9 24 7 48 51 45

Total makespan: 119

10
11 88 41 89 12 96 74 85 50 70 91 10
7 84 27 2 87 67 38 75
9 62 40 0 28 3 54 58 11 36
7 1 95 46 65 68 42 63
11 23 98 18 76 61 82 64 33 56 66 93
8 72 29 39 52 94 17 6 60
12 31 32 19 37 97 35 25 81 78 47 16 69
10 90 49 30 59 26 5 4 99 55 86
11 77 92 22 43 20 79 44 71 83 73 57
14 14 34 53 80 13 8 21 15 9 24 7 48 51 45

Total makespan: 119

10
11 88 41 89 12 96 74 85 50 70 91 10
7 84 27 2 87 67 38 75
9 62 40 0 28 3 54 58 11 36
7 1 95 46 65 68 42 63
11 23 98 18 76 61 82 64 33 56 66 93
8 72 29 39 52 94 17 6 60
12 31 32 19 37 97 35 25 81 78 47 16 69
10 90 49 30 59 26 5 4 99 55 86
11 77 92 22 43 20 79 44 71 83 73 57
14 14 34 53 80 13 8 21 15 9 24 7 48 51 45

Total makespan: 119

