25
3 13 72 28
2 33 45
4 91 78 64 52
4 84 54 74 83
4 81 16 90 96
4 69 55 22 3
6 46 77 15 34 97 65
7 43 47 94 27 32 19 98
5 63 42 41 82 17
3 53 80 14
2 12 48
5 11 99 0 88 67
4 39 61 51 85
5 66 49 1 50 76
2 62 24
5 79 23 44 60 29
3 8 25 73
2 6 70
6 36 7 20 37 92 21
4 58 59 93 9
3 89 26 68
4 87 57 75 35
5 38 5 40 56 86
3 4 2 10
5 30 95 31 71 18

Total makespan: 43

25
3 13 72 28
2 33 45
4 91 78 64 52
4 84 54 74 83
4 81 16 90 96
4 69 55 22 3
6 46 77 15 34 97 65
7 43 47 94 27 32 19 98
5 63 42 41 82 17
3 53 80 14
2 12 48
5 11 99 0 88 67
4 39 61 51 85
5 66 49 1 50 76
2 62 24
5 79 23 44 60 29
3 8 25 73
2 6 70
6 36 7 20 37 92 21
4 58 59 93 9
3 89 26 68
4 87 57 75 35
5 38 5 40 56 86
3 4 2 10
5 30 95 31 71 18

Total makespan: 43

25
3 13 72 28
2 33 45
4 91 78 64 52
4 84 54 74 83
4 81 16 90 96
4 69 55 22 3
6 46 77 15 34 97 65
7 43 47 94 27 32 19 98
5 63 42 41 82 17
3 53 80 14
2 12 48
5 11 99 0 88 67
4 39 61 51 85
5 66 49 1 50 76
2 62 24
5 79 23 44 60 29
3 8 25 73
2 6 70
6 36 7 20 37 92 21
4 58 59 93 9
3 89 26 68
4 87 57 75 35
5 38 5 40 56 86
3 4 2 10
5 30 95 31 71 18

Total makespan: 43

