20
4 53 66 21 0
6 68 38 12 65 2 14
3 96 69 10
5 77 54 70 51 30
5 84 56 7 23 8
6 83 25 16 82 81 63
7 20 41 27 3 19 24 64
4 55 71 46 17
5 57 75 99 97 50
4 48 49 94 98
5 60 34 62 92 89
4 86 93 26 61
6 29 6 36 37 87 4
5 80 22 44 40 15
4 78 79 85 35
4 42 11 52 39
4 1 90 58 43
7 95 73 31 74 47 91 76
7 88 13 67 9 32 5 59
5 18 45 72 33 28

Total makespan: 58

20
4 53 66 21 0
6 68 38 12 65 2 14
3 96 69 10
5 77 54 70 51 30
5 84 56 7 23 8
6 83 25 16 82 81 63
7 20 41 27 3 19 24 64
4 55 71 46 17
5 57 75 99 97 50
4 48 49 94 98
5 60 34 62 92 89
4 86 93 26 61
6 29 6 36 37 87 4
5 80 22 44 40 15
4 78 79 85 35
4 42 11 52 39
4 1 90 58 43
7 95 73 31 74 47 91 76
7 88 13 67 9 32 5 59
5 18 45 72 33 28

Total makespan: 58

