10
10 41 26 66 53 37 82 7 87 86 79
11 3 51 17 56 62 72 71 60 16 78 99
8 93 89 74 40 12 42 69 44
12 32 39 11 28 95 9 48 22 24 33 85 83
9 46 68 63 25 23 0 64 96 50
8 58 36 57 10 15 1 97 21
10 35 77 92 19 6 75 59 47 45 34
8 38 13 27 98 84 80 88 73
11 52 18 76 49 94 2 67 20 90 61 43
13 30 70 81 65 29 4 91 31 55 54 14 5 8

Total makespan: 201

10
10 41 26 66 53 37 82 7 87 86 79
11 3 51 17 56 62 72 71 60 16 78 99
8 93 89 74 40 12 42 69 44
12 32 39 11 28 95 9 48 22 24 33 85 83
9 46 68 63 25 23 0 64 96 50
8 58 36 57 10 15 1 97 21
10 35 77 92 19 6 75 59 47 45 34
8 38 13 27 98 84 80 88 73
11 52 18 76 49 94 2 67 20 90 61 43
13 30 70 81 65 29 4 91 31 55 54 14 5 8

Total makespan: 201

10
10 41 26 66 53 37 82 7 87 86 79
11 3 51 17 56 62 72 71 60 16 78 99
8 93 89 74 40 12 42 69 44
12 32 39 11 28 95 9 48 22 24 33 85 83
9 46 68 63 25 23 0 64 96 50
8 58 36 57 10 15 1 97 21
10 35 77 92 19 6 75 59 47 45 34
8 38 13 27 98 84 80 88 73
11 52 18 76 49 94 2 67 20 90 61 43
13 30 70 81 65 29 4 91 31 55 54 14 5 8

Total makespan: 201

