20
5 6 51 25 63 78
5 0 68 44 53 87
3 22 42 43
7 80 81 33 85 29 69 48
6 19 97 98 82 40 99
4 37 57 61 90
6 4 26 14 30 64 93
5 46 62 18 50 86
4 60 34 2 79
6 45 94 54 3 1 32
3 66 13 71
4 36 7 76 91
5 15 70 65 10 88
5 16 95 38 28 5
7 12 52 84 74 72 96 92
5 55 73 47 49 59
6 17 27 58 41 83 31
5 89 11 8 75 20
4 77 24 39 9
5 23 56 67 35 21

Total makespan: 74

20
5 6 51 25 63 78
5 0 68 44 53 87
3 22 42 43
7 80 81 33 85 29 69 48
6 19 97 98 82 40 99
4 37 57 61 90
6 4 26 14 30 64 93
5 46 62 18 50 86
4 60 34 2 79
6 45 94 54 3 1 32
3 66 13 71
4 36 7 76 91
5 15 70 65 10 88
5 16 95 38 28 5
7 12 52 84 74 72 96 92
5 55 73 47 49 59
6 17 27 58 41 83 31
5 89 11 8 75 20
4 77 24 39 9
5 23 56 67 35 21

Total makespan: 74

20
5 6 51 25 63 78
5 0 68 44 53 87
3 22 42 43
7 80 81 33 85 29 69 48
6 19 97 98 82 40 99
4 37 57 61 90
6 4 26 14 30 64 93
5 46 62 18 50 86
4 60 34 2 79
6 45 94 54 3 1 32
3 66 13 71
4 36 7 76 91
5 15 70 65 10 88
5 16 95 38 28 5
7 12 52 84 74 72 96 92
5 55 73 47 49 59
6 17 27 58 41 83 31
5 89 11 8 75 20
4 77 24 39 9
5 23 56 67 35 21

Total makespan: 74

