30
5 44 103 29 64 101
6 123 45 55 148 18 84
6 60 30 42 79 119 116
5 2 8 78 113 32
5 5 147 110 132 31
6 117 72 89 108 86 25
5 111 57 92 3 17
6 143 77 90 65 0 91
5 10 74 125 93 11
6 96 20 122 73 140 63
6 6 16 146 76 71 61
5 38 62 130 54 59
3 15 104 133
6 144 53 142 83 124 52
5 99 40 82 43 22
5 48 106 100 126 105
5 9 112 24 13 39
4 149 88 102 127
5 51 50 114 12 80
5 70 121 19 115 37
6 98 58 137 47 1 35
4 41 27 129 81
3 145 49 141
5 94 66 107 69 7
4 138 56 131 75
6 120 21 139 135 67 109
5 23 34 136 4 97
5 46 95 26 87 118
4 14 85 33 128
4 134 28 36 68

Total makespan: 54

30
5 44 103 29 64 101
6 123 45 55 148 18 84
6 60 30 42 79 119 116
5 2 8 78 113 32
5 5 147 110 132 31
6 117 72 89 108 86 25
5 111 57 92 3 17
6 143 77 90 65 0 91
5 10 74 125 93 11
6 96 20 122 73 140 63
6 6 16 146 76 71 61
5 38 62 130 54 59
3 15 104 133
6 144 53 142 83 124 52
5 99 40 82 43 22
5 48 106 100 126 105
5 9 112 24 13 39
4 149 88 102 127
5 51 50 114 12 80
5 70 121 19 115 37
6 98 58 137 47 1 35
4 41 27 129 81
3 145 49 141
5 94 66 107 69 7
4 138 56 131 75
6 120 21 139 135 67 109
5 23 34 136 4 97
5 46 95 26 87 118
4 14 85 33 128
4 134 28 36 68

Total makespan: 54

30
5 44 103 29 64 101
6 123 45 55 148 18 84
6 60 30 42 79 119 116
5 2 8 78 113 32
5 5 147 110 132 31
6 117 72 89 108 86 25
5 111 57 92 3 17
6 143 77 90 65 0 91
5 10 74 125 93 11
6 96 20 122 73 140 63
6 6 16 146 76 71 61
5 38 62 130 54 59
3 15 104 133
6 144 53 142 83 124 52
5 99 40 82 43 22
5 48 106 100 126 105
5 9 112 24 13 39
4 149 88 102 127
5 51 50 114 12 80
5 70 121 19 115 37
6 98 58 137 47 1 35
4 41 27 129 81
3 145 49 141
5 94 66 107 69 7
4 138 56 131 75
6 120 21 139 135 67 109
5 23 34 136 4 97
5 46 95 26 87 118
4 14 85 33 128
4 134 28 36 68

Total makespan: 54

