20
6 134 109 42 122 101 107
6 131 121 59 27 38 94
7 60 52 68 46 32 26 65
7 118 102 128 130 40 24 129
9 2 49 25 78 146 34 105 84 98
9 135 108 6 120 10 31 83 112 85
10 64 71 36 125 126 4 97 63 55 104
8 149 124 81 7 35 140 70 8
6 77 74 58 106 33 82
8 79 111 5 87 37 147 43 145
8 136 93 113 72 92 75 11 67
5 21 14 123 54 95
8 41 133 45 61 44 13 91 103
9 48 1 96 80 127 47 51 19 15
9 53 138 89 9 73 139 110 16 17
9 39 76 142 62 86 3 116 30 0
5 66 141 88 144 99
6 69 18 115 137 56 148
7 114 20 57 29 90 100 12
8 143 28 22 23 117 50 132 119

Total makespan: 99

20
6 134 109 42 122 101 107
6 131 121 59 27 38 94
7 60 52 68 46 32 26 65
7 118 102 128 130 40 24 129
9 2 49 25 78 146 34 105 84 98
9 135 108 6 120 10 31 83 112 85
10 64 71 36 125 126 4 97 63 55 104
8 149 124 81 7 35 140 70 8
6 77 74 58 106 33 82
8 79 111 5 87 37 147 43 145
8 136 93 113 72 92 75 11 67
5 21 14 123 54 95
8 41 133 45 61 44 13 91 103
9 48 1 96 80 127 47 51 19 15
9 53 138 89 9 73 139 110 16 17
9 39 76 142 62 86 3 116 30 0
5 66 141 88 144 99
6 69 18 115 137 56 148
7 114 20 57 29 90 100 12
8 143 28 22 23 117 50 132 119

Total makespan: 99

20
6 134 109 42 122 101 107
6 131 121 59 27 38 94
7 60 52 68 46 32 26 65
7 118 102 128 130 40 24 129
9 2 49 25 78 146 34 105 84 98
9 135 108 6 120 10 31 83 112 85
10 64 71 36 125 126 4 97 63 55 104
8 149 124 81 7 35 140 70 8
6 77 74 58 106 33 82
8 79 111 5 87 37 147 43 145
8 136 93 113 72 92 75 11 67
5 21 14 123 54 95
8 41 133 45 61 44 13 91 103
9 48 1 96 80 127 47 51 19 15
9 53 138 89 9 73 139 110 16 17
9 39 76 142 62 86 3 116 30 0
5 66 141 88 144 99
6 69 18 115 137 56 148
7 114 20 57 29 90 100 12
8 143 28 22 23 117 50 132 119

Total makespan: 99

