15
12 43 70 10 85 15 31 112 121 32 86 5 2
10 48 105 130 118 125 45 147 103 136 126
10 18 75 124 76 66 94 139 109 11 93
10 3 79 49 143 44 104 71 117 63 61
10 33 9 22 106 57 113 64 46 141 142
10 82 52 133 17 53 20 24 111 91 1
11 120 56 77 0 144 37 62 84 127 35 97
12 148 38 39 145 42 138 80 114 116 73 65 78
10 68 26 69 29 54 55 123 25 88 119
10 16 135 21 27 60 107 6 81 72 129
10 47 23 51 30 14 149 40 115 90 50
8 7 36 19 98 132 128 140 67
8 28 92 146 96 108 131 87 83
9 13 110 74 101 100 89 41 8 134
10 4 137 58 59 99 102 34 122 95 12

Total makespan: 90

15
12 43 70 10 85 15 31 112 121 32 86 5 2
10 48 105 130 118 125 45 147 103 136 126
10 18 75 124 76 66 94 139 109 11 93
10 3 79 49 143 44 104 71 117 63 61
10 33 9 22 106 57 113 64 46 141 142
10 82 52 133 17 53 20 24 111 91 1
11 120 56 77 0 144 37 62 84 127 35 97
12 148 38 39 145 42 138 80 114 116 73 65 78
10 68 26 69 29 54 55 123 25 88 119
10 16 135 21 27 60 107 6 81 72 129
10 47 23 51 30 14 149 40 115 90 50
8 7 36 19 98 132 128 140 67
8 28 92 146 96 108 131 87 83
9 13 110 74 101 100 89 41 8 134
10 4 137 58 59 99 102 34 122 95 12

Total makespan: 90

