15
9 39 27 96 142 0 90 74 67 79
13 95 149 37 62 29 7 26 143 80 114 108 33 6
8 28 36 64 73 23 88 120 140
7 70 94 12 35 117 57 106
7 141 10 47 22 32 97 125
12 127 15 78 65 147 121 81 17 60 101 134 52
14 75 59 85 129 71 11 16 25 56 63 99 9 123 44
13 91 128 113 51 61 133 68 43 14 148 55 83 41
12 46 109 45 111 107 21 2 8 138 87 40 53
10 5 4 58 82 137 118 139 116 34 92
11 110 131 89 105 103 66 104 54 3 86 50
9 18 119 102 93 20 122 19 48 30
9 31 69 145 38 13 130 115 136 72
7 146 1 49 132 135 144 126
9 76 42 100 24 124 77 84 112 98

Total makespan: 125

15
9 39 27 96 142 0 90 74 67 79
13 95 149 37 62 29 7 26 143 80 114 108 33 6
8 28 36 64 73 23 88 120 140
7 70 94 12 35 117 57 106
7 141 10 47 22 32 97 125
12 127 15 78 65 147 121 81 17 60 101 134 52
14 75 59 85 129 71 11 16 25 56 63 99 9 123 44
13 91 128 113 51 61 133 68 43 14 148 55 83 41
12 46 109 45 111 107 21 2 8 138 87 40 53
10 5 4 58 82 137 118 139 116 34 92
11 110 131 89 105 103 66 104 54 3 86 50
9 18 119 102 93 20 122 19 48 30
9 31 69 145 38 13 130 115 136 72
7 146 1 49 132 135 144 126
9 76 42 100 24 124 77 84 112 98

Total makespan: 125

