15
10 15 77 66 142 2 123 134 108 78 95
7 59 114 17 73 133 26 93
12 23 98 71 119 32 52 131 16 94 45 138 61
12 64 106 85 141 121 28 63 4 76 41 122 111
9 18 31 99 37 74 6 79 35 25
9 60 88 91 38 69 42 145 51 65
9 83 13 19 10 48 40 92 107 14
11 109 100 115 132 110 43 47 20 12 140 0
9 148 118 72 124 9 58 39 53 3
7 144 49 21 84 97 102 1
11 62 57 24 11 36 139 33 130 86 67 112
9 103 143 125 68 56 120 136 75 146
13 101 44 46 104 80 105 82 87 89 96 135 127 5
12 128 8 54 50 113 30 22 70 55 147 116 34
10 29 27 137 149 117 81 126 129 90 7

Total makespan: 163

15
10 15 77 66 142 2 123 134 108 78 95
7 59 114 17 73 133 26 93
12 23 98 71 119 32 52 131 16 94 45 138 61
12 64 106 85 141 121 28 63 4 76 41 122 111
9 18 31 99 37 74 6 79 35 25
9 60 88 91 38 69 42 145 51 65
9 83 13 19 10 48 40 92 107 14
11 109 100 115 132 110 43 47 20 12 140 0
9 148 118 72 124 9 58 39 53 3
7 144 49 21 84 97 102 1
11 62 57 24 11 36 139 33 130 86 67 112
9 103 143 125 68 56 120 136 75 146
13 101 44 46 104 80 105 82 87 89 96 135 127 5
12 128 8 54 50 113 30 22 70 55 147 116 34
10 29 27 137 149 117 81 126 129 90 7

Total makespan: 163

15
10 15 77 66 142 2 123 134 108 78 95
7 59 114 17 73 133 26 93
12 23 98 71 119 32 52 131 16 94 45 138 61
12 64 106 85 141 121 28 63 4 76 41 122 111
9 18 31 99 37 74 6 79 35 25
9 60 88 91 38 69 42 145 51 65
9 83 13 19 10 48 40 92 107 14
11 109 100 115 132 110 43 47 20 12 140 0
9 148 118 72 124 9 58 39 53 3
7 144 49 21 84 97 102 1
11 62 57 24 11 36 139 33 130 86 67 112
9 103 143 125 68 56 120 136 75 146
13 101 44 46 104 80 105 82 87 89 96 135 127 5
12 128 8 54 50 113 30 22 70 55 147 116 34
10 29 27 137 149 117 81 126 129 90 7

Total makespan: 163

