15
12 138 82 113 131 7 126 53 109 70 64 39 130
9 46 94 6 75 120 33 98 3 50
7 125 45 2 100 56 25 42
7 83 88 99 15 68 107 90
7 77 111 52 24 26 110 114
14 148 66 141 44 95 48 40 96 41 38 16 54 89 142
12 116 69 71 102 67 34 8 11 30 135 84 51
11 87 137 65 60 0 79 115 140 58 145 1
11 78 21 5 122 31 143 37 10 129 43 47
7 112 144 9 73 106 121 74
11 76 14 134 105 92 86 91 20 22 132 23
11 127 12 49 123 133 101 104 32 117 80 17
12 29 35 139 97 18 27 36 136 63 13 59 85
8 103 57 124 149 61 108 4 81
11 118 147 146 28 19 62 128 55 93 119 72

Total makespan: 131

15
12 138 82 113 131 7 126 53 109 70 64 39 130
9 46 94 6 75 120 33 98 3 50
7 125 45 2 100 56 25 42
7 83 88 99 15 68 107 90
7 77 111 52 24 26 110 114
14 148 66 141 44 95 48 40 96 41 38 16 54 89 142
12 116 69 71 102 67 34 8 11 30 135 84 51
11 87 137 65 60 0 79 115 140 58 145 1
11 78 21 5 122 31 143 37 10 129 43 47
7 112 144 9 73 106 121 74
11 76 14 134 105 92 86 91 20 22 132 23
11 127 12 49 123 133 101 104 32 117 80 17
12 29 35 139 97 18 27 36 136 63 13 59 85
8 103 57 124 149 61 108 4 81
11 118 147 146 28 19 62 128 55 93 119 72

Total makespan: 131

