10
14 56 43 101 112 54 122 33 102 47 42 143 97 98 83
15 93 38 139 81 44 4 82 149 99 137 2 49 69 61 62
18 51 144 25 40 48 105 13 86 107 79 63 66 108 106 26 120 0 39
17 35 18 77 67 59 12 71 142 7 138 96 22 100 50 32 55 95
16 20 91 110 89 85 16 31 64 9 121 136 148 146 125 14 145
13 11 129 84 17 133 10 21 123 130 68 6 72 75
13 19 119 127 8 53 94 109 57 92 70 27 80 15
14 87 23 30 58 132 52 90 124 117 134 5 46 118 104
13 36 114 147 34 24 28 88 60 29 45 111 141 126
17 135 37 128 140 65 1 115 73 74 3 113 103 78 116 76 131 41

Total makespan: 209

10
14 56 43 101 112 54 122 33 102 47 42 143 97 98 83
15 93 38 139 81 44 4 82 149 99 137 2 49 69 61 62
18 51 144 25 40 48 105 13 86 107 79 63 66 108 106 26 120 0 39
17 35 18 77 67 59 12 71 142 7 138 96 22 100 50 32 55 95
16 20 91 110 89 85 16 31 64 9 121 136 148 146 125 14 145
13 11 129 84 17 133 10 21 123 130 68 6 72 75
13 19 119 127 8 53 94 109 57 92 70 27 80 15
14 87 23 30 58 132 52 90 124 117 134 5 46 118 104
13 36 114 147 34 24 28 88 60 29 45 111 141 126
17 135 37 128 140 65 1 115 73 74 3 113 103 78 116 76 131 41

Total makespan: 209

10
14 56 43 101 112 54 122 33 102 47 42 143 97 98 83
15 93 38 139 81 44 4 82 149 99 137 2 49 69 61 62
18 51 144 25 40 48 105 13 86 107 79 63 66 108 106 26 120 0 39
17 35 18 77 67 59 12 71 142 7 138 96 22 100 50 32 55 95
16 20 91 110 89 85 16 31 64 9 121 136 148 146 125 14 145
13 11 129 84 17 133 10 21 123 130 68 6 72 75
13 19 119 127 8 53 94 109 57 92 70 27 80 15
14 87 23 30 58 132 52 90 124 117 134 5 46 118 104
13 36 114 147 34 24 28 88 60 29 45 111 141 126
17 135 37 128 140 65 1 115 73 74 3 113 103 78 116 76 131 41

Total makespan: 209

