25
8 26 61 116 49 69 100 86 34
6 103 132 19 10 136 1
8 85 80 130 21 56 55 11 115
3 28 39 133
4 142 76 94 54
8 143 18 127 24 7 105 43 73
6 4 89 128 20 48 52
7 53 66 65 62 137 63 95
7 145 123 32 101 113 99 147
5 8 146 51 42 140
6 46 79 29 14 40 35
5 139 25 74 119 91
6 144 59 5 45 81 122
7 67 102 112 84 23 141 131
4 17 41 97 118
5 36 38 109 96 121
5 126 58 98 9 110
7 124 111 87 77 138 129 107
6 83 117 108 3 88 71
5 125 90 31 27 78
7 92 104 114 106 64 148 37
6 30 15 33 44 6 13
7 12 93 50 22 2 135 82
8 72 60 70 0 75 149 120 47
4 57 68 16 134

Total makespan: 82

25
8 26 61 116 49 69 100 86 34
6 103 132 19 10 136 1
8 85 80 130 21 56 55 11 115
3 28 39 133
4 142 76 94 54
8 143 18 127 24 7 105 43 73
6 4 89 128 20 48 52
7 53 66 65 62 137 63 95
7 145 123 32 101 113 99 147
5 8 146 51 42 140
6 46 79 29 14 40 35
5 139 25 74 119 91
6 144 59 5 45 81 122
7 67 102 112 84 23 141 131
4 17 41 97 118
5 36 38 109 96 121
5 126 58 98 9 110
7 124 111 87 77 138 129 107
6 83 117 108 3 88 71
5 125 90 31 27 78
7 92 104 114 106 64 148 37
6 30 15 33 44 6 13
7 12 93 50 22 2 135 82
8 72 60 70 0 75 149 120 47
4 57 68 16 134

Total makespan: 82

