30
6 102 54 21 99 122 49
7 69 187 68 148 173 0 129
8 149 67 137 138 74 171 127 66
8 79 5 20 114 161 19 152 112
4 110 164 100 6
4 46 188 143 72
5 89 62 81 135 9
7 169 36 88 121 142 64 105
9 96 145 190 70 182 119 1 175 58
6 45 91 13 176 17 87
8 15 22 136 172 48 158 4 95
6 165 39 23 146 24 186
7 151 134 184 61 153 53 197
6 178 111 47 51 86 63
5 18 33 177 35 32
4 106 97 27 141
9 83 26 124 11 162 80 159 108 73
9 29 109 193 31 180 166 199 147 59
8 44 192 163 174 77 103 57 133
6 116 179 183 194 82 12
9 118 2 93 140 101 94 155 132 168
8 8 30 38 60 117 170 189 123
6 14 37 130 98 10 160
4 128 55 7 65
9 28 92 34 167 195 84 157 85 71
7 107 113 78 40 90 131 126
6 104 150 50 52 76 56
5 185 75 125 120 16
7 156 154 3 42 196 43 41
7 144 198 25 181 139 191 115

Total makespan: 38

30
6 102 54 21 99 122 49
7 69 187 68 148 173 0 129
8 149 67 137 138 74 171 127 66
8 79 5 20 114 161 19 152 112
4 110 164 100 6
4 46 188 143 72
5 89 62 81 135 9
7 169 36 88 121 142 64 105
9 96 145 190 70 182 119 1 175 58
6 45 91 13 176 17 87
8 15 22 136 172 48 158 4 95
6 165 39 23 146 24 186
7 151 134 184 61 153 53 197
6 178 111 47 51 86 63
5 18 33 177 35 32
4 106 97 27 141
9 83 26 124 11 162 80 159 108 73
9 29 109 193 31 180 166 199 147 59
8 44 192 163 174 77 103 57 133
6 116 179 183 194 82 12
9 118 2 93 140 101 94 155 132 168
8 8 30 38 60 117 170 189 123
6 14 37 130 98 10 160
4 128 55 7 65
9 28 92 34 167 195 84 157 85 71
7 107 113 78 40 90 131 126
6 104 150 50 52 76 56
5 185 75 125 120 16
7 156 154 3 42 196 43 41
7 144 198 25 181 139 191 115

Total makespan: 38

