25
8 175 64 116 104 89 33 94 157
6 132 43 70 27 59 9
9 146 73 171 164 126 177 115 172 128
8 85 196 6 149 154 87 14 117
9 26 190 20 62 42 138 29 124 65
9 161 180 187 103 22 68 13 119 166
12 151 75 84 88 197 167 78 195 168 38 98 3
9 139 50 48 189 112 162 131 145 16
9 121 76 46 96 31 47 11 83 120
8 30 0 93 77 60 136 36 45
5 182 173 142 54 86
7 155 1 141 34 125 81 97
7 25 71 130 135 44 192 110
7 92 90 134 184 18 183 82
7 32 129 114 194 137 8 21
9 55 152 109 111 163 105 199 19 102
7 91 156 52 41 179 123 66
9 40 80 143 186 169 7 170 127 153
6 176 118 28 185 100 122
8 74 79 147 160 95 53 10 17
9 2 108 5 158 133 148 144 198 39
8 72 37 49 67 63 24 113 178
8 56 61 99 58 23 174 69 12
7 106 165 188 191 181 159 101
9 51 4 107 15 57 193 140 150 35

Total makespan: 105

25
8 175 64 116 104 89 33 94 157
6 132 43 70 27 59 9
9 146 73 171 164 126 177 115 172 128
8 85 196 6 149 154 87 14 117
9 26 190 20 62 42 138 29 124 65
9 161 180 187 103 22 68 13 119 166
12 151 75 84 88 197 167 78 195 168 38 98 3
9 139 50 48 189 112 162 131 145 16
9 121 76 46 96 31 47 11 83 120
8 30 0 93 77 60 136 36 45
5 182 173 142 54 86
7 155 1 141 34 125 81 97
7 25 71 130 135 44 192 110
7 92 90 134 184 18 183 82
7 32 129 114 194 137 8 21
9 55 152 109 111 163 105 199 19 102
7 91 156 52 41 179 123 66
9 40 80 143 186 169 7 170 127 153
6 176 118 28 185 100 122
8 74 79 147 160 95 53 10 17
9 2 108 5 158 133 148 144 198 39
8 72 37 49 67 63 24 113 178
8 56 61 99 58 23 174 69 12
7 106 165 188 191 181 159 101
9 51 4 107 15 57 193 140 150 35

Total makespan: 105

