15
13 193 192 187 126 172 40 190 3 95 181 31 104 111
12 148 144 0 196 107 146 135 176 188 71 179 119
13 143 198 69 154 30 93 14 123 46 128 77 199 94
18 64 118 173 166 54 165 163 22 13 115 21 141 156 86 139 127 80 5
10 96 151 55 133 81 114 44 91 152 142
10 72 38 49 18 117 56 113 19 63 145
13 110 74 2 9 168 100 103 70 65 47 27 92 169
10 138 189 164 10 116 171 186 150 52 109
11 45 158 130 191 60 29 75 17 58 97 6
15 42 33 84 174 8 24 76 149 7 120 112 51 121 41 25
16 15 1 105 195 182 155 36 26 106 85 197 11 83 12 167 78
16 23 59 122 140 184 159 35 99 131 147 157 134 89 53 61 98
17 68 62 57 37 194 129 124 43 178 32 125 67 108 183 48 79 50
13 170 88 20 161 73 39 160 175 185 34 102 90 137
13 66 87 4 180 82 162 16 28 136 153 177 132 101

Total makespan: 173

15
13 193 192 187 126 172 40 190 3 95 181 31 104 111
12 148 144 0 196 107 146 135 176 188 71 179 119
13 143 198 69 154 30 93 14 123 46 128 77 199 94
18 64 118 173 166 54 165 163 22 13 115 21 141 156 86 139 127 80 5
10 96 151 55 133 81 114 44 91 152 142
10 72 38 49 18 117 56 113 19 63 145
13 110 74 2 9 168 100 103 70 65 47 27 92 169
10 138 189 164 10 116 171 186 150 52 109
11 45 158 130 191 60 29 75 17 58 97 6
15 42 33 84 174 8 24 76 149 7 120 112 51 121 41 25
16 15 1 105 195 182 155 36 26 106 85 197 11 83 12 167 78
16 23 59 122 140 184 159 35 99 131 147 157 134 89 53 61 98
17 68 62 57 37 194 129 124 43 178 32 125 67 108 183 48 79 50
13 170 88 20 161 73 39 160 175 185 34 102 90 137
13 66 87 4 180 82 162 16 28 136 153 177 132 101

Total makespan: 173

15
13 193 192 187 126 172 40 190 3 95 181 31 104 111
12 148 144 0 196 107 146 135 176 188 71 179 119
13 143 198 69 154 30 93 14 123 46 128 77 199 94
18 64 118 173 166 54 165 163 22 13 115 21 141 156 86 139 127 80 5
10 96 151 55 133 81 114 44 91 152 142
10 72 38 49 18 117 56 113 19 63 145
13 110 74 2 9 168 100 103 70 65 47 27 92 169
10 138 189 164 10 116 171 186 150 52 109
11 45 158 130 191 60 29 75 17 58 97 6
15 42 33 84 174 8 24 76 149 7 120 112 51 121 41 25
16 15 1 105 195 182 155 36 26 106 85 197 11 83 12 167 78
16 23 59 122 140 184 159 35 99 131 147 157 134 89 53 61 98
17 68 62 57 37 194 129 124 43 178 32 125 67 108 183 48 79 50
13 170 88 20 161 73 39 160 175 185 34 102 90 137
13 66 87 4 180 82 162 16 28 136 153 177 132 101

Total makespan: 173

