15
14 26 56 55 94 8 3 49 10 86 79 170 74 36 9
10 46 143 66 37 155 176 51 71 173 146
16 144 53 13 104 164 167 184 153 149 132 190 84 24 68 197 177
13 65 38 101 141 7 97 83 95 20 25 129 131 32
11 189 134 117 50 16 160 122 82 172 136 15
14 109 11 175 27 61 45 110 195 102 88 126 59 108 180
15 1 174 188 4 0 148 105 90 85 140 70 103 42 22 12
12 150 147 58 124 128 119 96 77 179 165 196 156
13 169 154 35 159 185 18 33 48 92 186 43 64 72
11 100 123 151 73 138 60 127 181 171 57 161
15 178 28 199 191 130 2 152 163 80 115 183 158 44 166 120
12 198 63 54 157 81 29 52 87 118 137 187 39
11 193 168 34 133 107 5 125 121 145 6 17
18 40 114 113 162 98 76 23 139 112 30 93 111 99 192 41 62 75 67
15 116 142 21 69 194 182 106 135 14 91 78 89 47 31 19

Total makespan: 119

15
14 26 56 55 94 8 3 49 10 86 79 170 74 36 9
10 46 143 66 37 155 176 51 71 173 146
16 144 53 13 104 164 167 184 153 149 132 190 84 24 68 197 177
13 65 38 101 141 7 97 83 95 20 25 129 131 32
11 189 134 117 50 16 160 122 82 172 136 15
14 109 11 175 27 61 45 110 195 102 88 126 59 108 180
15 1 174 188 4 0 148 105 90 85 140 70 103 42 22 12
12 150 147 58 124 128 119 96 77 179 165 196 156
13 169 154 35 159 185 18 33 48 92 186 43 64 72
11 100 123 151 73 138 60 127 181 171 57 161
15 178 28 199 191 130 2 152 163 80 115 183 158 44 166 120
12 198 63 54 157 81 29 52 87 118 137 187 39
11 193 168 34 133 107 5 125 121 145 6 17
18 40 114 113 162 98 76 23 139 112 30 93 111 99 192 41 62 75 67
15 116 142 21 69 194 182 106 135 14 91 78 89 47 31 19

Total makespan: 119

15
14 26 56 55 94 8 3 49 10 86 79 170 74 36 9
10 46 143 66 37 155 176 51 71 173 146
16 144 53 13 104 164 167 184 153 149 132 190 84 24 68 197 177
13 65 38 101 141 7 97 83 95 20 25 129 131 32
11 189 134 117 50 16 160 122 82 172 136 15
14 109 11 175 27 61 45 110 195 102 88 126 59 108 180
15 1 174 188 4 0 148 105 90 85 140 70 103 42 22 12
12 150 147 58 124 128 119 96 77 179 165 196 156
13 169 154 35 159 185 18 33 48 92 186 43 64 72
11 100 123 151 73 138 60 127 181 171 57 161
15 178 28 199 191 130 2 152 163 80 115 183 158 44 166 120
12 198 63 54 157 81 29 52 87 118 137 187 39
11 193 168 34 133 107 5 125 121 145 6 17
18 40 114 113 162 98 76 23 139 112 30 93 111 99 192 41 62 75 67
15 116 142 21 69 194 182 106 135 14 91 78 89 47 31 19

Total makespan: 119

