10
23 185 121 74 124 45 8 153 96 89 68 174 136 76 137 187 158 77 198 80 93 122 129 23
17 32 55 151 42 164 169 130 133 149 160 49 30 31 21 95 5 162
23 29 120 84 168 128 98 46 183 10 132 65 3 147 156 102 41 27 131 150 115 35 177 166
17 110 154 25 82 22 39 196 109 51 123 140 182 112 157 66 143 175
18 47 50 63 57 127 103 180 189 178 11 43 38 15 33 106 4 24 67
23 108 28 75 184 170 90 12 91 20 195 116 117 1 165 70 144 159 139 114 14 161 199 125
17 179 13 56 48 135 192 190 134 79 69 119 145 78 141 34 171 173
21 118 60 181 2 88 64 197 105 37 97 9 186 0 61 16 94 113 163 7 36 138
19 19 152 62 101 111 100 17 142 72 73 86 193 167 172 148 176 146 191 26
22 44 155 92 87 71 18 54 52 104 194 126 58 107 6 59 40 83 85 81 188 53 99

Total makespan: 326

10
23 185 121 74 124 45 8 153 96 89 68 174 136 76 137 187 158 77 198 80 93 122 129 23
17 32 55 151 42 164 169 130 133 149 160 49 30 31 21 95 5 162
23 29 120 84 168 128 98 46 183 10 132 65 3 147 156 102 41 27 131 150 115 35 177 166
17 110 154 25 82 22 39 196 109 51 123 140 182 112 157 66 143 175
18 47 50 63 57 127 103 180 189 178 11 43 38 15 33 106 4 24 67
23 108 28 75 184 170 90 12 91 20 195 116 117 1 165 70 144 159 139 114 14 161 199 125
17 179 13 56 48 135 192 190 134 79 69 119 145 78 141 34 171 173
21 118 60 181 2 88 64 197 105 37 97 9 186 0 61 16 94 113 163 7 36 138
19 19 152 62 101 111 100 17 142 72 73 86 193 167 172 148 176 146 191 26
22 44 155 92 87 71 18 54 52 104 194 126 58 107 6 59 40 83 85 81 188 53 99

Total makespan: 326

10
23 185 121 74 124 45 8 153 96 89 68 174 136 76 137 187 158 77 198 80 93 122 129 23
17 32 55 151 42 164 169 130 133 149 160 49 30 31 21 95 5 162
23 29 120 84 168 128 98 46 183 10 132 65 3 147 156 102 41 27 131 150 115 35 177 166
17 110 154 25 82 22 39 196 109 51 123 140 182 112 157 66 143 175
18 47 50 63 57 127 103 180 189 178 11 43 38 15 33 106 4 24 67
23 108 28 75 184 170 90 12 91 20 195 116 117 1 165 70 144 159 139 114 14 161 199 125
17 179 13 56 48 135 192 190 134 79 69 119 145 78 141 34 171 173
21 118 60 181 2 88 64 197 105 37 97 9 186 0 61 16 94 113 163 7 36 138
19 19 152 62 101 111 100 17 142 72 73 86 193 167 172 148 176 146 191 26
22 44 155 92 87 71 18 54 52 104 194 126 58 107 6 59 40 83 85 81 188 53 99

Total makespan: 326

