20
16 167 241 139 99 185 11 121 114 187 78 238 59 89 74 168 20
11 80 244 119 192 67 166 210 98 174 25 212
13 12 173 53 129 44 223 222 17 164 182 249 113 200
13 2 47 112 84 81 201 132 101 231 246 136 45 111
13 110 137 207 91 216 14 50 64 77 108 242 13 62
13 175 38 54 63 52 236 226 102 186 199 194 177 214
10 1 66 172 144 6 88 93 58 213 247
14 82 117 178 131 215 196 153 48 156 161 224 29 35 147
13 87 221 16 245 158 230 9 206 24 188 218 157 90
14 94 97 60 217 107 106 209 34 128 248 142 124 8 127
13 237 170 243 86 204 211 219 145 18 23 138 220 46
11 193 71 203 235 22 85 4 73 75 51 154
14 120 205 169 7 33 103 140 135 83 176 229 141 179 30
13 79 31 5 180 105 146 19 143 65 95 198 27 134
13 155 184 123 41 92 69 36 61 227 42 26 232 49
14 76 165 189 240 100 57 68 115 96 190 15 40 162 70
8 148 208 122 130 225 181 233 160
11 104 39 149 118 0 151 116 159 197 191 32
11 56 43 234 37 10 195 133 125 163 109 228
12 21 126 150 3 28 183 152 171 72 202 239 55

Total makespan: 146

20
16 167 241 139 99 185 11 121 114 187 78 238 59 89 74 168 20
11 80 244 119 192 67 166 210 98 174 25 212
13 12 173 53 129 44 223 222 17 164 182 249 113 200
13 2 47 112 84 81 201 132 101 231 246 136 45 111
13 110 137 207 91 216 14 50 64 77 108 242 13 62
13 175 38 54 63 52 236 226 102 186 199 194 177 214
10 1 66 172 144 6 88 93 58 213 247
14 82 117 178 131 215 196 153 48 156 161 224 29 35 147
13 87 221 16 245 158 230 9 206 24 188 218 157 90
14 94 97 60 217 107 106 209 34 128 248 142 124 8 127
13 237 170 243 86 204 211 219 145 18 23 138 220 46
11 193 71 203 235 22 85 4 73 75 51 154
14 120 205 169 7 33 103 140 135 83 176 229 141 179 30
13 79 31 5 180 105 146 19 143 65 95 198 27 134
13 155 184 123 41 92 69 36 61 227 42 26 232 49
14 76 165 189 240 100 57 68 115 96 190 15 40 162 70
8 148 208 122 130 225 181 233 160
11 104 39 149 118 0 151 116 159 197 191 32
11 56 43 234 37 10 195 133 125 163 109 228
12 21 126 150 3 28 183 152 171 72 202 239 55

Total makespan: 146

20
16 167 241 139 99 185 11 121 114 187 78 238 59 89 74 168 20
11 80 244 119 192 67 166 210 98 174 25 212
13 12 173 53 129 44 223 222 17 164 182 249 113 200
13 2 47 112 84 81 201 132 101 231 246 136 45 111
13 110 137 207 91 216 14 50 64 77 108 242 13 62
13 175 38 54 63 52 236 226 102 186 199 194 177 214
10 1 66 172 144 6 88 93 58 213 247
14 82 117 178 131 215 196 153 48 156 161 224 29 35 147
13 87 221 16 245 158 230 9 206 24 188 218 157 90
14 94 97 60 217 107 106 209 34 128 248 142 124 8 127
13 237 170 243 86 204 211 219 145 18 23 138 220 46
11 193 71 203 235 22 85 4 73 75 51 154
14 120 205 169 7 33 103 140 135 83 176 229 141 179 30
13 79 31 5 180 105 146 19 143 65 95 198 27 134
13 155 184 123 41 92 69 36 61 227 42 26 232 49
14 76 165 189 240 100 57 68 115 96 190 15 40 162 70
8 148 208 122 130 225 181 233 160
11 104 39 149 118 0 151 116 159 197 191 32
11 56 43 234 37 10 195 133 125 163 109 228
12 21 126 150 3 28 183 152 171 72 202 239 55

Total makespan: 146

