10
26 73 24 195 136 40 123 74 166 53 213 115 191 248 36 35 80 176 50 219 119 237 95 122 42 186 144
24 61 239 43 215 4 91 99 160 63 62 197 51 2 75 124 116 147 100 246 244 55 120 198 171
31 201 92 38 241 143 0 161 232 243 212 16 41 133 174 181 107 47 5 79 203 187 3 86 156 96 66 87 182 52 150 135
24 85 33 70 88 211 205 89 142 157 45 117 202 101 247 112 167 78 200 72 21 102 19 30 121
28 218 97 172 222 127 25 13 178 242 214 236 44 194 189 179 199 196 77 208 22 57 238 132 226 210 76 209 177
22 68 138 39 114 231 14 183 175 54 64 82 154 140 146 23 108 139 128 11 230 234 118
25 10 17 81 49 110 159 235 216 58 48 152 207 126 6 193 103 217 164 105 130 155 98 223 206 18
21 28 204 84 184 137 93 168 71 173 111 65 129 8 15 67 245 145 190 109 125 165
30 225 131 60 29 26 224 180 227 34 83 188 141 7 151 9 153 220 134 59 37 228 12 240 46 185 106 90 27 158 104
19 32 249 56 113 233 1 69 149 221 162 192 163 94 31 148 229 169 170 20

Total makespan: 321

10
26 73 24 195 136 40 123 74 166 53 213 115 191 248 36 35 80 176 50 219 119 237 95 122 42 186 144
24 61 239 43 215 4 91 99 160 63 62 197 51 2 75 124 116 147 100 246 244 55 120 198 171
31 201 92 38 241 143 0 161 232 243 212 16 41 133 174 181 107 47 5 79 203 187 3 86 156 96 66 87 182 52 150 135
24 85 33 70 88 211 205 89 142 157 45 117 202 101 247 112 167 78 200 72 21 102 19 30 121
28 218 97 172 222 127 25 13 178 242 214 236 44 194 189 179 199 196 77 208 22 57 238 132 226 210 76 209 177
22 68 138 39 114 231 14 183 175 54 64 82 154 140 146 23 108 139 128 11 230 234 118
25 10 17 81 49 110 159 235 216 58 48 152 207 126 6 193 103 217 164 105 130 155 98 223 206 18
21 28 204 84 184 137 93 168 71 173 111 65 129 8 15 67 245 145 190 109 125 165
30 225 131 60 29 26 224 180 227 34 83 188 141 7 151 9 153 220 134 59 37 228 12 240 46 185 106 90 27 158 104
19 32 249 56 113 233 1 69 149 221 162 192 163 94 31 148 229 169 170 20

Total makespan: 321

