15
15 204 112 26 186 208 13 25 99 92 179 51 28 123 233 220
17 249 74 153 148 60 170 156 87 195 218 72 116 159 209 150 198 120
16 136 238 192 162 181 106 144 131 197 210 158 212 207 138 2 98
15 50 189 135 211 164 171 222 178 71 129 67 84 231 141 115
20 122 43 239 167 202 228 58 86 124 52 203 183 219 36 89 46 235 155 35 18
19 214 114 110 15 173 8 10 234 161 6 40 68 109 242 23 224 49 64 134
16 81 45 190 163 216 165 9 205 126 230 130 82 69 11 223 5
17 237 78 188 108 0 187 174 90 77 193 169 85 79 104 137 166 53
16 80 176 70 29 31 96 20 146 119 12 54 217 118 48 121 139
16 240 62 180 244 61 14 1 88 101 177 44 7 236 57 102 247
16 160 127 199 19 226 91 125 175 65 128 41 95 206 103 246 38
17 32 93 132 200 75 248 145 34 133 47 55 63 194 66 33 245 107
16 152 140 27 229 30 22 182 117 154 196 37 243 227 191 17 213
16 39 105 4 241 232 142 24 21 56 157 97 16 73 225 111 59
18 100 83 147 3 168 149 221 201 184 172 76 143 42 94 113 215 151 185

Total makespan: 173

15
15 204 112 26 186 208 13 25 99 92 179 51 28 123 233 220
17 249 74 153 148 60 170 156 87 195 218 72 116 159 209 150 198 120
16 136 238 192 162 181 106 144 131 197 210 158 212 207 138 2 98
15 50 189 135 211 164 171 222 178 71 129 67 84 231 141 115
20 122 43 239 167 202 228 58 86 124 52 203 183 219 36 89 46 235 155 35 18
19 214 114 110 15 173 8 10 234 161 6 40 68 109 242 23 224 49 64 134
16 81 45 190 163 216 165 9 205 126 230 130 82 69 11 223 5
17 237 78 188 108 0 187 174 90 77 193 169 85 79 104 137 166 53
16 80 176 70 29 31 96 20 146 119 12 54 217 118 48 121 139
16 240 62 180 244 61 14 1 88 101 177 44 7 236 57 102 247
16 160 127 199 19 226 91 125 175 65 128 41 95 206 103 246 38
17 32 93 132 200 75 248 145 34 133 47 55 63 194 66 33 245 107
16 152 140 27 229 30 22 182 117 154 196 37 243 227 191 17 213
16 39 105 4 241 232 142 24 21 56 157 97 16 73 225 111 59
18 100 83 147 3 168 149 221 201 184 172 76 143 42 94 113 215 151 185

Total makespan: 173

