20
13 48 111 139 197 104 216 53 26 36 28 3 10 165
14 5 46 191 170 185 167 239 155 244 218 246 50 1 135
16 60 64 194 30 70 122 174 138 208 175 76 159 34 183 166 71
12 186 79 109 27 214 247 201 20 129 91 99 51
10 88 74 188 225 180 90 86 25 105 217
9 137 61 107 44 168 192 13 108 151
9 66 62 59 57 156 95 220 94 145
13 56 171 241 210 227 219 140 35 6 131 172 49 85
15 52 133 124 154 242 40 89 128 115 182 4 163 73 116 125
12 181 179 24 11 65 98 233 161 211 199 23 17
8 45 212 103 136 18 38 132 148
13 77 29 142 93 153 248 195 120 147 164 78 117 200
14 184 235 223 234 221 72 97 160 187 143 67 15 80 58
15 9 228 127 33 84 190 206 119 7 229 54 158 209 83 106
8 113 123 47 0 162 149 198 203
16 178 110 150 157 114 31 134 205 196 102 232 63 213 189 126 141
11 87 39 121 193 177 41 37 100 237 55 204
13 42 169 230 144 22 202 226 176 112 14 8 19 240
13 75 222 81 152 146 32 238 249 118 236 215 173 69
16 245 207 224 96 231 12 82 2 16 68 92 101 21 243 130 43

Total makespan: 160

20
13 48 111 139 197 104 216 53 26 36 28 3 10 165
14 5 46 191 170 185 167 239 155 244 218 246 50 1 135
16 60 64 194 30 70 122 174 138 208 175 76 159 34 183 166 71
12 186 79 109 27 214 247 201 20 129 91 99 51
10 88 74 188 225 180 90 86 25 105 217
9 137 61 107 44 168 192 13 108 151
9 66 62 59 57 156 95 220 94 145
13 56 171 241 210 227 219 140 35 6 131 172 49 85
15 52 133 124 154 242 40 89 128 115 182 4 163 73 116 125
12 181 179 24 11 65 98 233 161 211 199 23 17
8 45 212 103 136 18 38 132 148
13 77 29 142 93 153 248 195 120 147 164 78 117 200
14 184 235 223 234 221 72 97 160 187 143 67 15 80 58
15 9 228 127 33 84 190 206 119 7 229 54 158 209 83 106
8 113 123 47 0 162 149 198 203
16 178 110 150 157 114 31 134 205 196 102 232 63 213 189 126 141
11 87 39 121 193 177 41 37 100 237 55 204
13 42 169 230 144 22 202 226 176 112 14 8 19 240
13 75 222 81 152 146 32 238 249 118 236 215 173 69
16 245 207 224 96 231 12 82 2 16 68 92 101 21 243 130 43

Total makespan: 160

