30
5 51 14 76 193 59
9 128 118 98 197 25 20 207 176 47
10 44 80 60 173 74 177 183 182 237 138
7 53 192 123 212 22 224 232
5 243 7 1 146 34
9 2 30 231 16 105 102 13 226 19
11 215 77 96 170 15 91 163 213 225 49 160
8 241 149 110 111 61 24 63 228
9 178 180 179 108 247 153 120 166 23
5 90 154 191 122 40
8 217 240 157 35 189 152 195 52
9 43 26 46 168 144 145 86 0 210
6 73 175 69 208 75 190
11 39 31 167 54 174 109 99 85 150 218 214
8 104 126 155 58 169 37 116 48
10 84 57 41 71 248 42 246 124 36 114
6 200 62 89 66 38 219
8 64 181 112 17 32 216 81 56
9 12 45 188 239 137 229 115 78 143
7 3 133 164 65 28 68 97
9 92 203 101 205 185 103 156 162 140
11 130 172 165 83 148 88 199 94 131 186 95
6 221 236 10 249 107 55
8 8 21 158 194 121 132 11 139
9 187 113 184 209 136 79 127 18 227
8 234 147 223 106 222 135 142 50
9 245 204 206 93 159 33 233 6 196
8 5 202 29 82 171 70 134 67
11 72 141 211 9 27 242 230 129 244 220 117
11 151 4 161 238 198 125 87 201 119 235 100

Total makespan: 50

30
5 51 14 76 193 59
9 128 118 98 197 25 20 207 176 47
10 44 80 60 173 74 177 183 182 237 138
7 53 192 123 212 22 224 232
5 243 7 1 146 34
9 2 30 231 16 105 102 13 226 19
11 215 77 96 170 15 91 163 213 225 49 160
8 241 149 110 111 61 24 63 228
9 178 180 179 108 247 153 120 166 23
5 90 154 191 122 40
8 217 240 157 35 189 152 195 52
9 43 26 46 168 144 145 86 0 210
6 73 175 69 208 75 190
11 39 31 167 54 174 109 99 85 150 218 214
8 104 126 155 58 169 37 116 48
10 84 57 41 71 248 42 246 124 36 114
6 200 62 89 66 38 219
8 64 181 112 17 32 216 81 56
9 12 45 188 239 137 229 115 78 143
7 3 133 164 65 28 68 97
9 92 203 101 205 185 103 156 162 140
11 130 172 165 83 148 88 199 94 131 186 95
6 221 236 10 249 107 55
8 8 21 158 194 121 132 11 139
9 187 113 184 209 136 79 127 18 227
8 234 147 223 106 222 135 142 50
9 245 204 206 93 159 33 233 6 196
8 5 202 29 82 171 70 134 67
11 72 141 211 9 27 242 230 129 244 220 117
11 151 4 161 238 198 125 87 201 119 235 100

Total makespan: 50

30
5 51 14 76 193 59
9 128 118 98 197 25 20 207 176 47
10 44 80 60 173 74 177 183 182 237 138
7 53 192 123 212 22 224 232
5 243 7 1 146 34
9 2 30 231 16 105 102 13 226 19
11 215 77 96 170 15 91 163 213 225 49 160
8 241 149 110 111 61 24 63 228
9 178 180 179 108 247 153 120 166 23
5 90 154 191 122 40
8 217 240 157 35 189 152 195 52
9 43 26 46 168 144 145 86 0 210
6 73 175 69 208 75 190
11 39 31 167 54 174 109 99 85 150 218 214
8 104 126 155 58 169 37 116 48
10 84 57 41 71 248 42 246 124 36 114
6 200 62 89 66 38 219
8 64 181 112 17 32 216 81 56
9 12 45 188 239 137 229 115 78 143
7 3 133 164 65 28 68 97
9 92 203 101 205 185 103 156 162 140
11 130 172 165 83 148 88 199 94 131 186 95
6 221 236 10 249 107 55
8 8 21 158 194 121 132 11 139
9 187 113 184 209 136 79 127 18 227
8 234 147 223 106 222 135 142 50
9 245 204 206 93 159 33 233 6 196
8 5 202 29 82 171 70 134 67
11 72 141 211 9 27 242 230 129 244 220 117
11 151 4 161 238 198 125 87 201 119 235 100

Total makespan: 50

