20
10 65 41 37 44 49 96 211 138 43 90
11 28 236 125 127 27 131 67 29 156 101 169
11 177 16 13 104 86 95 135 99 145 24 157
15 59 190 161 50 109 74 214 3 0 148 23 140 72 144 48
12 81 160 76 170 70 51 100 143 137 126 196 182
12 174 83 227 60 1 112 228 246 193 203 188 56
14 200 119 66 201 115 171 18 216 4 194 122 57 149 176
18 34 40 68 26 12 32 110 11 5 191 52 120 235 172 134 150 241 25
16 237 2 129 231 87 78 232 113 141 33 195 243 71 46 247 165
13 210 9 73 158 181 114 10 225 239 123 128 202 192
13 85 97 30 168 173 132 198 84 162 233 238 204 208
16 189 184 146 166 226 103 219 151 92 47 240 154 178 116 93 136
14 77 142 88 69 179 106 22 222 117 15 61 234 159 20
11 124 118 206 133 98 7 36 45 186 91 164
10 31 111 21 82 53 217 108 180 55 175
11 130 64 8 121 14 39 224 102 6 249 218
11 199 75 242 248 229 221 153 139 107 63 220
12 205 38 163 213 245 152 207 79 35 244 223 80
9 209 54 62 94 105 147 17 167 215
11 183 19 230 42 58 185 89 155 197 212 187

Total makespan: 90

20
10 65 41 37 44 49 96 211 138 43 90
11 28 236 125 127 27 131 67 29 156 101 169
11 177 16 13 104 86 95 135 99 145 24 157
15 59 190 161 50 109 74 214 3 0 148 23 140 72 144 48
12 81 160 76 170 70 51 100 143 137 126 196 182
12 174 83 227 60 1 112 228 246 193 203 188 56
14 200 119 66 201 115 171 18 216 4 194 122 57 149 176
18 34 40 68 26 12 32 110 11 5 191 52 120 235 172 134 150 241 25
16 237 2 129 231 87 78 232 113 141 33 195 243 71 46 247 165
13 210 9 73 158 181 114 10 225 239 123 128 202 192
13 85 97 30 168 173 132 198 84 162 233 238 204 208
16 189 184 146 166 226 103 219 151 92 47 240 154 178 116 93 136
14 77 142 88 69 179 106 22 222 117 15 61 234 159 20
11 124 118 206 133 98 7 36 45 186 91 164
10 31 111 21 82 53 217 108 180 55 175
11 130 64 8 121 14 39 224 102 6 249 218
11 199 75 242 248 229 221 153 139 107 63 220
12 205 38 163 213 245 152 207 79 35 244 223 80
9 209 54 62 94 105 147 17 167 215
11 183 19 230 42 58 185 89 155 197 212 187

Total makespan: 90

