30
10 202 180 117 108 118 170 73 114 152 135
8 110 207 58 209 236 15 184 26
7 70 231 213 233 126 137 39
6 127 220 155 47 49 232
8 90 146 4 36 79 28 175 18
7 112 6 41 124 83 10 11
9 128 190 162 74 136 123 89 5 158
8 33 142 239 240 172 82 245 107
10 138 2 242 43 223 93 182 13 247 222
9 203 64 56 143 163 132 51 208 97
6 188 179 225 94 99 8
9 72 17 45 140 68 169 216 55 211
8 181 59 168 53 214 195 227 86
10 91 101 102 200 148 69 159 44 141 92
6 113 189 37 96 177 176
6 27 12 206 29 30 130
11 197 78 154 243 1 122 7 100 125 166 157
12 194 198 210 144 75 38 204 105 111 84 87 171
8 196 61 165 32 156 62 9 57
11 192 212 199 205 161 31 221 98 186 219 191
8 22 60 147 139 131 116 81 173
10 187 24 241 133 218 48 167 67 21 226
11 246 183 85 3 249 23 120 40 88 106 248
10 109 65 230 229 54 174 164 134 151 119
7 34 178 46 42 237 215 0
7 244 129 149 95 185 63 217
7 235 234 228 35 153 76 77
8 150 115 71 145 224 50 14 103
7 104 19 66 16 20 121 201
6 160 52 238 193 25 80

Total makespan: 86

30
10 202 180 117 108 118 170 73 114 152 135
8 110 207 58 209 236 15 184 26
7 70 231 213 233 126 137 39
6 127 220 155 47 49 232
8 90 146 4 36 79 28 175 18
7 112 6 41 124 83 10 11
9 128 190 162 74 136 123 89 5 158
8 33 142 239 240 172 82 245 107
10 138 2 242 43 223 93 182 13 247 222
9 203 64 56 143 163 132 51 208 97
6 188 179 225 94 99 8
9 72 17 45 140 68 169 216 55 211
8 181 59 168 53 214 195 227 86
10 91 101 102 200 148 69 159 44 141 92
6 113 189 37 96 177 176
6 27 12 206 29 30 130
11 197 78 154 243 1 122 7 100 125 166 157
12 194 198 210 144 75 38 204 105 111 84 87 171
8 196 61 165 32 156 62 9 57
11 192 212 199 205 161 31 221 98 186 219 191
8 22 60 147 139 131 116 81 173
10 187 24 241 133 218 48 167 67 21 226
11 246 183 85 3 249 23 120 40 88 106 248
10 109 65 230 229 54 174 164 134 151 119
7 34 178 46 42 237 215 0
7 244 129 149 95 185 63 217
7 235 234 228 35 153 76 77
8 150 115 71 145 224 50 14 103
7 104 19 66 16 20 121 201
6 160 52 238 193 25 80

Total makespan: 86

30
10 202 180 117 108 118 170 73 114 152 135
8 110 207 58 209 236 15 184 26
7 70 231 213 233 126 137 39
6 127 220 155 47 49 232
8 90 146 4 36 79 28 175 18
7 112 6 41 124 83 10 11
9 128 190 162 74 136 123 89 5 158
8 33 142 239 240 172 82 245 107
10 138 2 242 43 223 93 182 13 247 222
9 203 64 56 143 163 132 51 208 97
6 188 179 225 94 99 8
9 72 17 45 140 68 169 216 55 211
8 181 59 168 53 214 195 227 86
10 91 101 102 200 148 69 159 44 141 92
6 113 189 37 96 177 176
6 27 12 206 29 30 130
11 197 78 154 243 1 122 7 100 125 166 157
12 194 198 210 144 75 38 204 105 111 84 87 171
8 196 61 165 32 156 62 9 57
11 192 212 199 205 161 31 221 98 186 219 191
8 22 60 147 139 131 116 81 173
10 187 24 241 133 218 48 167 67 21 226
11 246 183 85 3 249 23 120 40 88 106 248
10 109 65 230 229 54 174 164 134 151 119
7 34 178 46 42 237 215 0
7 244 129 149 95 185 63 217
7 235 234 228 35 153 76 77
8 150 115 71 145 224 50 14 103
7 104 19 66 16 20 121 201
6 160 52 238 193 25 80

Total makespan: 86

