25
3 46 27 15
3 44 0 9
2 14 45
2 43 3
3 42 20 28
1 24
2 5 33
3 38 47 16
1 30
2 32 31
3 21 25 17
2 29 49
3 26 41 37
2 7 4
1 11
1 1
2 2 6
2 36 12
2 40 13
1 19
2 34 39
2 35 22
2 48 23
1 10
2 8 18

Total makespan: 28

25
3 46 27 15
3 44 0 9
2 14 45
2 43 3
3 42 20 28
1 24
2 5 33
3 38 47 16
1 30
2 32 31
3 21 25 17
2 29 49
3 26 41 37
2 7 4
1 11
1 1
2 2 6
2 36 12
2 40 13
1 19
2 34 39
2 35 22
2 48 23
1 10
2 8 18

Total makespan: 28

25
3 46 27 15
3 44 0 9
2 14 45
2 43 3
3 42 20 28
1 24
2 5 33
3 38 47 16
1 30
2 32 31
3 21 25 17
2 29 49
3 26 41 37
2 7 4
1 11
1 1
2 2 6
2 36 12
2 40 13
1 19
2 34 39
2 35 22
2 48 23
1 10
2 8 18

Total makespan: 28

