10
7 6 46 47 19 33 34 38
5 2 10 11 44 3
6 16 22 1 17 9 49
6 40 18 8 24 30 45
5 21 32 29 27 12
4 36 41 39 7
3 43 48 20
5 14 13 23 15 0
5 37 31 26 42 5
4 35 28 4 25

Total makespan: 106

10
7 6 46 47 19 33 34 38
5 2 10 11 44 3
6 16 22 1 17 9 49
6 40 18 8 24 30 45
5 21 32 29 27 12
4 36 41 39 7
3 43 48 20
5 14 13 23 15 0
5 37 31 26 42 5
4 35 28 4 25

Total makespan: 106

10
7 6 46 47 19 33 34 38
5 2 10 11 44 3
6 16 22 1 17 9 49
6 40 18 8 24 30 45
5 21 32 29 27 12
4 36 41 39 7
3 43 48 20
5 14 13 23 15 0
5 37 31 26 42 5
4 35 28 4 25

Total makespan: 106

