20
2 16 39
3 15 17 42
3 18 35 20
2 5 12
2 3 28
2 10 29
3 24 44 21
2 8 37
3 40 33 6
3 22 49 7
2 27 13
3 45 23 32
3 48 30 1
3 2 25 14
2 31 26
2 36 34
3 38 47 46
3 41 43 11
2 19 0
2 4 9

Total makespan: 35

20
2 16 39
3 15 17 42
3 18 35 20
2 5 12
2 3 28
2 10 29
3 24 44 21
2 8 37
3 40 33 6
3 22 49 7
2 27 13
3 45 23 32
3 48 30 1
3 2 25 14
2 31 26
2 36 34
3 38 47 46
3 41 43 11
2 19 0
2 4 9

Total makespan: 35

20
2 16 39
3 15 17 42
3 18 35 20
2 5 12
2 3 28
2 10 29
3 24 44 21
2 8 37
3 40 33 6
3 22 49 7
2 27 13
3 45 23 32
3 48 30 1
3 2 25 14
2 31 26
2 36 34
3 38 47 46
3 41 43 11
2 19 0
2 4 9

Total makespan: 35

