15
3 40 23 26
5 48 41 36 11 45
3 6 27 21
2 46 13
4 29 2 24 3
3 20 17 22
4 19 0 4 49
3 7 9 28
3 44 35 34
2 30 38
5 25 31 37 43 12
3 8 47 1
3 18 5 39
4 15 32 10 42
3 14 16 33

Total makespan: 34

15
3 40 23 26
5 48 41 36 11 45
3 6 27 21
2 46 13
4 29 2 24 3
3 20 17 22
4 19 0 4 49
3 7 9 28
3 44 35 34
2 30 38
5 25 31 37 43 12
3 8 47 1
3 18 5 39
4 15 32 10 42
3 14 16 33

Total makespan: 34

15
3 40 23 26
5 48 41 36 11 45
3 6 27 21
2 46 13
4 29 2 24 3
3 20 17 22
4 19 0 4 49
3 7 9 28
3 44 35 34
2 30 38
5 25 31 37 43 12
3 8 47 1
3 18 5 39
4 15 32 10 42
3 14 16 33

Total makespan: 34

