20
2 26 18
2 11 6
3 20 47 48
3 37 45 5
3 22 46 24
2 16 30
2 29 43
2 39 21
4 33 10 44 13
2 7 35
2 23 40
2 38 9
3 41 19 27
2 1 12
2 31 4
2 28 2
3 49 8 3
3 14 42 15
2 25 34
4 36 0 32 17

Total makespan: 34

20
2 26 18
2 11 6
3 20 47 48
3 37 45 5
3 22 46 24
2 16 30
2 29 43
2 39 21
4 33 10 44 13
2 7 35
2 23 40
2 38 9
3 41 19 27
2 1 12
2 31 4
2 28 2
3 49 8 3
3 14 42 15
2 25 34
4 36 0 32 17

Total makespan: 34

20
2 26 18
2 11 6
3 20 47 48
3 37 45 5
3 22 46 24
2 16 30
2 29 43
2 39 21
4 33 10 44 13
2 7 35
2 23 40
2 38 9
3 41 19 27
2 1 12
2 31 4
2 28 2
3 49 8 3
3 14 42 15
2 25 34
4 36 0 32 17

Total makespan: 34

