10
20 236 233 227 190 196 182 65 117 36 119 9 219 126 232 98 103 133 136 0 111
27 97 101 231 165 202 243 179 159 134 209 63 211 75 72 41 31 213 225 12 92 53 16 169 62 170 141 183
24 249 175 47 131 80 147 54 221 102 22 115 107 52 241 234 109 152 208 67 128 89 26 230 204
28 93 200 248 242 56 229 74 23 95 112 73 157 28 178 149 58 49 240 163 34 59 5 235 199 46 123 20 61
24 40 171 188 176 29 137 195 10 168 13 138 173 110 244 79 218 42 151 132 48 19 90 180 82
25 214 122 216 17 158 100 146 21 66 167 71 193 207 3 83 161 237 223 88 245 70 215 224 45 39
23 192 140 160 27 1 44 11 217 166 156 164 127 198 33 206 18 143 76 174 142 197 25 155
24 177 94 106 91 247 8 4 150 186 212 51 15 172 64 37 38 189 135 222 239 124 120 228 104
27 181 68 210 32 191 114 116 125 84 153 81 2 185 113 238 184 246 6 108 187 69 24 60 35 86 105 55
28 30 148 57 87 50 145 205 130 129 201 154 77 203 118 7 121 99 139 194 43 162 78 226 144 220 96 85 14

Total makespan: 405
