20
8 77 136 114 38 64 31 14 116
8 1 149 44 22 86 78 18 144
6 134 106 58 55 20 48
8 37 126 146 4 68 32 117 72
6 43 113 94 67 63 33
9 110 143 85 29 56 88 46 90 36
5 69 131 26 61 121
7 91 76 30 127 124 2 25
7 138 13 3 19 35 135 84
8 66 49 102 132 122 41 59 79
5 120 108 83 53 52
7 16 39 98 82 75 99 130
9 74 47 28 60 50 15 145 73 115
12 100 9 40 62 140 103 105 101 118 45 123 80
10 17 93 148 24 119 54 147 125 6 95
6 27 0 137 129 57 87
8 42 5 133 97 71 141 23 34
7 21 65 70 8 142 96 51
6 104 11 12 10 81 112
8 92 111 89 128 139 109 107 7

Total makespan: 66

