10
23 124 0 25 247 162 133 103 190 196 232 57 182 136 13 33 111 36 119 9 65 233 227 66
26 75 72 41 31 223 231 165 218 169 62 170 141 238 167 101 53 16 97 63 225 12 92 126 123 200 48
26 249 175 47 131 19 26 230 204 80 109 211 183 34 152 22 115 107 52 161 42 202 128 89 208 102 221
24 5 235 199 46 248 37 229 74 23 95 112 73 241 149 179 28 98 20 61 178 163 58 49 240
26 193 70 173 110 244 157 245 40 171 188 138 198 132 4 90 180 176 134 15 29 137 195 151 10 168 210
23 11 237 215 242 192 54 88 17 158 100 207 3 83 21 214 122 216 32 236 146 224 45 39
24 234 140 217 143 164 228 166 156 82 18 44 154 64 56 1 27 127 118 197 160 172 206 243 155
24 8 177 94 212 51 117 120 209 71 38 189 106 91 135 213 148 93 144 147 186 59 222 239 104
27 153 81 174 84 159 76 125 185 113 191 114 116 6 108 187 2 55 105 35 86 60 181 68 69 24 184 246
27 77 43 85 14 150 139 194 99 87 50 145 7 121 78 226 203 96 30 79 201 205 130 129 67 220 219 142

Total makespan: 370

