15
14 10 15 34 41 46 62 87 94 130 134 154 165 167 177
18 4 21 25 39 56 58 78 86 97 101 122 123 135 157 179 180 184 185
11 9 23 32 33 72 98 148 151 166 190 194
12 26 37 43 44 95 102 107 141 146 149 152 161
14 12 24 30 45 51 66 80 115 129 136 153 174 189 192
10 11 48 73 79 93 103 117 163 164 176
11 6 19 53 70 75 76 126 145 169 173 193
13 7 17 27 31 35 47 59 83 85 89 150 181 199
14 5 13 81 90 100 112 121 132 133 139 143 159 160 195
18 0 3 29 57 65 68 69 77 82 96 104 118 120 168 172 178 182 187
14 2 16 20 52 92 106 113 116 138 155 158 162 171 197
15 18 28 50 55 60 74 84 119 127 131 142 144 156 175 191
13 1 8 22 38 40 49 61 91 125 137 140 186 198
13 36 42 64 67 71 88 105 108 109 111 124 170 188
10 14 54 63 99 110 114 128 147 183 196

Total makespan: 1092

