20
11 21 33 47 54 67 80 84 87 158 173 174
9 36 51 59 133 140 149 161 185 191
11 34 39 61 73 107 108 120 124 136 143 147
10 41 43 82 122 127 128 145 154 160 188
8 7 24 95 121 141 159 176 190
11 11 19 55 92 94 97 105 151 162 168 169
11 12 23 30 32 42 48 91 93 103 116 155
9 9 45 57 62 75 117 146 163 182
10 3 10 49 77 88 148 156 171 186 196
10 27 37 58 65 74 104 119 175 181 199
9 13 20 26 40 76 78 142 189 192
8 85 89 90 102 109 112 153 164
10 8 31 70 100 111 131 152 157 180 194
10 2 5 29 38 63 72 110 114 166 183
10 1 18 68 81 118 132 150 165 179 197
11 0 14 44 79 126 134 137 138 144 167 178
11 16 52 83 96 99 106 123 129 170 184 195
9 15 35 60 66 69 71 101 125 193
12 28 46 50 53 56 64 98 115 135 139 172 187
10 4 6 17 22 25 86 113 130 177 198

Total makespan: 738

