20
14 39 47 64 106 108 109 113 123 134 155 176 206 232 235
13 6 8 9 10 11 66 79 119 128 163 195 218 226
12 56 59 80 88 94 116 144 145 149 158 179 203
13 26 38 41 50 60 77 85 104 105 200 214 223 247
15 0 17 23 24 44 67 97 103 148 165 187 193 196 201 208
14 4 19 76 86 96 98 152 166 169 175 183 230 241 243
14 3 28 54 82 112 115 126 135 143 177 212 225 234 249
19 14 29 51 58 71 72 73 89 95 137 140 156 160 171 182 186 224 231 233
11 2 16 37 70 74 114 142 159 170 211 222
16 5 7 55 84 122 124 129 133 147 162 164 191 202 210 236 245
10 22 27 30 118 130 150 174 207 215 238
11 18 34 36 52 87 99 102 153 173 217 221
9 21 31 57 78 117 146 204 228 244
12 12 13 25 35 63 132 161 167 178 184 199 239
10 69 81 101 120 139 180 198 220 240 246
11 68 90 111 127 131 194 205 209 213 216 248
11 15 32 45 46 61 75 83 157 172 237 242
12 33 40 49 53 62 92 107 121 141 188 192 197
11 20 42 43 100 110 136 154 181 189 190 227
12 1 48 65 91 93 125 138 151 168 185 219 229

Total makespan: 544

