50  10  1
10
	0	69	1	16	2	45	3	70	4	88	5	14	6	86	7	2	8	70	9	86
	0	73	1	38	2	89	3	82	4	20	5	69	6	49	7	20	8	27	9	16
	0	71	1	71	2	87	3	90	4	29	5	7	6	10	7	3	8	77	9	9
	0	80	1	19	2	14	3	72	4	52	5	100	6	86	7	39	8	30	9	82
	0	87	1	51	2	5	3	2	4	52	5	3	6	22	7	46	8	30	9	31
	0	23	1	93	2	71	3	83	4	83	5	87	6	91	7	39	8	20	9	43
	0	78	1	91	2	64	3	74	4	66	5	90	6	12	7	13	8	79	9	25
	0	95	1	44	2	27	3	95	4	42	5	72	6	12	7	77	8	21	9	2
	0	67	1	18	2	80	3	10	4	40	5	91	6	24	7	11	8	91	9	94
	0	8	1	69	2	76	3	90	4	21	5	99	6	24	7	5	8	90	9	66
	0	35	1	48	2	48	3	65	4	60	5	5	6	17	7	40	8	26	9	25
	0	23	1	96	2	38	3	9	4	34	5	86	6	62	7	54	8	88	9	89
	0	54	1	32	2	54	3	12	4	19	5	88	6	39	7	79	8	95	9	92
	0	45	1	92	2	6	3	98	4	26	5	72	6	14	7	60	8	6	9	27
	0	83	1	36	2	50	3	87	4	30	5	73	6	18	7	17	8	4	9	45
	0	24	1	99	2	62	3	100	4	81	5	33	6	88	7	28	8	27	9	99
	0	96	1	64	2	30	3	99	4	23	5	79	6	39	7	46	8	76	9	27
	0	30	1	80	2	8	3	61	4	48	5	36	6	35	7	19	8	58	9	75
	0	16	1	49	2	49	3	73	4	54	5	33	6	60	7	15	8	97	9	20
	0	17	1	47	2	48	3	74	4	96	5	73	6	3	7	9	8	65	9	18
	0	88	1	62	2	58	3	73	4	55	5	16	6	82	7	7	8	57	9	93
	0	76	1	9	2	31	3	66	4	53	5	91	6	28	7	58	8	5	9	72
	0	94	1	35	2	57	3	10	4	82	5	12	6	87	7	77	8	46	9	21
	0	53	1	70	2	53	3	9	4	1	5	6	6	12	7	79	8	37	9	63
	0	5	1	82	2	90	3	46	4	63	5	12	6	95	7	89	8	39	9	89
	0	76	1	41	2	58	3	11	4	19	5	79	6	38	7	10	8	43	9	50
	0	32	1	60	2	22	3	37	4	30	5	3	6	17	7	6	8	2	9	96
	0	20	1	72	2	96	3	10	4	14	5	86	6	10	7	14	8	5	9	50
	0	1	1	29	2	79	3	88	4	2	5	48	6	94	7	47	8	61	9	37
	0	1	1	6	2	27	3	89	4	62	5	4	6	35	7	66	8	10	9	25
	0	77	1	72	2	55	3	99	4	56	5	41	6	55	7	9	8	55	9	15
	0	81	1	12	2	85	3	72	4	65	5	3	6	72	7	10	8	92	9	5
	0	6	1	2	2	91	3	38	4	78	5	80	6	34	7	10	8	45	9	12
	0	28	1	45	2	26	3	81	4	89	5	15	6	17	7	79	8	16	9	71
	0	60	1	71	2	96	3	62	4	19	5	99	6	29	7	6	8	45	9	27
	0	45	1	50	2	36	3	53	4	39	5	15	6	15	7	22	8	67	9	44
	0	91	1	41	2	65	3	71	4	67	5	58	6	90	7	91	8	22	9	67
	0	97	1	2	2	73	3	54	4	88	5	41	6	90	7	81	8	14	9	41
	0	33	1	92	2	5	3	77	4	18	5	76	6	68	7	81	8	51	9	19
	0	62	1	45	2	64	3	43	4	59	5	36	6	53	7	3	8	43	9	97
	0	18	1	85	2	92	3	11	4	22	5	47	6	69	7	40	8	43	9	77
	0	5	1	80	2	79	3	61	4	45	5	85	6	33	7	97	8	92	9	58
	0	83	1	87	2	90	3	6	4	12	5	99	6	96	7	100	8	70	9	80
	0	57	1	9	2	62	3	53	4	90	5	84	6	21	7	50	8	20	9	3
	0	79	1	37	2	36	3	19	4	61	5	56	6	55	7	73	8	64	9	81
	0	26	1	45	2	87	3	56	4	93	5	71	6	42	7	76	8	5	9	49
	0	34	1	16	2	58	3	2	4	19	5	32	6	77	7	82	8	63	9	75
	0	93	1	22	2	60	3	98	4	83	5	84	6	87	7	60	8	50	9	42
	0	5	1	32	2	76	3	16	4	27	5	71	6	81	7	35	8	18	9	31
	0	62	1	95	2	99	3	5	4	95	5	52	6	61	7	20	8	31	9	42
SSD
M0
0	34	60	10	56	3	109	85	31	1	31	77	119	72	116	55	27	58	114	45	56	77	16	105	98	57	1	45	47	84	67	36	98	92	15	72	87	102	28	77	25	95	77	55	47	38	59	38	114	90
112	0	15	123	65	68	52	81	115	32	86	50	33	13	52	106	58	26	7	56	41	9	94	91	28	60	88	92	50	18	33	37	18	68	38	60	34	103	53	58	110	79	5	50	42	8	44	35	90	54
103	89	0	58	45	85	20	99	33	44	15	15	69	28	20	82	105	104	115	102	14	54	52	20	77	85	27	116	119	87	64	73	79	116	2	89	114	55	5	26	2	66	75	96	87	2	12	2	120	44
108	87	51	0	58	120	111	41	16	85	19	90	5	95	123	96	13	48	20	59	64	27	66	52	72	37	95	118	54	54	100	23	23	43	2	82	123	103	70	68	8	83	24	86	109	1	84	120	96	48
53	80	107	99	0	20	102	5	41	72	12	27	37	54	117	47	114	57	82	114	124	121	82	50	7	41	72	86	122	27	58	9	11	94	115	109	18	100	25	84	103	96	36	10	67	18	101	82	84	36
14	79	89	34	90	0	29	92	111	63	114	23	3	83	106	9	119	90	51	111	65	19	55	118	122	12	83	100	1	64	60	25	43	75	120	63	113	53	109	77	41	119	114	112	39	13	82	55	49	39
96	119	85	119	62	107	0	114	57	72	63	113	110	123	75	8	77	24	19	84	11	104	79	15	104	5	20	21	55	92	102	6	110	88	60	124	62	25	92	46	88	48	101	72	116	5	64	54	66	7
87	87	84	103	89	107	53	0	70	96	56	64	6	41	54	61	55	113	61	40	14	99	28	72	73	80	71	99	22	9	5	75	91	58	52	100	95	103	26	49	90	36	112	33	29	78	86	12	79	117
66	74	1	29	51	23	82	90	0	33	92	81	116	3	123	108	4	75	89	95	116	112	100	89	8	6	98	81	109	62	69	50	66	100	19	106	37	120	5	3	62	107	23	54	33	16	91	70	30	46
38	20	5	94	14	86	23	33	41	0	46	93	17	74	39	113	40	55	103	27	123	5	5	26	51	86	24	94	83	95	45	25	17	13	57	16	82	19	91	65	95	33	19	55	57	106	49	72	54	70
38	32	84	59	4	107	96	119	34	77	0	66	113	32	36	84	34	51	28	74	22	113	87	70	13	58	84	110	105	16	36	102	34	107	88	34	3	35	25	78	102	94	69	23	110	88	20	8	79	116
47	74	100	26	15	64	64	59	83	53	123	0	54	9	59	116	36	105	16	95	4	96	64	33	52	101	83	38	77	87	89	79	21	77	101	6	74	118	40	37	8	20	84	73	87	26	90	72	71	123
81	19	55	107	95	50	90	18	77	81	44	13	0	47	46	57	3	54	40	122	13	60	48	99	52	97	102	95	33	28	108	112	58	43	4	84	67	71	62	107	99	29	41	90	100	16	71	41	84	93
52	29	35	42	108	119	25	62	97	113	7	121	13	0	83	75	97	83	100	77	116	118	88	71	36	74	124	62	45	76	67	84	15	65	20	117	9	119	66	101	18	55	110	84	35	29	58	95	76	84
109	87	85	38	104	94	18	80	110	20	100	63	4	16	0	123	27	66	39	82	4	25	7	76	82	110	59	97	104	12	40	70	11	110	17	60	30	69	20	93	63	71	5	64	114	118	20	110	59	10
47	117	71	45	30	47	25	70	10	56	19	69	81	56	39	0	99	7	102	73	104	14	75	20	83	76	108	16	83	115	48	81	59	112	71	29	13	26	62	87	2	45	72	4	8	21	19	20	61	42
3	37	48	58	100	53	32	83	74	10	90	72	23	63	43	49	0	4	100	27	38	75	87	98	59	101	122	2	35	78	103	104	80	27	60	74	70	3	6	109	29	89	44	109	37	2	21	34	19	77
25	25	51	113	77	113	105	10	20	3	54	116	112	80	49	49	48	0	70	37	64	79	64	75	77	20	13	33	91	22	99	27	61	61	32	112	24	98	102	18	85	43	114	8	23	45	82	96	44	50
12	6	12	88	74	44	122	45	71	88	28	57	50	53	75	110	37	83	0	104	50	56	40	29	121	87	80	72	70	77	90	89	5	87	90	23	84	3	37	105	57	79	103	61	39	67	42	92	90	115
17	96	71	21	73	81	13	74	81	49	35	23	121	118	122	72	93	94	102	0	17	67	68	74	108	108	74	57	73	41	68	61	56	29	66	34	97	53	27	57	4	72	122	82	121	1	42	3	81	7
47	42	90	54	97	67	8	12	84	122	113	61	57	103	109	49	25	49	70	72	0	65	48	78	117	96	29	69	7	124	15	67	12	23	36	6	77	69	89	23	95	120	46	99	89	93	61	117	74	59
88	32	7	62	108	28	34	36	116	58	19	108	45	68	105	111	81	101	122	25	24	0	52	21	94	62	64	81	67	50	7	37	76	108	4	16	48	67	105	13	14	11	24	8	89	121	87	98	101	34
20	85	48	83	19	75	54	79	32	88	95	73	43	63	54	53	65	42	96	84	92	124	0	112	51	19	42	19	41	90	114	100	113	89	18	12	60	121	48	55	55	24	8	22	33	78	90	45	103	101
62	69	24	42	66	53	123	93	35	74	116	7	94	40	25	67	6	83	77	83	105	41	119	0	54	81	46	93	55	120	48	51	56	83	122	80	36	36	60	41	38	122	38	55	102	41	50	82	18	45
92	87	29	42	87	77	6	24	95	64	2	97	10	48	52	25	75	26	54	110	123	38	17	33	0	44	80	105	23	80	89	62	37	37	124	108	27	31	33	6	20	76	21	36	28	72	109	21	86	41
92	102	116	115	25	58	94	83	59	84	48	31	84	3	43	80	51	122	108	92	14	52	98	122	59	0	112	107	78	110	74	2	45	88	87	9	43	85	63	101	122	2	69	64	121	92	74	31	51	61
20	86	3	95	10	12	97	40	23	97	64	39	7	37	32	28	67	118	47	99	51	72	107	57	53	81	0	19	124	68	5	70	52	28	10	3	28	113	104	92	92	25	73	17	116	43	117	111	6	122
30	31	123	35	120	87	22	115	53	90	54	81	123	48	2	22	59	92	111	92	69	53	113	85	48	116	54	0	91	77	59	72	113	78	31	13	22	78	90	82	51	118	22	115	19	81	63	95	29	38
33	68	45	69	27	18	11	102	120	47	115	32	65	106	45	100	93	45	14	2	123	67	116	107	74	28	91	105	0	108	95	101	5	94	44	63	113	41	111	72	4	104	28	11	6	114	68	78	61	23
48	6	40	46	74	32	40	77	122	67	79	92	95	66	17	54	109	108	55	101	95	124	86	92	40	104	57	103	122	0	21	51	12	23	113	64	72	92	103	1	63	94	20	48	92	20	27	13	79	10
12	94	67	61	114	121	57	113	31	28	98	15	81	40	11	20	70	41	20	5	102	12	6	120	80	86	97	120	110	53	0	93	37	98	28	26	117	75	72	41	14	104	41	79	69	120	121	104	11	103
32	57	86	11	36	80	118	61	55	16	109	96	78	29	34	61	120	43	19	2	88	37	118	73	5	67	67	24	18	14	21	0	62	70	85	3	26	102	33	113	81	96	47	23	39	32	82	16	88	109
39	33	102	12	107	43	115	108	2	117	76	79	93	119	36	36	105	65	57	51	56	120	67	12	53	105	17	105	79	47	112	79	0	37	73	50	122	13	12	91	78	108	36	88	31	82	53	111	26	99
101	99	39	40	13	1	10	67	57	11	121	110	115	60	81	37	70	103	16	86	110	43	45	35	93	22	101	104	114	117	112	28	81	0	114	37	74	28	47	82	34	31	25	27	23	10	100	16	22	95
111	100	108	37	70	48	90	16	111	21	46	23	4	85	77	116	24	80	67	11	50	7	67	12	89	21	49	65	25	3	72	115	8	99	0	57	101	76	37	2	106	122	20	50	44	87	80	40	88	88
18	2	47	39	91	69	64	12	56	57	42	115	7	3	111	66	51	105	99	26	118	37	3	89	83	20	119	55	81	61	19	32	14	58	81	0	97	52	109	81	121	86	49	122	26	89	103	84	22	58
1	62	60	57	5	46	77	72	119	112	89	40	15	74	40	47	111	44	114	16	49	39	28	66	37	41	28	33	18	53	76	38	64	8	5	26	0	6	30	47	99	22	62	114	5	3	62	12	35	113
102	40	15	40	116	110	78	44	78	14	90	118	52	15	96	60	66	117	106	54	81	114	29	35	54	51	120	105	58	60	85	83	37	1	115	24	73	0	28	83	99	64	116	109	8	9	86	30	78	103
87	38	82	32	42	102	101	100	61	2	8	30	10	120	115	112	59	43	109	123	88	41	122	3	93	35	15	120	5	73	30	96	32	92	63	41	119	63	0	50	12	54	109	122	88	24	1	2	79	80
56	71	63	124	40	37	72	65	31	73	99	71	27	23	8	6	77	12	101	36	34	91	19	55	1	90	112	102	28	104	52	115	70	100	16	120	46	31	124	0	27	108	94	52	48	4	112	38	116	81
105	34	8	10	73	31	86	76	32	121	85	66	108	4	18	35	53	62	86	27	48	59	89	122	93	101	37	59	53	123	28	100	67	113	26	116	103	5	38	84	0	45	31	22	46	23	20	76	58	77
111	54	76	45	75	108	27	65	14	102	60	43	61	88	42	33	72	103	105	47	68	44	118	81	21	54	86	51	48	10	31	111	30	85	41	111	48	59	117	105	72	0	21	64	105	11	76	93	56	96
35	104	31	27	108	117	71	39	33	121	97	21	91	2	11	13	15	18	98	22	37	39	42	77	33	69	85	116	75	101	105	78	10	118	67	107	103	117	49	53	24	23	0	10	108	31	53	44	84	78
107	114	94	4	29	52	99	92	12	24	11	102	72	65	113	121	32	51	86	20	123	26	46	55	103	85	91	90	50	26	100	37	37	31	35	43	48	45	98	113	17	36	60	0	106	43	112	5	112	102
13	40	95	110	119	19	118	115	68	112	91	17	56	120	52	36	99	36	106	26	32	54	100	26	57	118	92	87	88	7	124	91	118	91	59	28	48	115	41	1	25	49	35	11	0	30	37	60	84	86
91	15	114	3	87	20	43	97	28	121	57	1	83	76	12	43	39	10	42	10	123	115	15	93	17	105	120	7	68	24	41	15	115	82	61	50	86	52	13	111	114	62	92	25	25	0	37	5	96	104
41	41	56	96	97	102	111	116	42	96	88	17	55	15	43	74	118	81	122	85	88	68	4	66	89	112	124	78	100	85	98	58	116	9	92	104	78	24	109	61	18	92	40	13	43	118	0	89	107	53
115	19	6	109	34	123	57	59	73	56	72	11	25	4	95	65	27	2	114	113	103	70	49	11	50	45	17	26	90	82	26	56	71	19	41	58	47	19	123	10	87	116	38	38	93	27	83	0	90	19
20	105	96	105	45	16	56	66	77	69	66	46	85	66	46	78	6	24	91	60	61	37	36	49	19	86	101	63	16	65	11	7	114	79	10	105	33	7	120	23	27	41	4	103	45	15	58	111	0	88
58	76	88	65	56	40	14	18	37	24	85	80	6	16	108	103	52	46	123	108	57	103	83	74	10	78	7	45	80	120	118	108	12	97	89	48	51	103	68	32	35	24	61	89	45	38	35	35	57	0
M1
0	112	116	40	58	83	71	66	5	55	4	52	21	10	15	9	23	72	82	95	3	116	82	24	59	99	19	45	122	5	95	59	23	79	104	44	18	74	91	16	14	98	90	42	17	117	63	84	121	9
29	0	116	3	26	84	120	42	23	115	86	99	88	68	56	19	30	49	35	51	17	33	101	101	25	20	3	50	81	121	111	102	4	76	92	6	85	12	114	119	89	7	110	13	78	79	9	7	9	101
122	13	0	39	68	44	41	50	43	56	25	32	19	93	34	114	65	77	76	102	84	90	11	121	104	26	72	10	98	4	91	26	100	117	115	70	27	103	57	41	40	82	20	96	54	13	120	111	23	72
16	70	55	0	48	14	94	69	123	37	37	66	106	21	51	75	25	62	99	23	83	81	15	17	97	36	18	124	79	88	106	42	25	112	36	86	29	6	5	64	82	90	58	21	110	60	21	119	47	38
47	78	74	2	0	13	107	4	124	36	93	107	54	44	31	80	15	104	120	114	68	2	6	89	87	88	93	37	116	80	18	84	91	14	121	86	34	103	70	85	11	8	50	15	30	85	85	81	108	61
13	54	116	10	60	0	89	59	16	13	13	115	90	116	110	9	35	118	44	100	4	45	13	92	37	49	73	41	102	116	69	15	124	23	11	18	102	23	40	85	96	103	17	123	124	77	45	60	72	63
40	77	83	43	91	67	0	93	120	31	10	57	99	29	92	69	70	66	94	6	65	33	44	78	35	6	103	93	4	4	4	25	110	79	46	110	83	12	57	19	13	117	122	122	75	23	60	100	106	89
124	94	110	43	110	80	71	0	42	30	121	60	52	82	95	74	85	44	5	56	96	105	21	70	40	85	59	24	55	123	106	117	120	92	19	84	57	13	90	75	41	26	44	101	76	26	43	49	24	64
85	108	57	58	54	107	106	121	0	93	112	80	100	31	123	110	61	80	37	70	24	91	3	19	103	37	49	36	52	59	39	22	52	73	12	112	56	67	35	108	96	36	75	2	43	2	50	55	49	105
25	87	92	58	31	98	43	111	13	0	86	112	18	83	4	37	87	40	115	42	1	111	61	17	38	85	40	116	75	107	114	29	71	103	123	90	87	59	5	19	119	39	82	22	97	1	54	123	25	93
55	6	41	62	85	36	87	5	117	96	0	115	39	113	56	104	81	79	64	17	80	67	95	123	117	72	80	36	20	51	2	55	75	55	110	119	86	32	70	10	10	102	121	44	122	47	12	108	17	114
108	56	59	92	107	25	52	57	75	124	29	0	41	62	2	16	123	71	34	101	102	57	94	93	60	63	88	41	71	111	10	98	22	117	33	56	116	30	62	82	104	28	89	72	106	29	86	71	29	24
79	123	102	73	92	59	3	34	32	14	11	24	0	14	15	107	33	19	102	29	105	63	17	107	74	86	103	1	77	55	25	49	29	42	11	69	91	93	28	16	3	91	41	107	121	98	81	59	95	80
74	71	97	66	101	32	85	78	108	15	92	57	38	0	95	70	79	95	14	98	26	59	6	54	40	34	17	110	18	116	75	97	26	69	92	33	76	21	39	42	84	108	106	36	14	23	90	57	92	53
54	102	30	27	77	6	80	58	60	23	51	65	114	1	0	36	31	40	83	57	26	113	38	56	30	26	75	1	19	91	72	100	32	36	1	83	119	32	39	99	89	103	98	4	122	21	69	35	122	93
63	63	55	61	28	2	85	62	83	115	68	41	119	118	24	0	32	86	3	90	118	69	39	14	49	32	81	115	21	114	63	103	34	53	110	113	12	78	110	18	48	15	108	88	16	6	31	117	96	41
67	7	34	124	23	121	93	97	15	116	103	120	34	79	122	27	0	53	19	41	115	4	105	104	26	3	1	100	84	87	123	8	67	19	1	46	95	107	114	97	24	59	80	16	124	102	1	98	102	83
29	47	54	108	34	20	105	99	101	17	6	37	70	27	10	62	18	0	120	106	30	100	89	121	121	85	15	82	44	40	53	38	107	90	1	45	35	23	124	71	99	66	121	98	119	84	18	105	114	68
46	20	83	96	12	29	10	88	117	1	2	88	58	109	116	90	70	97	0	74	73	38	72	103	70	31	112	69	12	69	106	58	104	57	59	120	28	100	90	55	48	101	62	114	10	38	113	68	106	120
85	73	96	46	86	111	42	117	95	116	45	4	37	110	14	87	58	46	101	0	5	106	115	49	2	120	16	12	21	109	5	27	88	116	62	36	101	47	27	37	19	20	109	97	118	60	77	1	16	87
76	61	42	82	74	55	115	78	80	26	13	53	58	58	109	38	1	118	73	93	0	26	111	5	34	15	51	66	108	104	85	44	81	104	54	69	101	89	30	124	14	54	75	123	41	73	95	15	56	33
103	119	68	60	75	103	82	44	11	101	7	48	98	72	81	85	15	111	79	95	65	0	94	53	53	31	68	63	108	95	84	112	108	35	67	21	109	114	106	35	27	52	84	96	104	64	71	118	25	33
106	11	51	4	99	119	60	110	37	2	57	83	44	13	106	113	31	79	50	42	61	58	0	40	95	101	112	55	69	86	83	116	109	35	97	66	65	100	64	53	1	77	6	28	22	68	47	90	74	44
79	37	47	28	120	26	32	95	57	22	15	107	103	105	26	45	116	26	97	69	34	5	108	0	86	118	93	62	28	116	54	60	54	57	123	72	75	112	49	98	109	75	87	115	72	43	45	97	73	56
91	74	108	99	7	64	67	25	36	48	115	111	49	122	52	9	14	61	31	97	40	4	42	80	0	50	28	118	3	47	49	99	104	72	96	84	6	19	91	2	52	102	9	97	30	57	94	67	7	63
85	108	65	50	50	20	1	44	96	78	68	29	12	17	33	55	18	120	48	121	11	99	44	5	41	0	61	108	117	93	47	82	27	91	31	53	2	11	23	35	41	105	105	62	87	27	12	66	27	68
101	68	13	111	49	115	38	55	42	68	77	21	102	92	60	29	32	21	57	9	10	23	101	28	54	45	0	4	42	61	12	123	104	46	83	11	31	15	21	88	25	22	119	86	60	14	102	94	100	103
103	2	7	43	73	123	28	98	61	115	39	58	3	10	110	108	34	53	2	20	32	5	114	55	81	105	54	0	98	8	85	9	122	110	111	67	38	60	94	81	110	18	65	33	60	6	120	71	76	35
70	101	61	65	98	53	20	11	25	2	93	31	15	85	102	25	36	96	14	2	87	106	35	58	54	71	43	67	0	46	100	123	122	112	4	116	53	19	9	114	74	42	62	26	102	16	37	64	2	40
98	94	59	14	85	12	62	88	111	22	62	24	62	58	12	99	101	16	72	3	88	110	51	35	51	86	107	119	74	0	39	120	9	45	5	36	124	62	7	20	107	18	54	71	69	73	73	86	70	12
70	89	1	88	100	81	66	70	10	10	10	32	70	13	72	7	74	1	7	23	55	34	105	61	113	7	94	4	120	32	0	57	69	65	91	49	120	3	42	1	2	70	104	19	123	81	105	102	22	112
44	85	18	14	67	10	50	86	108	41	97	37	81	87	80	19	80	25	110	53	46	15	11	83	17	7	66	11	123	94	101	0	31	20	1	36	66	70	53	71	30	73	123	101	46	17	57	72	50	78
17	49	64	67	86	48	31	76	107	75	52	94	34	102	93	52	101	6	88	104	26	123	38	52	82	18	5	46	105	43	7	122	0	76	114	42	67	5	95	60	67	104	120	37	92	26	100	46	33	79
46	30	91	26	112	124	27	58	95	28	47	118	85	91	20	92	53	67	116	112	45	110	106	58	48	56	114	48	20	109	119	85	88	0	40	65	80	101	91	58	93	89	118	74	97	14	109	93	43	46
42	24	60	69	37	13	53	81	84	83	67	2	110	113	110	6	86	46	24	61	32	38	3	5	37	105	42	113	95	60	117	93	66	83	0	55	2	108	62	76	71	105	94	48	37	102	83	105	108	87
40	124	123	82	62	6	97	54	43	68	15	60	28	95	7	60	76	111	82	13	109	14	117	114	42	72	84	119	115	113	24	32	40	80	75	0	42	58	92	4	76	85	36	69	119	123	91	38	21	20
49	84	102	91	25	77	116	120	92	74	47	64	12	66	105	26	20	114	5	32	32	107	18	108	52	99	119	115	60	4	12	43	119	65	22	21	0	48	53	124	72	54	33	1	51	18	116	68	87	6
95	102	70	118	50	55	34	89	22	8	41	43	34	48	11	8	115	79	120	46	30	38	63	23	82	73	88	61	117	1	52	31	30	9	91	44	93	0	122	84	116	99	84	78	45	75	89	23	77	107
2	65	5	117	16	58	56	65	87	85	33	80	55	107	21	90	64	90	28	7	41	31	96	68	5	50	33	12	46	43	2	72	56	110	64	52	100	70	0	84	44	92	88	40	76	83	52	80	105	26
21	65	57	13	66	109	8	28	44	63	43	21	20	9	76	49	93	11	73	96	38	28	53	118	42	24	117	7	48	124	63	63	39	51	18	4	60	107	92	0	16	43	29	57	68	13	8	90	80	54
34	45	65	71	55	97	48	28	18	34	71	116	122	109	17	7	29	35	113	54	35	93	58	47	36	8	62	69	92	122	39	112	98	87	79	83	75	26	115	25	0	14	89	94	17	100	47	15	116	71
10	74	14	81	4	99	71	30	36	75	97	35	85	106	95	68	67	97	30	118	37	37	27	93	116	91	117	17	89	101	16	23	93	5	79	54	35	63	26	40	101	0	2	114	41	53	4	35	83	108
86	47	84	45	6	46	53	10	22	27	10	105	114	57	6	64	34	64	7	120	99	89	64	98	59	3	122	5	120	41	59	84	23	64	116	64	67	111	25	104	47	84	0	28	1	55	48	42	79	50
81	108	41	87	79	58	113	35	4	97	80	9	55	61	118	20	62	100	76	122	22	103	51	22	120	73	84	91	2	53	45	76	41	27	44	11	85	68	48	42	95	90	76	0	15	98	56	90	71	71
43	36	49	89	98	61	1	75	79	79	57	9	111	120	19	29	46	101	80	84	103	115	12	117	34	73	23	23	35	4	60	44	71	117	79	24	30	41	108	123	39	111	78	118	0	65	94	47	54	69
29	112	76	10	95	77	20	41	60	86	11	15	113	3	108	53	91	50	50	8	80	45	55	124	92	71	83	39	5	86	49	120	113	26	75	97	81	66	114	32	57	48	71	38	55	0	49	65	103	74
24	34	104	88	80	19	65	93	116	111	54	16	74	120	91	112	91	113	12	107	3	77	108	121	42	48	47	88	110	13	80	26	44	111	103	36	56	23	23	90	89	115	37	46	83	48	0	118	5	60
116	114	21	109	65	52	89	116	112	10	99	106	100	84	5	7	61	5	84	13	66	90	94	28	88	60	14	68	37	81	112	36	27	104	108	57	100	80	83	114	17	45	102	92	26	88	39	0	37	52
17	84	63	6	41	26	13	103	100	92	122	89	105	107	102	55	16	97	88	65	87	7	43	91	46	115	9	35	57	2	112	22	65	75	16	61	81	86	40	63	32	78	95	8	59	5	70	54	0	97
28	16	79	28	48	73	123	58	29	54	48	75	113	65	52	35	38	4	63	100	12	23	77	5	23	97	18	56	39	104	20	62	6	102	120	36	53	46	107	25	114	63	34	95	64	80	115	26	15	0
M2
0	104	78	41	71	37	82	71	102	1	19	76	43	98	89	84	76	56	33	54	27	90	112	43	19	6	10	67	14	71	78	101	115	94	36	29	65	79	98	58	122	60	84	97	69	48	43	50	97	34
18	0	79	5	3	42	105	16	110	42	56	94	55	71	35	12	74	99	123	80	60	98	65	13	39	85	90	15	54	55	62	119	14	15	41	59	119	4	109	6	115	122	124	34	29	122	66	67	87	45
63	109	0	54	11	97	82	89	70	17	1	70	66	57	6	47	73	51	43	70	60	101	17	21	39	76	29	90	24	20	82	3	12	19	54	54	93	55	16	119	7	88	114	29	34	61	57	6	106	29
92	23	102	0	27	79	82	4	87	124	68	87	60	48	11	120	93	99	94	61	117	124	50	39	6	43	91	60	65	18	85	11	71	5	63	103	108	99	70	31	74	84	19	17	65	22	123	108	70	88
122	82	112	99	0	58	110	92	66	21	14	19	69	54	47	87	105	67	117	93	110	10	54	76	19	101	31	122	121	52	71	41	22	7	31	19	5	84	86	37	60	61	29	87	81	2	85	38	9	77
25	5	24	66	59	0	124	9	80	120	36	34	78	90	28	60	26	110	91	33	77	8	27	124	58	11	25	115	89	108	69	108	50	40	16	3	35	79	119	104	71	42	70	7	55	111	109	19	4	106
109	6	118	87	114	75	0	86	6	45	46	51	83	7	82	111	79	74	84	99	70	82	80	45	67	79	103	36	64	48	2	54	7	3	117	54	89	99	77	75	76	78	63	70	90	107	16	52	17	30
62	75	39	26	53	76	114	0	4	77	20	115	35	15	79	5	102	69	109	74	25	15	56	55	15	46	24	70	62	30	76	56	6	104	40	41	85	110	91	116	122	119	76	42	70	102	28	2	13	61
24	29	50	117	39	41	85	61	0	113	76	116	26	57	103	28	6	78	53	12	63	121	25	54	114	99	109	83	88	9	100	116	44	44	110	83	87	14	25	104	118	113	22	73	65	33	23	22	64	39
104	52	65	52	59	3	6	56	67	0	61	83	50	111	68	99	52	29	23	95	72	16	104	39	117	56	42	116	83	8	61	78	25	21	71	118	119	81	10	56	108	29	50	101	96	49	52	58	65	41
14	34	35	42	78	84	46	66	63	57	0	78	81	122	99	29	52	56	68	41	94	82	89	116	91	24	70	6	8	25	4	110	76	68	17	77	22	105	82	12	49	110	47	54	96	82	57	51	121	109
107	12	121	63	120	14	89	15	72	55	36	0	92	22	100	115	70	1	102	17	105	46	79	114	87	31	87	112	93	5	101	78	79	24	80	77	10	103	54	93	112	98	60	15	16	74	79	61	20	42
115	105	84	57	7	107	80	109	48	17	81	1	0	74	68	58	75	23	17	65	58	64	37	87	48	4	29	75	1	103	116	39	40	102	13	13	10	1	110	107	43	94	30	122	103	124	37	9	116	96
17	87	65	70	88	17	105	35	118	82	17	115	32	0	115	115	27	100	72	113	92	65	116	124	52	73	73	123	42	103	10	96	34	43	22	24	42	26	34	109	92	28	120	92	65	107	110	110	81	3
34	16	7	26	115	56	37	27	58	124	1	61	12	63	0	48	80	26	21	24	117	79	62	33	82	49	71	37	67	1	86	60	117	5	54	43	34	40	71	81	99	108	47	60	2	83	31	79	7	95
81	8	115	26	118	2	62	3	51	2	59	9	77	113	113	0	57	8	71	116	10	64	10	80	26	82	39	65	39	111	49	91	64	48	56	9	52	95	62	77	19	7	64	28	100	86	117	51	99	92
37	36	76	85	61	87	17	49	15	67	59	14	103	122	104	74	0	55	22	18	91	69	68	31	38	89	95	112	87	55	6	3	88	78	43	96	93	16	71	60	18	77	121	70	42	120	29	99	6	87
116	90	113	40	54	1	122	76	55	123	26	11	74	103	92	35	122	0	109	81	70	59	36	62	73	14	119	93	80	10	24	2	58	115	118	77	37	13	41	116	34	1	83	67	46	118	73	15	65	122
86	74	86	37	100	6	111	81	119	38	66	29	61	35	70	78	8	55	0	37	123	38	2	107	72	58	99	79	19	47	79	28	2	54	6	93	68	59	51	59	84	104	93	15	70	110	20	48	51	94
31	57	22	29	12	74	85	111	102	5	49	124	76	102	79	96	94	36	47	0	117	26	43	79	102	68	92	9	33	58	113	64	23	17	31	48	77	8	98	31	49	31	71	122	117	107	40	37	105	89
24	74	9	12	76	51	12	121	68	111	27	67	86	12	117	63	59	123	20	101	0	103	72	46	57	6	49	48	92	40	42	27	24	84	77	114	90	56	30	96	5	64	41	5	27	107	23	12	1	32
124	96	34	22	44	22	75	15	29	30	13	123	123	115	89	34	68	92	96	13	96	0	117	66	58	97	91	110	16	89	17	68	6	6	71	46	47	84	16	77	33	29	13	41	10	47	56	12	107	10
124	116	113	4	80	2	4	104	123	52	97	62	5	39	79	54	108	7	6	2	59	22	0	96	36	34	37	115	64	92	48	78	72	45	114	34	56	107	98	84	23	29	26	86	30	27	93	16	11	22
36	110	31	56	90	97	53	94	53	52	38	22	115	14	7	87	54	86	104	66	118	86	85	0	68	22	37	68	66	70	119	71	27	8	84	77	26	61	31	101	34	78	7	66	75	38	19	17	10	29
90	49	70	43	26	39	95	94	78	112	38	93	113	12	114	45	33	98	109	56	119	93	27	43	0	110	110	41	48	115	13	98	9	1	89	99	74	22	25	48	110	35	86	40	66	7	64	51	25	73
99	65	45	66	86	90	66	69	118	11	36	120	109	37	87	35	99	3	9	45	77	78	4	54	22	0	98	55	104	40	2	75	82	9	23	89	50	28	75	81	36	22	12	52	11	3	36	115	41	124
2	114	49	122	52	20	105	65	50	29	124	79	34	77	71	53	104	102	105	9	46	87	108	116	1	53	0	57	92	81	66	5	12	59	7	85	103	48	96	106	97	36	120	77	31	113	38	59	11	52
87	119	15	32	20	85	57	115	29	73	108	59	43	45	31	6	20	63	106	104	108	45	111	5	116	14	69	0	110	92	79	80	100	21	84	45	24	8	84	112	52	4	35	112	5	25	42	124	46	84
119	110	102	122	109	86	85	88	25	77	41	124	45	13	106	100	92	120	100	115	48	34	62	35	86	118	105	116	0	10	35	123	100	118	112	7	18	57	112	91	17	119	16	73	25	8	104	42	118	93
26	54	100	113	63	80	86	37	98	74	51	96	54	55	65	28	2	123	114	94	18	14	40	96	53	26	58	27	77	0	3	89	13	65	14	33	117	51	95	33	113	102	24	64	85	22	23	72	46	58
94	45	124	113	28	77	46	60	118	114	48	77	74	120	6	62	72	47	93	83	31	29	82	11	90	18	21	76	82	59	0	98	82	24	9	122	75	116	84	99	113	95	90	25	49	89	44	80	103	35
91	21	111	113	17	1	35	64	25	80	30	29	59	87	16	106	17	13	63	66	48	52	121	101	6	46	110	122	33	98	48	0	46	56	78	69	6	91	92	89	9	76	77	120	31	77	22	68	122	24
38	99	98	115	119	71	56	8	87	54	120	109	27	18	85	19	15	3	47	12	123	47	12	40	84	7	121	89	12	90	66	44	0	17	68	112	88	54	28	31	122	7	96	21	16	59	33	97	121	28
71	13	64	24	107	64	35	59	24	83	41	23	78	19	34	89	87	68	56	26	17	121	2	48	1	7	90	117	124	115	71	13	43	0	106	74	15	53	55	58	92	54	64	99	122	42	26	16	91	16
105	13	121	13	75	48	88	81	6	15	102	97	8	15	60	48	91	20	110	118	26	108	38	29	82	27	107	14	94	72	57	68	44	111	0	93	75	37	44	17	75	65	68	19	20	108	38	84	78	35
42	113	121	41	61	7	55	24	55	3	38	69	103	93	75	12	41	109	90	54	21	107	19	98	2	100	105	87	42	72	112	63	61	120	82	0	68	44	120	36	22	15	62	57	11	74	4	101	70	19
4	26	76	14	16	122	18	35	58	82	78	115	81	115	106	34	16	103	97	60	10	50	76	80	17	27	64	12	39	72	84	50	26	56	74	59	0	35	21	100	109	82	73	53	38	117	37	29	73	101
115	21	117	67	100	56	21	78	47	88	10	22	26	102	45	92	57	47	70	92	21	119	12	91	94	70	29	10	64	1	76	95	5	7	97	66	111	0	76	78	60	111	31	99	98	111	103	73	36	111
19	89	124	103	93	124	108	52	28	120	32	120	122	97	8	113	121	13	45	58	118	88	6	104	51	3	111	90	123	112	104	10	39	32	79	49	32	51	0	8	121	37	36	33	117	53	99	12	114	84
123	47	89	37	108	61	54	22	6	100	82	7	49	87	116	56	68	37	63	65	114	19	121	43	62	57	74	8	80	75	8	13	69	3	28	50	44	100	5	0	30	85	52	71	27	53	64	8	45	119
89	23	69	110	100	12	84	51	97	123	8	67	78	1	51	116	102	119	124	16	101	20	123	29	28	27	15	75	32	84	7	108	87	104	38	55	62	21	33	43	0	91	10	6	124	70	6	117	34	45
34	96	118	23	55	63	68	32	30	108	101	28	81	91	86	16	35	82	57	70	18	102	20	52	87	13	97	16	14	34	89	41	115	42	45	48	83	74	121	21	22	0	2	26	6	62	100	105	121	88
60	75	17	16	90	25	63	73	94	115	43	98	19	57	59	7	35	78	90	95	94	47	19	56	71	26	83	43	110	94	35	88	73	36	24	47	11	42	30	45	122	91	0	74	37	67	85	77	24	18
101	44	98	23	18	1	48	124	61	46	124	97	109	20	31	91	88	67	33	89	122	57	66	30	94	71	60	75	74	85	33	50	91	29	119	97	20	12	22	26	1	97	109	0	65	83	101	88	78	100
99	41	13	3	70	63	50	104	37	106	90	53	82	72	64	120	19	76	21	107	45	116	70	119	102	7	39	77	65	104	118	37	54	28	58	110	66	72	102	9	16	68	58	50	0	74	105	107	108	91
30	80	20	41	80	112	104	95	30	74	27	79	98	40	84	91	96	89	64	116	115	37	100	93	43	74	97	81	19	99	69	54	58	29	63	13	24	59	47	27	98	123	121	74	14	0	39	22	101	112
58	44	112	79	9	85	20	83	14	103	6	123	78	113	66	8	79	107	45	42	4	74	10	84	40	53	112	90	55	101	76	89	5	47	20	82	106	73	87	71	22	105	9	30	74	70	0	16	116	36
87	44	92	92	94	77	69	78	13	19	117	26	47	111	56	57	8	1	108	99	85	5	94	24	14	14	19	114	117	20	17	39	3	114	120	29	52	52	84	19	71	1	62	5	50	34	57	0	56	52
38	124	64	48	21	72	91	119	78	49	93	28	49	107	65	40	59	55	74	46	46	121	40	51	27	59	39	25	21	32	53	119	65	86	8	49	51	2	75	88	18	2	26	43	52	53	58	79	0	1
64	46	86	89	122	98	25	75	47	47	106	104	61	67	88	84	59	121	81	52	85	97	89	35	56	45	2	81	40	45	61	12	50	68	90	3	113	49	68	9	11	65	24	44	120	76	27	48	96	0
M3
0	24	48	20	106	60	42	90	66	28	89	43	18	18	118	109	26	72	8	23	72	23	9	74	109	124	104	80	76	23	68	103	110	21	11	118	54	12	119	31	59	96	85	71	81	58	73	10	118	45
73	0	52	60	53	52	29	51	1	20	54	61	61	35	96	2	93	62	52	120	28	121	87	111	115	114	29	92	82	59	2	65	30	53	34	90	70	29	16	92	86	35	38	103	61	63	70	32	35	79
66	79	0	85	98	124	97	72	24	8	55	96	28	69	88	4	121	78	7	32	23	61	39	21	16	80	121	101	104	16	73	68	99	72	33	60	103	19	67	68	7	77	116	69	118	21	23	122	113	84
110	45	118	0	75	122	61	45	84	53	102	50	118	109	96	64	22	41	103	67	30	117	78	99	37	66	57	35	110	64	101	19	119	31	119	30	107	118	83	51	56	100	70	103	16	111	81	76	33	117
18	46	52	21	0	69	60	38	85	79	46	41	21	84	113	42	102	37	96	85	106	84	60	106	113	98	35	37	37	39	21	17	104	5	99	116	97	3	120	85	123	117	110	86	60	25	78	124	115	107
32	77	86	52	67	0	74	80	120	53	87	76	46	66	47	52	43	39	12	90	84	102	40	24	117	124	92	86	57	7	58	65	40	57	33	107	97	40	26	8	32	57	19	36	107	38	115	88	11	53
37	44	13	54	112	21	0	111	50	105	117	119	22	71	25	69	16	37	21	72	41	7	47	66	10	4	80	35	46	5	47	61	79	2	50	108	114	120	116	96	40	113	31	86	31	62	27	80	7	61
96	73	101	41	113	43	63	0	40	112	73	107	39	92	122	62	99	124	58	23	108	80	31	58	57	64	11	100	92	55	108	2	84	32	68	100	7	19	121	58	70	20	24	25	80	93	27	68	34	81
46	111	98	75	85	12	72	68	0	3	78	17	51	89	103	96	73	18	13	10	89	50	28	108	53	118	7	37	123	2	45	18	33	120	57	92	31	22	118	114	5	104	97	104	34	109	40	96	13	124
34	10	46	37	66	119	71	22	46	0	103	87	52	65	25	19	79	11	70	20	60	39	91	71	39	72	42	104	31	41	94	70	89	79	69	2	6	84	14	48	78	42	18	95	84	77	37	123	86	92
117	9	12	121	103	77	88	77	54	68	0	114	87	108	10	103	35	106	85	91	57	21	67	67	54	59	84	30	33	48	107	50	16	44	103	26	29	77	68	88	92	36	61	24	39	43	25	105	9	15
70	17	23	73	73	71	50	46	76	94	12	0	60	29	123	93	17	55	86	113	9	75	57	10	44	48	70	7	61	102	26	77	44	122	95	84	46	121	105	29	89	43	10	94	84	120	79	107	54	8
20	43	92	117	70	1	54	76	94	103	85	33	0	40	40	46	49	99	36	14	7	119	25	90	41	33	112	19	40	57	60	29	119	110	48	95	74	11	23	83	20	82	68	50	26	67	42	102	52	16
110	123	6	115	104	116	80	71	26	20	114	69	49	0	44	70	110	50	104	61	66	64	61	85	49	19	23	94	22	72	21	97	47	103	93	10	30	118	28	123	58	46	3	101	118	20	52	55	106	34
33	56	106	24	86	59	34	72	81	47	60	91	90	47	0	102	1	89	21	103	73	97	92	77	12	21	51	79	12	112	38	25	50	113	21	58	81	49	58	101	100	62	117	85	31	77	30	61	104	100
25	12	10	17	110	110	12	8	66	68	35	12	123	3	87	0	26	32	31	77	2	26	92	100	62	87	118	43	100	66	10	30	60	123	109	5	16	8	44	16	37	47	74	71	16	60	17	74	25	24
64	8	42	116	121	72	64	39	49	1	8	68	1	81	103	26	0	60	39	119	71	37	115	61	68	76	71	116	115	7	4	58	46	5	29	56	59	80	16	59	102	12	121	3	94	47	2	59	55	80
5	15	38	23	34	47	3	51	83	39	71	124	59	24	6	6	79	0	97	41	10	62	49	80	10	96	16	90	4	101	79	18	71	74	57	105	87	118	94	23	91	1	106	104	110	112	18	49	28	6
10	78	101	88	45	76	41	83	78	25	58	3	14	84	115	80	17	48	0	92	93	63	98	37	63	1	34	43	100	80	57	86	63	52	19	72	104	67	116	96	89	80	6	115	18	35	35	102	15	80
96	48	63	72	1	94	104	3	70	86	23	77	22	6	40	26	38	41	118	0	22	26	39	89	11	34	41	24	11	13	100	26	101	60	115	4	2	47	91	55	123	67	120	70	69	49	41	8	24	17
24	18	74	54	96	32	91	4	39	88	8	22	112	44	98	80	106	24	115	104	0	98	66	105	23	111	123	64	102	3	72	53	44	65	64	25	123	118	84	17	77	25	89	41	50	73	35	5	3	109
103	62	89	55	10	40	74	113	2	20	11	11	119	39	35	108	23	58	81	75	9	0	91	57	6	100	70	75	97	122	48	3	110	105	1	91	20	103	1	5	21	88	87	84	112	72	69	111	121	36
119	74	51	41	94	16	71	4	3	59	105	88	118	86	123	15	99	1	48	35	36	111	0	61	82	118	1	42	8	27	102	100	123	39	44	5	10	33	42	29	1	70	75	77	121	25	89	62	70	36
4	60	89	51	88	54	119	36	43	85	41	82	38	65	56	29	111	12	91	21	118	22	102	0	75	60	48	70	115	52	113	14	124	87	98	20	53	19	30	29	85	109	88	67	75	31	59	105	64	68
17	56	23	119	31	15	17	58	109	65	31	95	118	86	61	37	74	52	28	4	108	77	82	84	0	77	14	9	23	29	48	5	4	83	22	106	61	1	4	93	104	36	21	76	46	66	34	54	60	16
8	66	39	121	93	43	85	10	94	54	37	71	35	93	59	20	75	72	103	87	26	73	92	30	10	0	98	60	96	102	70	42	73	53	109	12	113	99	54	95	27	53	45	51	56	94	82	47	5	26
69	48	36	103	49	26	106	13	110	123	123	40	87	38	15	75	80	75	91	56	24	80	73	45	110	121	0	7	9	111	81	82	26	101	90	56	72	58	24	81	43	42	52	90	98	91	29	102	58	3
28	26	110	58	120	28	6	44	12	93	59	78	72	44	77	29	67	65	83	89	64	81	24	111	118	86	29	0	78	44	92	80	7	59	101	103	87	30	75	30	53	64	16	31	14	104	51	24	61	83
75	100	74	109	37	35	80	47	103	86	56	37	110	66	73	2	88	62	111	110	81	121	14	76	120	86	87	62	0	5	58	16	12	55	28	19	112	62	65	1	22	34	28	40	10	27	36	39	80	96
80	79	24	93	67	93	50	31	12	100	4	55	90	59	117	66	85	2	10	76	10	90	52	44	109	55	14	78	105	0	91	37	72	64	10	45	92	61	121	70	22	100	115	35	93	4	88	57	4	55
49	99	57	51	108	105	77	93	13	22	1	111	25	8	51	110	122	60	114	81	98	48	16	18	78	62	6	28	106	7	0	104	36	6	41	37	25	104	104	102	116	83	59	19	112	109	20	31	7	80
64	1	13	63	102	88	60	70	39	48	109	90	34	66	63	44	106	106	54	45	49	111	67	71	73	104	10	95	117	96	101	0	122	40	27	26	95	57	89	22	59	92	94	44	123	98	50	114	30	53
36	42	62	23	123	87	42	59	98	53	85	115	47	61	57	84	25	72	66	63	19	77	19	26	14	97	17	54	53	106	29	124	0	30	53	78	63	59	69	70	63	84	86	37	93	20	114	17	25	6
12	13	106	28	27	62	64	44	6	61	20	39	18	51	50	97	56	58	35	111	34	114	53	18	50	10	24	113	56	80	56	39	114	0	15	123	42	47	58	107	43	100	23	11	57	21	57	47	54	57
7	12	1	3	20	47	94	104	43	24	16	119	24	104	2	58	65	8	13	67	12	104	109	59	25	55	118	97	76	68	25	92	93	20	0	97	124	16	111	8	8	28	99	1	101	70	86	76	51	74
108	42	20	65	51	91	30	43	78	75	48	87	52	64	107	33	43	48	50	89	111	68	110	85	27	58	114	17	27	2	87	119	104	8	86	0	116	118	76	6	30	20	114	109	18	49	32	81	76	17
24	58	114	86	80	111	66	101	13	86	105	63	74	68	67	4	61	77	75	27	23	78	43	89	14	86	113	96	97	27	19	85	95	52	100	124	0	95	54	47	7	29	7	28	68	21	54	77	20	7
54	111	46	10	55	118	11	11	94	71	92	109	112	70	95	109	64	64	113	30	78	84	72	107	58	45	29	1	14	96	71	47	82	30	116	108	95	0	21	29	58	66	33	45	100	42	106	99	64	4
34	111	47	44	87	19	89	109	117	40	105	71	117	34	36	101	18	105	10	73	117	30	70	121	88	76	32	53	45	105	108	30	47	105	54	31	71	85	0	27	94	28	60	107	13	45	109	102	55	25
53	24	86	5	43	50	72	24	43	50	39	94	76	38	57	26	3	76	92	26	28	60	14	5	32	86	30	78	83	27	14	10	48	79	79	8	112	87	43	0	74	38	104	54	3	54	53	123	28	10
10	124	48	119	42	56	100	12	51	98	79	68	114	47	64	104	100	90	55	54	112	97	47	17	79	59	61	37	2	21	119	8	117	119	85	28	40	97	63	41	0	71	103	78	11	69	104	43	32	5
3	53	72	16	115	69	45	38	47	100	103	9	44	2	53	34	43	66	61	82	81	90	23	19	87	21	57	122	13	58	67	78	48	13	19	27	40	93	50	102	48	0	117	37	98	110	12	122	11	77
21	46	36	15	74	95	76	123	17	64	31	99	106	119	102	52	47	8	87	4	18	70	75	120	27	74	71	21	119	119	45	3	84	77	105	93	106	11	105	72	96	90	0	75	67	71	22	101	61	124
49	102	78	62	6	66	109	31	34	2	72	58	120	3	71	119	15	84	78	99	5	25	75	76	26	63	124	93	31	95	91	66	45	66	27	20	118	115	17	2	65	117	66	0	66	124	117	4	93	114
102	45	39	51	60	56	66	89	76	104	75	77	96	8	46	39	58	50	6	30	71	4	100	21	44	57	20	56	120	116	74	23	4	7	107	109	119	100	92	80	97	92	54	17	0	112	19	92	93	121
38	83	100	88	13	28	84	57	98	54	13	107	73	112	29	95	45	60	1	41	73	96	5	11	50	75	1	21	53	85	38	15	71	12	50	2	21	29	19	85	123	64	17	48	8	0	108	64	21	51
97	32	95	123	60	71	98	67	69	108	65	11	13	93	81	44	121	84	79	39	12	44	80	66	79	13	27	23	69	80	13	108	119	121	110	61	7	70	45	110	103	89	112	13	85	2	0	5	41	69
22	21	109	52	82	19	111	15	120	1	70	103	42	16	115	99	50	93	100	3	121	60	23	4	119	20	26	121	18	53	84	79	43	82	59	18	14	31	74	44	9	44	69	48	60	63	34	0	79	83
111	115	27	50	3	24	103	48	17	112	42	42	86	12	77	61	75	121	63	46	20	18	101	18	100	36	94	12	26	15	50	98	36	15	101	12	8	87	123	21	74	55	119	117	50	102	58	105	0	120
66	15	93	39	11	6	39	108	84	37	42	113	23	77	85	46	114	40	116	110	60	45	110	35	107	108	54	103	72	90	63	17	67	110	25	42	119	85	13	124	45	25	63	120	90	44	18	2	12	0
M4
0	69	54	122	46	106	62	107	118	114	53	118	77	64	59	123	85	6	40	11	42	54	51	75	97	58	6	59	60	35	108	69	90	86	95	6	21	57	45	123	35	96	85	55	87	67	79	104	112	22
43	0	74	99	9	67	7	16	117	66	25	92	79	55	99	14	25	90	120	89	32	27	31	21	118	14	85	14	11	95	54	49	22	17	13	117	59	22	83	45	38	86	78	36	31	41	120	106	113	95
103	110	0	49	23	23	88	96	93	94	81	2	67	1	79	34	27	7	47	71	50	87	25	5	47	118	53	63	113	95	100	117	120	118	67	14	101	36	94	51	96	56	78	93	64	28	45	4	93	15
92	48	85	0	49	18	60	75	6	122	48	52	43	11	98	6	102	69	87	123	2	116	105	64	33	108	40	17	27	71	39	64	16	84	1	109	113	55	97	63	65	35	55	2	38	10	29	48	18	105
70	6	95	79	0	112	54	47	90	38	92	70	66	44	118	20	104	78	30	48	14	113	47	83	22	101	91	86	53	51	122	104	41	19	83	111	2	28	17	87	5	110	72	36	97	85	18	56	112	60
52	112	118	86	79	0	58	6	25	61	4	7	95	60	2	116	2	116	88	122	36	46	102	25	101	94	110	14	22	101	61	70	113	54	61	63	95	104	80	94	112	15	34	18	11	22	122	76	96	42
59	29	48	1	7	13	0	51	36	36	74	2	38	115	65	41	89	18	12	73	88	73	89	96	39	104	17	61	124	32	40	16	91	51	26	82	12	49	17	72	10	110	69	92	77	78	64	27	9	100
100	57	10	52	105	34	85	0	73	92	50	63	71	7	105	48	84	17	8	97	70	29	101	115	65	74	24	51	84	34	17	88	45	59	62	117	116	69	51	88	105	118	75	115	103	99	97	117	49	124
48	48	120	103	21	63	61	70	0	70	117	43	67	92	28	83	92	81	54	81	100	98	96	47	124	22	11	23	71	110	55	80	66	29	44	89	110	35	50	69	74	45	18	15	12	92	75	66	119	89
100	99	7	74	19	53	50	69	62	0	118	48	19	39	57	32	7	33	79	106	47	10	113	11	51	72	83	90	118	27	86	36	34	59	35	34	73	123	82	115	60	36	82	38	84	49	100	57	15	107
31	90	30	110	27	86	111	55	109	28	0	30	103	107	80	97	124	91	119	11	45	27	76	6	27	7	47	77	108	77	21	66	2	96	1	33	10	71	41	36	72	105	51	70	76	88	87	60	7	59
15	3	24	84	97	80	88	9	84	30	45	0	100	26	27	89	18	88	48	98	69	24	54	59	107	15	119	12	104	112	61	60	67	34	108	40	11	123	3	102	107	36	106	107	23	19	115	17	123	45
18	6	22	92	58	31	52	25	68	29	102	56	0	87	31	81	58	89	58	116	11	29	29	95	40	107	92	69	42	30	70	81	2	80	96	111	85	107	83	26	63	62	42	22	41	109	58	33	31	25
31	21	20	84	37	40	112	92	98	83	108	72	53	0	19	28	71	96	81	3	55	18	17	115	13	18	47	34	74	49	62	86	68	22	24	75	9	121	38	21	7	20	27	78	22	36	30	9	24	92
100	124	40	88	38	43	87	94	105	98	31	52	27	47	0	70	78	105	3	58	110	81	32	55	52	107	31	13	110	45	19	44	36	24	16	122	8	4	85	88	83	120	18	9	9	117	51	78	113	55
43	30	36	66	44	76	62	25	17	31	7	83	72	59	109	0	12	25	25	65	100	107	79	97	9	48	17	5	116	51	87	23	92	89	11	10	37	78	44	93	99	58	43	99	123	120	68	110	31	33
12	8	45	102	9	47	55	38	39	16	18	63	41	65	118	72	0	6	100	64	36	67	110	20	20	117	31	112	58	20	72	103	78	15	36	75	64	82	16	40	60	41	36	28	44	77	110	90	77	60
78	119	68	16	5	94	115	53	85	81	90	58	13	61	109	6	56	0	81	115	19	11	112	30	90	79	66	13	34	15	25	101	10	47	75	79	17	88	1	29	123	65	25	114	24	64	41	106	121	54
103	4	44	90	41	86	109	48	17	55	70	120	117	48	107	63	76	98	0	83	99	36	39	85	40	25	91	81	91	110	84	42	96	83	104	21	108	86	85	122	116	98	71	42	7	120	103	20	16	45
36	113	74	113	20	45	96	4	47	93	74	19	88	112	80	111	46	70	96	0	6	107	9	97	120	23	3	111	94	111	82	121	55	49	15	97	20	68	90	90	93	70	116	100	74	75	92	105	54	82
73	6	50	76	124	75	104	66	78	113	30	77	44	53	79	51	80	53	33	123	0	37	18	18	65	33	122	15	33	35	103	53	94	46	88	89	13	56	24	33	42	91	50	99	36	72	63	114	79	111
124	51	98	52	21	83	2	44	77	11	108	33	88	26	90	15	22	110	33	117	61	0	105	107	64	69	34	58	123	110	62	50	46	42	91	2	33	5	64	38	52	12	37	105	94	24	40	81	14	30
98	97	100	71	104	109	88	57	118	120	71	107	93	6	79	87	41	59	105	21	70	20	0	28	87	4	114	20	83	64	79	90	11	30	15	28	83	30	85	79	11	71	109	80	46	34	114	44	89	29
96	124	13	49	111	18	73	124	5	26	18	91	97	48	37	1	62	23	17	91	10	23	37	0	42	69	104	1	109	50	31	50	55	33	48	64	37	38	13	104	47	57	118	35	16	28	77	105	100	113
64	60	87	47	105	105	111	77	16	124	69	108	16	22	114	9	60	29	33	91	78	48	98	83	0	96	46	7	13	3	11	41	14	108	43	30	52	82	48	42	118	101	26	64	91	110	106	68	10	77
27	122	2	99	10	39	55	49	44	8	73	34	96	24	78	91	63	19	70	33	55	29	87	65	17	0	21	51	59	77	24	118	117	71	107	64	37	80	60	100	104	100	114	104	15	6	121	92	52	112
114	83	108	56	72	36	27	117	16	41	117	8	82	12	53	68	123	12	46	88	35	8	61	116	72	8	0	49	55	28	62	6	73	95	14	34	90	105	49	20	50	25	117	50	20	89	88	107	65	21
20	104	96	19	97	5	76	27	58	1	108	53	90	75	95	71	100	102	59	117	119	121	118	50	88	9	36	0	10	91	110	4	114	76	15	32	121	98	63	42	26	32	118	82	3	1	108	99	119	19
59	99	29	26	74	82	120	15	26	25	51	110	119	91	54	109	23	55	12	22	32	29	14	85	35	63	50	86	0	60	20	30	11	94	84	68	75	37	29	39	82	22	5	41	82	46	55	79	109	76
65	40	38	120	13	88	124	19	63	114	111	108	60	53	7	94	124	19	113	83	3	8	106	50	43	52	36	28	13	0	17	10	65	70	112	101	79	43	122	59	96	18	108	61	42	66	28	2	21	66
97	15	78	3	7	27	51	8	25	99	59	100	32	56	80	67	66	72	76	5	13	49	57	37	63	16	120	27	9	56	0	29	117	75	64	54	107	40	36	96	63	20	119	110	96	2	59	34	37	46
95	69	109	58	7	72	29	6	28	89	74	10	42	99	96	33	78	83	101	11	80	21	47	91	39	7	48	17	18	35	73	0	3	99	57	25	82	96	74	75	80	119	41	105	11	25	34	58	105	35
29	98	101	105	43	98	37	23	52	18	7	122	16	7	70	46	81	124	59	110	4	58	52	33	50	38	75	7	81	46	110	67	0	46	43	15	60	14	29	24	79	28	88	111	2	103	28	63	53	96
111	112	92	64	31	53	107	45	56	110	55	62	85	46	92	79	84	108	21	48	74	90	65	69	107	62	99	2	63	101	24	100	18	0	18	86	90	97	86	26	56	110	105	51	120	67	94	60	115	76
13	64	17	18	16	54	41	68	49	48	106	27	113	20	8	83	74	16	55	36	24	70	93	46	18	67	96	117	117	79	57	79	10	21	0	53	68	76	94	34	103	103	45	14	69	84	9	21	124	107
54	62	47	106	115	19	97	14	113	29	97	34	43	97	106	31	96	48	106	40	78	120	114	92	100	18	77	53	118	11	41	93	4	103	7	0	68	7	49	22	98	16	28	104	69	124	96	4	33	124
30	65	46	118	100	23	98	43	108	47	119	10	14	60	34	42	54	88	14	63	4	89	116	37	26	99	6	33	80	70	1	65	35	48	100	48	0	1	14	38	12	97	88	62	1	107	115	80	99	49
14	42	72	58	89	124	8	27	28	58	11	113	60	65	7	107	83	81	47	78	41	44	87	118	47	92	68	34	97	35	107	109	56	118	41	112	79	0	17	72	109	71	120	80	56	59	11	39	56	122
107	16	68	78	86	39	6	4	102	96	79	96	99	2	14	35	81	75	48	9	24	61	47	25	22	51	55	106	21	1	70	43	46	75	59	114	96	75	0	38	27	41	5	68	39	2	91	51	70	10
123	99	94	93	123	61	42	20	14	51	73	55	113	101	20	4	66	117	32	95	95	65	46	40	119	116	52	120	65	22	79	104	107	102	72	6	96	71	14	0	55	92	24	33	97	94	108	25	85	51
40	104	66	62	12	101	37	50	8	95	110	113	109	29	60	44	124	68	10	5	68	69	124	70	119	18	35	43	63	83	12	64	99	1	80	3	124	95	25	63	0	64	83	23	53	9	60	62	43	85
102	61	66	114	71	33	12	28	11	26	57	70	15	124	106	49	30	46	9	96	41	56	86	25	8	64	77	46	112	46	65	8	87	84	60	97	120	14	16	101	78	0	7	112	118	64	10	30	120	21
84	110	68	62	111	78	47	70	89	7	61	50	60	36	19	78	86	80	98	53	111	91	109	114	64	64	82	27	121	29	23	66	33	31	2	21	106	31	76	49	102	40	0	28	34	27	106	97	23	42
37	24	66	48	26	112	97	60	15	96	120	35	18	68	30	61	53	57	15	12	95	99	53	9	2	52	26	109	22	78	12	11	30	100	96	104	20	88	80	6	72	55	110	0	66	10	50	43	57	28
93	2	104	81	20	22	115	92	3	36	92	120	24	27	15	94	4	61	116	55	54	74	63	95	111	64	28	110	113	2	117	119	38	51	93	79	34	99	4	17	7	121	4	90	0	98	68	41	85	104
119	105	20	69	46	46	70	54	95	101	24	6	72	54	55	20	94	118	89	1	11	29	105	76	17	115	88	72	30	39	43	98	39	19	88	107	40	42	108	57	116	86	48	80	63	0	17	4	111	50
4	22	71	60	75	65	108	2	68	117	68	72	45	75	1	73	114	92	60	57	40	76	52	89	29	78	42	49	117	72	85	72	3	66	64	8	48	105	10	33	123	25	62	122	60	101	0	26	89	81
20	108	55	54	90	108	27	91	103	76	122	56	57	34	50	49	74	87	67	7	63	71	112	34	5	9	3	45	108	84	64	39	20	101	67	123	18	52	111	57	83	94	22	119	71	124	109	0	13	52
41	35	35	27	94	46	49	97	91	49	51	21	35	85	40	22	52	86	62	105	96	77	77	77	113	122	60	39	94	115	66	43	115	34	114	85	16	57	37	64	96	119	92	77	59	104	66	116	0	15
59	86	100	87	82	49	109	4	71	90	76	5	41	65	119	43	21	7	83	31	48	108	10	41	86	19	81	33	56	35	50	87	10	61	3	9	82	110	54	113	32	13	111	112	96	46	16	94	29	0
M5
0	119	112	94	93	120	12	41	90	22	26	33	112	41	103	29	46	3	63	100	82	24	4	18	60	90	16	122	104	104	121	85	50	13	22	47	65	48	117	71	40	2	95	80	59	113	90	20	103	76
36	0	115	11	40	24	24	105	52	96	63	122	14	111	118	28	22	32	113	12	110	95	81	112	74	35	21	39	88	108	28	75	100	50	63	95	33	24	40	8	87	101	34	71	107	68	91	113	9	118
30	28	0	21	60	2	1	67	31	22	61	105	36	63	55	41	114	90	113	119	9	79	2	99	93	80	105	24	105	65	37	107	10	39	8	111	95	113	42	22	86	70	115	114	38	51	97	15	111	102
15	35	80	0	6	87	79	75	73	117	83	124	17	109	106	58	22	21	85	7	54	88	66	15	104	58	119	60	84	82	41	54	16	48	10	61	41	35	105	111	77	111	38	55	90	95	66	120	116	59
12	70	64	13	0	43	71	8	104	57	82	46	97	38	80	5	12	18	117	6	6	95	85	106	76	71	113	96	90	73	54	96	39	81	33	111	78	5	76	110	80	46	116	109	58	73	79	4	3	27
14	78	53	54	65	0	122	113	48	47	10	21	116	95	120	50	103	112	17	66	95	37	67	49	12	86	114	88	115	68	83	41	1	108	38	123	73	61	32	61	16	13	97	17	84	103	108	105	6	122
83	28	45	28	101	60	0	59	68	69	14	37	66	73	71	20	107	18	58	83	23	67	117	78	75	42	40	14	70	111	19	86	96	87	28	46	61	13	24	102	52	18	116	104	95	63	87	36	61	5
86	103	88	30	93	21	82	0	68	5	94	108	68	27	12	38	37	26	6	89	46	89	110	57	50	10	114	52	26	6	117	114	90	84	113	86	44	34	59	41	65	34	40	87	52	39	67	49	45	1
42	4	18	13	110	14	44	10	0	13	87	70	42	79	11	92	68	59	35	58	98	92	113	88	77	90	2	20	14	32	74	73	69	112	10	67	39	61	7	46	14	19	102	66	87	105	86	59	72	97
15	91	56	76	124	109	41	10	97	0	63	86	57	32	67	119	11	5	33	26	100	34	17	124	7	2	16	79	121	26	17	25	96	48	110	36	21	53	18	36	89	123	35	61	34	58	71	56	120	71
72	63	50	122	82	26	120	65	57	5	0	50	107	94	118	16	95	30	31	121	40	115	5	20	80	47	44	99	11	112	52	37	109	43	107	40	84	38	102	35	75	89	26	56	81	25	67	26	58	84
18	3	5	123	92	17	95	95	66	12	95	0	68	47	68	84	122	96	3	15	90	74	70	68	19	103	50	42	21	100	10	25	83	88	95	30	53	27	72	47	61	79	20	110	46	121	110	24	62	83
55	41	115	113	75	79	13	119	59	57	22	90	0	64	26	33	67	14	102	80	112	78	68	86	85	118	76	6	4	23	19	60	104	119	76	31	97	49	22	124	8	108	38	70	53	122	29	11	16	52
120	48	112	76	41	70	11	48	108	13	58	4	104	0	12	59	52	63	42	108	15	62	41	124	89	116	65	19	84	67	42	108	63	13	91	117	10	101	49	80	40	44	108	46	86	1	11	83	12	105
24	61	21	117	83	124	12	21	7	40	58	114	99	4	0	78	118	9	51	95	11	69	67	71	65	65	120	20	117	95	48	93	89	14	72	17	107	82	89	9	76	122	58	116	82	103	99	64	58	17
38	78	34	59	45	114	76	7	76	14	58	5	61	70	58	0	92	90	104	78	6	20	77	76	122	34	47	71	45	28	41	111	122	36	101	61	84	8	9	74	37	102	117	111	46	93	24	90	8	19
32	78	78	93	87	37	67	70	97	124	114	31	88	90	124	81	0	85	112	95	2	89	29	112	27	93	7	102	98	92	45	45	90	76	32	36	35	27	69	120	38	104	95	73	90	89	92	111	42	97
80	50	121	59	6	43	75	39	37	4	20	94	67	33	118	38	117	0	124	120	3	5	51	74	117	30	5	47	111	120	88	115	109	113	44	8	116	41	117	111	18	62	25	36	31	84	91	121	118	15
99	48	115	20	105	85	25	37	65	104	28	88	101	77	115	110	55	104	0	78	16	103	20	55	5	15	60	85	55	6	74	44	28	100	64	86	15	10	119	52	40	108	75	19	64	111	37	13	96	72
25	6	33	121	74	13	101	19	119	121	98	102	29	68	91	28	90	4	107	0	92	116	11	29	61	11	69	29	123	55	96	100	93	59	78	40	21	70	93	30	32	100	60	115	122	118	93	16	41	96
77	12	35	36	54	54	44	73	97	118	55	24	63	26	4	45	96	80	5	68	0	84	31	116	3	5	42	100	58	46	111	59	100	9	39	124	103	45	109	5	34	79	4	117	43	11	31	69	119	103
43	4	21	113	34	38	61	113	96	110	16	7	68	11	46	119	95	123	63	60	2	0	83	29	45	12	62	38	61	23	68	92	12	40	53	24	20	36	5	120	102	29	19	116	78	76	86	48	101	56
27	49	16	100	121	54	82	6	54	17	111	38	38	75	102	25	41	67	106	95	49	15	0	119	123	105	63	14	80	108	22	15	20	55	92	38	93	31	89	87	4	54	68	85	113	27	99	28	50	84
31	13	86	26	63	118	73	68	15	95	23	35	58	39	54	32	112	93	103	45	105	10	60	0	59	109	56	39	91	122	56	14	29	64	93	73	111	70	110	104	21	86	1	102	85	43	95	73	13	49
110	70	95	55	107	10	111	13	123	106	48	26	78	33	73	84	39	57	54	78	38	101	117	95	0	61	17	111	39	104	86	29	107	104	123	62	7	71	98	40	107	36	109	98	114	102	70	19	24	4
107	52	113	25	105	54	68	8	92	102	31	100	74	89	14	57	82	21	10	21	102	94	51	68	93	0	79	115	5	62	24	85	104	104	121	68	2	67	67	108	95	31	54	53	115	111	60	8	33	77
119	105	10	84	61	81	21	104	85	58	33	36	96	112	46	120	104	65	81	94	59	25	106	37	99	64	0	50	121	32	99	64	58	78	67	22	11	21	16	93	68	100	18	53	120	99	91	121	40	39
92	56	81	97	82	98	68	6	70	46	119	76	65	17	34	66	32	99	11	92	5	14	35	112	120	49	35	0	123	27	85	65	34	122	29	75	43	1	28	82	50	3	118	95	118	73	98	83	72	122
88	118	62	26	31	58	122	39	1	96	115	66	33	83	24	116	31	37	46	79	4	39	18	91	25	8	61	63	0	101	95	35	73	20	28	9	12	47	69	16	121	6	94	123	122	20	50	13	20	26
81	48	73	32	28	80	114	16	34	35	111	33	25	88	102	103	91	50	101	115	123	63	14	32	36	48	5	65	108	0	77	14	35	107	31	67	22	11	45	24	86	77	26	67	113	18	65	44	107	68
95	14	62	31	44	38	40	26	22	36	26	92	117	18	10	50	20	101	33	80	101	71	103	6	121	45	24	33	117	90	0	106	3	94	47	116	102	121	62	111	14	27	58	98	23	103	61	85	123	78
45	25	79	76	56	49	37	15	50	36	92	99	46	105	94	39	79	30	26	96	6	70	45	27	57	64	111	81	35	75	78	0	62	98	106	103	54	77	27	108	2	109	6	34	59	75	43	79	86	71
82	115	27	83	111	13	87	35	46	12	41	68	102	70	117	43	37	124	6	32	10	3	104	14	7	12	116	81	37	100	60	61	0	76	65	107	62	47	27	4	11	1	63	45	23	96	42	58	111	103
116	35	117	87	99	78	74	72	116	90	76	15	82	75	42	93	67	41	7	59	46	49	22	100	45	105	1	41	91	111	121	115	56	0	8	78	97	121	27	117	73	5	121	62	82	110	36	89	111	67
40	30	74	123	98	124	105	54	55	87	104	100	48	91	36	45	48	83	118	15	37	113	94	22	48	22	30	52	15	106	12	14	79	44	0	14	34	9	16	112	123	49	106	11	109	54	123	99	65	39
101	98	70	44	51	60	78	29	55	78	57	123	77	74	105	16	11	41	22	113	35	58	101	64	115	40	67	105	23	70	96	1	24	107	48	0	92	59	103	23	47	119	4	60	16	67	105	45	92	65
65	53	99	42	89	27	25	37	28	79	94	49	108	123	87	40	80	57	76	36	75	20	33	35	16	28	12	94	61	36	62	14	114	63	7	35	0	67	1	54	27	118	38	81	43	28	9	86	16	74
49	119	23	36	49	111	107	6	85	96	9	48	33	60	92	85	84	104	33	66	67	96	103	14	113	40	52	42	112	46	113	15	72	73	76	9	27	0	108	5	45	17	46	115	74	119	109	79	118	119
17	71	123	81	43	21	93	14	110	75	14	50	26	46	70	23	20	23	107	61	46	7	14	13	53	48	46	5	117	57	101	17	94	77	114	89	106	20	0	47	103	100	69	82	64	91	73	31	14	17
80	31	74	16	2	96	49	101	23	23	26	124	28	36	95	41	123	124	77	74	78	120	30	108	70	37	23	72	6	53	7	104	108	67	52	59	118	36	8	0	91	83	85	19	57	46	48	21	41	46
81	93	54	35	113	98	22	69	68	47	54	75	40	58	46	112	92	46	40	93	5	56	87	103	95	76	101	86	3	52	6	77	122	3	102	88	12	24	22	12	0	15	8	11	66	12	69	88	111	70
45	19	26	110	18	71	41	60	40	78	52	15	46	76	90	100	108	95	51	103	52	78	49	118	32	47	59	108	38	79	21	51	104	3	2	14	1	66	54	14	3	0	67	15	62	80	120	100	77	30
110	93	111	91	78	38	20	119	32	59	90	59	95	19	51	93	72	93	59	21	10	8	17	63	35	99	122	77	110	16	82	74	42	2	64	77	74	40	11	24	89	118	0	84	71	67	57	47	71	5
108	22	3	9	97	30	67	80	102	40	54	123	15	104	113	112	45	46	109	37	71	31	1	106	92	90	107	29	99	103	34	24	91	109	27	81	98	39	115	64	119	26	1	0	87	38	97	83	112	104
73	66	99	103	50	57	105	6	97	51	117	6	123	46	53	73	84	85	41	115	54	61	104	45	40	1	36	50	100	110	32	48	95	111	63	64	58	77	115	59	93	3	73	27	0	99	108	84	70	18
77	114	85	111	8	82	73	33	111	105	27	119	11	56	104	117	67	21	82	74	73	52	1	58	33	116	57	109	39	60	88	37	58	71	23	24	60	11	70	75	107	36	91	119	38	0	69	115	74	37
104	122	18	57	91	6	89	60	70	8	70	91	119	114	75	117	95	24	3	77	39	78	107	111	45	8	30	12	27	32	85	34	113	100	80	45	43	44	33	98	110	57	111	86	97	3	0	122	6	37
13	36	44	75	62	64	90	80	57	119	66	84	41	76	105	13	13	107	53	100	12	98	7	17	29	75	35	27	88	101	3	40	121	12	71	38	36	122	108	67	39	116	25	89	69	27	80	0	58	62
92	101	95	103	118	114	48	10	18	11	15	71	115	49	35	61	92	24	105	61	81	73	35	20	91	25	91	26	100	70	48	30	55	84	115	62	45	97	67	108	83	27	111	11	74	117	121	121	0	93
17	91	124	106	114	114	83	73	19	84	58	18	96	68	29	42	27	10	55	72	101	38	73	1	37	69	79	70	88	65	49	103	42	67	12	107	83	45	83	57	23	13	49	55	88	124	2	122	77	0
M6
0	13	49	13	118	30	47	90	59	84	59	2	1	46	44	111	96	115	56	116	50	38	12	124	117	14	120	45	7	11	94	19	13	118	57	52	112	91	64	10	49	50	94	73	54	37	14	8	50	79
17	0	31	57	37	8	70	74	50	1	2	99	65	36	100	111	79	20	115	15	123	50	4	29	59	66	47	102	49	69	81	26	60	75	118	115	90	100	27	102	30	34	122	17	37	8	16	31	34	48
1	105	0	5	77	29	84	26	91	116	35	12	27	26	25	45	86	18	86	96	86	90	102	62	48	36	73	96	22	62	53	5	53	121	10	93	105	8	116	62	22	32	24	21	32	54	51	30	79	109
45	59	31	0	68	37	73	109	50	112	77	47	60	87	25	120	16	71	101	115	72	89	99	73	99	24	86	62	35	106	21	9	19	43	86	17	106	59	64	18	32	14	104	6	109	45	11	10	84	108
94	105	69	33	0	20	70	58	25	11	48	109	73	35	1	115	100	13	18	66	13	108	61	29	61	93	26	83	89	16	28	101	32	115	89	59	40	26	76	77	48	11	1	70	85	97	106	15	83	28
28	18	55	102	14	0	21	76	3	64	5	13	101	31	84	98	61	100	63	20	19	14	9	23	97	14	109	27	118	50	73	77	49	56	121	32	13	11	45	37	79	35	48	105	89	50	44	38	58	63
67	69	95	43	11	37	0	69	7	70	37	19	105	18	16	97	6	1	104	5	50	67	77	113	56	38	38	61	39	111	49	84	46	19	100	50	60	48	88	18	108	71	2	103	95	70	51	49	47	114
123	66	113	113	118	60	75	0	74	107	107	2	36	51	98	9	78	89	1	72	18	80	75	25	7	65	63	16	71	58	5	117	15	5	5	46	14	111	40	119	33	110	79	113	60	58	37	54	120	79
12	73	122	75	39	43	45	118	0	96	37	104	5	49	47	84	101	79	52	32	43	91	50	63	98	89	101	48	58	64	53	106	48	95	43	122	45	122	29	6	58	37	2	124	82	114	60	50	83	117
75	112	56	42	53	92	122	6	114	0	106	8	72	19	87	43	83	73	83	118	82	57	110	30	105	54	78	76	115	22	98	58	21	43	5	78	11	22	71	113	84	101	85	83	60	106	73	46	9	117
4	82	89	27	102	57	31	10	33	118	0	71	64	5	74	14	119	18	69	34	56	101	2	91	58	82	59	2	114	41	107	99	113	64	9	104	48	5	43	51	108	50	61	100	89	8	119	16	82	16
22	61	83	61	95	50	33	60	53	100	109	0	54	90	32	111	124	124	6	57	111	13	40	17	60	101	53	15	57	119	22	67	44	89	87	112	102	79	121	117	101	31	39	48	13	47	52	25	103	68
89	70	119	123	6	70	111	35	7	27	67	66	0	94	74	80	80	19	107	29	15	98	83	37	51	103	32	32	95	107	1	100	9	63	62	3	30	90	31	122	123	18	79	40	15	124	87	35	87	55
112	43	92	37	122	60	22	58	55	63	41	89	47	0	23	25	55	83	6	17	73	86	8	104	120	18	65	86	69	77	122	113	63	1	123	2	123	99	114	68	21	3	21	6	87	37	82	103	105	18
29	120	115	93	46	57	80	80	69	88	87	4	115	66	0	72	101	26	62	59	56	9	38	87	30	34	50	15	76	49	14	49	78	118	2	16	88	17	34	12	24	69	22	32	58	94	14	32	73	29
91	51	81	47	124	83	56	66	48	104	9	123	59	10	57	0	99	76	79	26	62	57	11	121	43	74	81	48	68	58	54	31	63	37	68	62	29	116	62	22	48	65	38	38	65	76	27	77	69	10
1	38	72	118	27	41	56	123	108	14	105	81	43	43	82	98	0	87	60	120	24	55	7	119	105	70	106	62	58	57	92	28	96	103	54	56	58	112	90	14	113	59	107	80	2	71	10	68	101	96
61	109	76	73	111	11	111	27	16	110	33	98	10	1	7	100	52	0	15	58	49	95	32	48	78	95	48	20	122	35	28	122	94	100	27	99	104	77	39	92	56	55	14	62	63	67	37	38	88	62
71	26	93	27	65	2	6	102	121	118	102	53	116	116	86	9	22	16	0	117	37	108	118	4	123	6	114	30	84	86	113	47	33	91	86	111	120	32	107	4	115	93	65	76	78	17	41	91	46	113
91	58	19	87	77	38	108	3	66	121	83	2	36	92	90	59	85	69	6	0	63	68	59	106	66	35	31	80	61	102	10	15	65	66	99	66	57	46	23	8	103	79	121	42	34	107	99	33	79	91
35	79	3	21	103	37	70	111	116	109	106	14	3	23	10	22	22	116	62	38	0	22	54	85	95	108	21	83	8	79	84	123	15	58	5	30	46	17	102	71	35	24	44	36	110	118	95	73	14	79
124	106	11	45	93	36	92	76	32	77	46	51	16	37	116	41	90	42	37	1	108	0	88	80	110	95	9	108	37	63	1	68	9	61	37	107	48	82	96	80	58	44	94	30	45	22	29	124	114	36
19	76	80	100	75	57	26	53	83	97	73	49	34	53	23	42	36	37	60	88	92	102	0	6	105	111	20	100	98	55	114	12	58	32	62	101	108	39	54	84	37	94	46	54	104	30	63	63	73	122
73	59	42	29	109	34	96	7	80	17	37	66	7	71	16	113	81	109	22	47	71	17	121	0	27	50	65	79	92	33	51	55	30	54	92	107	94	86	51	99	60	25	102	56	5	68	107	37	10	35
94	94	94	17	94	87	15	81	75	118	68	122	12	31	80	7	32	63	33	52	5	28	73	46	0	52	45	60	34	42	17	55	13	118	65	111	80	5	45	93	113	65	45	49	84	70	59	57	23	71
47	19	56	11	3	3	88	68	68	40	113	22	117	45	47	70	34	82	111	101	59	75	123	25	104	0	121	18	84	93	82	9	99	58	37	57	98	97	77	96	115	115	118	110	49	19	114	106	30	87
50	117	30	26	45	89	78	90	113	118	14	103	115	60	80	82	123	50	89	90	53	18	40	97	92	48	0	102	44	111	100	29	48	113	13	99	45	114	115	108	94	99	52	46	76	80	87	49	92	2
58	96	90	83	53	76	101	2	46	18	32	96	2	45	100	52	121	39	47	47	59	12	11	22	79	98	18	0	110	64	112	46	73	17	23	38	101	29	91	13	5	71	106	92	91	99	2	41	77	50
114	43	4	28	65	28	68	58	65	75	55	31	76	15	47	17	63	77	63	24	88	13	4	59	34	99	84	120	0	23	25	84	63	10	123	47	10	58	11	45	66	71	40	101	90	65	54	63	59	77
58	74	118	77	86	22	41	69	71	22	107	51	70	23	84	76	84	16	115	38	123	3	27	92	94	23	35	31	80	0	70	51	93	34	18	19	82	13	74	20	85	43	68	42	103	58	25	69	77	51
24	86	64	76	110	84	85	63	57	98	118	124	70	61	52	16	51	61	9	124	47	95	58	68	96	93	18	103	28	8	0	72	104	85	39	78	7	31	104	109	41	28	76	46	76	2	63	63	91	106
82	24	49	68	85	68	92	70	123	82	58	28	48	32	31	113	90	33	99	48	47	77	13	99	81	105	61	103	65	26	57	0	18	43	53	89	14	30	48	79	40	56	29	12	77	120	96	71	49	112
15	86	63	93	5	106	22	37	36	67	52	108	6	38	20	36	34	97	124	64	35	9	20	7	39	38	33	63	69	46	106	103	0	123	1	98	21	12	94	9	61	20	70	76	18	109	112	119	28	35
98	13	45	44	5	109	28	114	73	61	1	48	108	27	61	88	49	42	78	71	13	112	82	68	29	89	26	110	67	102	112	12	43	0	34	48	69	83	124	113	80	40	9	86	43	112	75	112	27	110
30	106	12	45	96	93	9	16	60	23	71	16	28	11	57	52	40	122	82	28	91	70	84	97	28	11	108	121	44	12	66	114	65	48	0	12	13	63	30	120	90	13	58	96	30	107	72	19	49	123
36	35	14	1	21	97	16	80	118	87	26	124	14	91	39	20	60	105	8	78	15	2	45	31	88	82	9	75	20	7	5	123	27	105	111	0	55	27	34	50	56	42	114	47	34	1	122	35	12	24
56	14	46	108	74	37	3	105	90	58	68	83	17	63	122	56	78	31	46	89	11	70	29	68	116	112	14	106	68	52	26	42	104	33	80	65	0	82	83	122	7	97	113	122	113	51	44	72	53	88
2	100	23	87	54	4	20	61	102	83	93	91	91	42	60	93	83	11	75	93	62	20	99	123	65	50	94	2	63	44	45	2	20	62	83	23	91	0	43	124	79	105	35	98	118	74	36	121	97	76
4	20	119	88	1	99	103	8	62	7	15	37	101	27	35	98	108	89	25	11	14	23	96	37	63	12	83	97	98	114	43	66	65	93	121	14	56	4	0	13	118	23	86	1	56	55	92	13	21	9
50	118	123	92	9	77	20	11	101	57	57	69	23	84	124	38	57	9	50	108	95	117	28	70	70	2	9	82	55	108	86	116	38	32	105	8	37	27	6	0	122	12	118	22	29	52	105	91	100	108
12	21	11	62	100	70	115	71	71	83	106	73	101	109	2	67	62	116	51	96	118	26	44	12	107	111	53	2	92	72	22	14	56	112	49	4	61	39	99	80	0	23	15	44	27	124	52	69	89	79
55	64	81	65	69	70	2	121	117	87	19	12	67	34	97	19	120	64	50	14	52	110	91	53	90	54	16	39	14	63	119	25	52	75	46	120	76	21	4	21	6	0	70	95	56	93	81	6	96	79
81	115	15	63	14	97	120	17	43	111	59	115	66	116	39	104	43	78	80	70	117	48	49	40	59	68	25	59	70	68	57	6	53	23	36	101	73	95	66	54	34	105	0	3	119	121	98	84	67	105
48	29	29	107	35	83	35	107	121	68	18	119	57	120	32	117	3	90	29	80	84	118	8	46	11	41	55	112	26	69	33	84	108	95	9	11	123	13	102	12	34	66	39	0	64	58	72	23	94	69
105	38	99	64	14	108	90	59	75	94	10	48	99	80	108	71	72	24	2	93	110	30	62	55	1	85	74	97	26	84	106	19	52	23	98	38	122	12	49	81	107	51	121	5	0	104	25	111	32	43
40	25	106	33	26	43	31	83	10	32	14	40	54	86	58	67	85	67	10	76	45	47	124	121	10	94	49	84	42	85	118	9	105	56	73	73	99	107	27	6	62	35	87	118	8	0	23	49	76	34
23	110	17	84	80	86	76	69	37	23	113	45	77	117	10	98	92	33	34	60	31	80	61	6	18	36	91	8	85	15	47	3	9	99	95	57	11	81	37	96	23	84	86	59	67	98	0	4	102	32
26	101	12	79	74	20	122	2	19	107	103	1	9	114	85	91	110	96	63	73	72	46	102	84	79	96	92	91	38	114	29	50	94	97	111	13	110	10	90	98	8	15	78	51	120	78	77	0	114	32
65	124	118	114	124	114	96	44	58	18	117	74	6	121	96	32	104	63	88	14	9	100	5	40	109	79	78	95	30	105	71	2	57	65	118	112	23	53	20	79	83	68	45	124	7	79	20	12	0	86
120	54	79	100	112	7	93	7	113	102	88	99	3	105	38	13	5	38	66	92	105	26	100	106	88	80	17	114	54	70	81	22	83	31	72	95	104	103	81	22	49	78	37	87	55	12	32	6	114	0
M7
0	87	67	42	103	5	87	11	33	111	111	117	30	25	40	20	55	5	103	34	73	7	111	42	117	14	37	81	5	108	4	120	113	94	58	55	19	52	82	124	95	81	53	92	69	59	66	76	58	82
4	0	58	31	16	103	25	34	100	92	86	49	117	101	77	18	7	73	46	92	107	70	98	77	117	18	34	66	123	88	72	41	116	77	40	8	19	40	2	2	87	116	25	90	34	98	103	21	18	120
33	82	0	71	98	31	20	27	91	102	119	71	39	21	2	76	95	81	52	115	97	77	85	30	54	106	110	3	21	64	111	62	51	11	15	55	29	93	73	48	17	1	33	30	99	74	111	51	54	9
105	119	12	0	52	84	38	10	86	47	70	20	82	79	71	63	79	58	12	38	30	124	104	71	93	64	25	80	17	89	1	42	6	2	57	87	47	36	30	118	8	43	57	3	41	14	92	76	65	22
102	118	29	48	0	46	64	41	52	111	45	16	79	1	118	108	89	41	65	10	87	105	53	81	69	63	123	83	49	47	103	26	111	82	74	103	78	33	87	41	41	116	55	3	24	124	65	80	113	26
3	81	124	46	15	0	58	55	82	44	111	122	95	6	120	46	38	27	89	62	31	19	86	29	21	53	39	39	63	10	40	85	49	20	102	17	65	115	104	8	15	47	39	93	20	114	113	66	24	35
18	81	63	18	81	96	0	76	106	76	40	1	49	83	34	113	53	109	122	56	1	55	15	33	47	38	120	97	104	120	52	54	98	119	81	83	26	99	27	63	35	70	116	116	124	36	5	61	103	87
33	96	98	32	118	85	82	0	39	35	97	123	112	27	108	29	69	115	102	19	4	58	37	35	115	31	85	28	74	61	70	108	92	80	67	119	77	68	21	69	111	92	33	41	39	33	2	81	117	101
62	7	73	11	78	56	65	94	0	73	16	107	36	32	72	3	78	35	57	22	66	89	53	79	99	39	69	76	5	14	72	85	67	87	32	5	34	43	48	31	42	117	71	20	27	50	64	21	81	120
66	112	20	64	77	31	33	117	17	0	6	17	12	9	115	27	108	43	33	106	60	89	12	35	123	18	50	26	66	91	43	2	1	80	12	42	120	65	61	46	15	40	86	40	75	86	49	105	113	26
62	39	39	9	13	29	116	28	42	42	0	112	101	42	114	35	70	50	78	86	66	27	90	97	15	57	60	121	66	50	41	20	120	35	94	35	14	53	33	116	118	65	102	56	105	59	57	15	37	98
25	59	6	43	40	99	36	8	82	32	24	0	101	56	54	3	61	117	6	62	34	102	10	29	44	1	101	55	86	76	38	17	66	110	43	62	110	70	124	47	11	3	25	99	13	110	124	7	41	34
59	113	115	90	55	91	8	50	44	91	59	31	0	9	77	32	19	62	42	113	28	23	85	112	110	32	119	38	25	68	121	41	97	78	7	96	27	4	111	87	78	15	43	112	17	13	70	112	13	46
1	73	60	10	35	91	87	72	105	5	106	32	124	0	44	19	95	81	30	113	101	113	17	59	108	56	80	115	68	7	94	63	70	122	18	112	47	123	77	10	3	15	61	24	92	72	74	88	47	52
109	101	87	94	12	105	7	88	114	21	123	54	52	90	0	113	94	113	53	91	53	54	92	19	118	56	58	8	55	70	49	15	13	35	41	71	19	13	100	105	39	67	35	61	39	101	101	53	103	34
51	91	117	109	72	29	4	31	98	95	73	13	102	110	59	0	16	30	31	75	65	69	14	120	112	75	67	71	26	53	44	90	87	72	116	84	59	75	28	73	102	24	100	34	49	28	92	39	23	92
63	47	69	52	51	110	122	43	11	43	22	109	15	121	93	9	0	104	65	74	120	100	42	85	72	78	3	117	61	121	49	36	48	10	62	26	111	3	100	38	76	69	6	81	15	44	16	6	49	112
18	52	122	43	65	114	95	13	78	69	18	10	68	44	18	81	94	0	43	74	114	122	2	51	98	44	107	93	112	94	37	57	67	121	117	11	115	112	23	53	72	19	52	43	91	72	48	46	106	90
79	35	96	21	99	76	13	25	49	124	99	54	35	70	15	24	4	107	0	39	93	89	19	104	112	124	111	104	42	56	100	36	89	74	105	122	81	118	1	34	98	17	92	37	95	108	49	117	95	43
3	1	105	44	51	16	60	14	30	61	84	87	72	60	103	67	43	76	28	0	40	33	63	74	39	61	104	45	124	4	37	51	46	54	23	64	59	72	17	91	112	58	123	58	46	28	118	114	80	118
57	26	44	116	61	45	61	50	9	106	85	117	48	78	56	12	91	69	9	112	0	2	97	105	36	103	74	94	81	16	76	110	123	2	54	7	59	41	9	69	34	106	109	4	123	51	84	90	20	31
39	85	66	47	1	91	11	90	120	33	20	52	37	13	116	59	28	2	28	77	1	0	88	67	30	13	27	52	59	70	24	112	3	80	56	61	32	8	86	108	72	61	42	57	24	15	114	46	90	57
53	52	48	87	61	34	61	25	59	110	84	11	80	94	8	113	11	90	23	108	22	34	0	63	14	66	78	92	1	102	7	47	63	2	21	14	117	97	24	10	107	20	50	6	98	90	35	7	123	108
4	13	75	121	73	102	96	57	18	41	80	13	108	90	32	15	62	92	100	96	83	82	99	0	83	51	71	124	112	22	52	36	84	17	55	88	24	93	5	55	103	108	23	60	113	105	97	14	80	38
81	76	122	85	13	90	61	88	25	99	59	38	32	89	118	78	7	112	34	39	109	12	51	10	0	58	91	23	19	32	124	9	48	88	120	34	110	60	47	25	64	102	4	69	79	47	87	88	123	34
20	121	63	34	91	7	50	37	48	89	11	70	44	58	52	23	90	102	69	10	65	53	51	36	40	0	13	39	37	25	68	77	107	90	50	21	43	44	87	111	93	23	16	12	100	16	57	122	106	1
17	76	45	115	112	48	49	5	111	74	29	81	82	96	7	14	120	98	53	1	45	122	106	79	106	97	0	101	99	35	68	112	28	7	77	3	46	52	101	112	42	66	111	13	7	99	77	66	12	54
63	6	90	15	60	74	5	21	108	14	42	90	58	123	2	92	96	117	81	108	59	63	16	56	95	66	111	0	37	25	52	89	109	11	117	69	18	76	111	52	21	27	114	31	20	122	29	39	86	114
27	73	24	63	110	11	115	110	105	21	8	58	39	34	87	118	8	73	85	120	81	74	98	106	20	69	67	30	0	24	38	91	67	15	2	54	58	79	81	4	12	10	51	74	31	30	43	80	18	67
113	8	68	87	18	96	113	58	96	50	32	109	56	124	95	20	97	88	37	42	6	87	45	119	81	120	34	88	96	0	95	46	90	76	85	91	104	50	89	87	23	120	105	120	95	58	122	44	5	93
25	39	63	29	83	100	115	57	102	18	81	81	58	118	21	104	3	38	101	59	2	79	42	85	70	21	96	42	61	88	0	79	98	22	31	76	118	65	83	14	111	47	47	60	45	57	109	77	88	79
52	39	31	115	38	84	1	102	70	35	40	80	109	10	100	123	26	10	88	81	44	45	68	56	45	4	65	99	93	4	47	0	20	78	124	44	63	52	79	67	57	92	14	115	113	69	82	88	8	86
37	98	38	48	28	63	51	49	77	6	106	104	70	3	39	111	60	24	81	102	46	47	112	24	69	117	11	7	112	52	112	74	0	73	26	67	55	118	51	29	79	124	12	42	4	73	101	110	66	39
116	11	65	90	19	18	34	42	51	36	45	62	109	11	25	30	98	29	43	60	46	56	20	48	13	34	108	81	119	93	36	1	64	0	46	81	32	124	95	33	80	81	119	8	48	5	34	21	61	10
13	6	60	6	21	115	55	95	3	66	67	83	106	34	3	79	109	59	27	72	114	38	16	31	108	52	84	110	25	72	67	54	87	79	0	38	75	12	98	35	5	35	104	27	22	27	124	98	96	101
53	71	8	43	55	109	6	17	40	85	50	85	108	65	116	49	45	1	89	63	59	60	20	8	31	106	90	119	45	84	18	28	7	121	17	0	43	77	55	19	22	37	117	72	78	112	68	57	48	74
45	73	30	77	8	77	89	107	103	72	31	81	124	94	120	7	99	1	102	80	101	116	94	64	23	57	123	112	81	78	88	107	103	114	90	92	0	62	22	113	52	90	2	44	68	6	46	91	34	14
48	30	31	56	7	120	98	42	7	103	61	106	105	26	100	73	117	122	32	90	107	79	38	40	41	76	15	5	63	6	85	85	64	79	4	33	51	0	27	71	67	54	33	86	12	34	72	30	62	49
73	58	15	119	31	67	76	102	55	104	22	60	32	51	122	17	80	61	76	21	31	118	16	82	64	114	38	104	41	13	18	67	88	69	65	3	47	97	0	97	102	42	68	71	42	68	88	25	65	58
2	37	97	17	83	79	100	107	119	41	28	100	59	100	18	10	76	28	110	4	43	28	83	108	61	42	113	113	122	27	57	109	110	74	118	35	12	101	120	0	82	124	124	112	22	71	59	62	4	76
119	79	63	21	67	89	87	38	63	97	23	96	75	28	30	32	29	79	51	30	76	34	44	77	9	11	53	94	101	52	56	51	116	76	57	103	65	42	68	2	0	10	39	4	95	82	81	61	26	46
11	72	94	23	104	58	99	35	97	50	67	29	26	102	96	98	55	106	70	21	114	28	4	124	78	117	97	46	7	19	84	78	100	22	118	109	101	73	111	37	91	0	91	70	102	89	24	43	79	2
122	29	87	106	77	20	22	77	29	97	54	35	37	63	12	68	112	94	31	45	50	80	94	57	115	75	45	36	24	81	3	59	59	43	63	72	87	75	57	117	6	109	0	30	86	77	53	38	44	101
93	7	81	81	26	29	32	34	73	45	98	6	16	118	29	36	6	27	64	61	118	83	1	46	38	111	20	44	9	30	65	33	18	34	108	23	13	32	21	114	73	3	75	0	66	11	111	122	88	16
79	14	17	21	69	1	123	57	25	10	42	116	41	77	119	99	7	30	111	33	42	2	103	100	32	78	2	92	95	83	43	3	97	104	101	78	103	110	68	107	82	43	120	53	0	59	59	114	27	97
121	95	124	111	48	99	73	81	35	55	23	115	61	16	97	110	21	101	11	22	45	61	22	60	49	29	105	2	22	62	66	2	38	110	1	42	78	56	52	67	61	43	50	25	117	0	41	16	44	74
60	87	26	115	15	26	73	20	86	47	92	12	48	66	67	62	47	48	1	107	29	116	114	87	100	36	107	95	69	52	103	81	33	124	62	102	67	114	72	11	61	11	114	106	71	79	0	41	101	59
78	26	118	53	111	64	109	65	75	79	120	88	78	17	104	82	115	72	7	85	48	98	19	42	118	30	43	52	111	70	68	59	74	24	69	17	26	93	60	92	1	87	101	7	50	38	89	0	32	98
115	52	43	105	29	104	67	102	108	90	70	3	79	123	93	71	21	11	37	115	92	66	37	7	87	107	21	124	72	103	91	39	122	55	14	82	78	18	120	55	51	52	3	45	16	57	95	24	0	37
90	84	31	39	63	76	24	88	113	119	43	50	96	103	74	15	56	50	43	52	73	9	56	115	15	14	110	104	36	6	66	86	50	107	61	124	56	83	92	33	4	82	123	50	14	45	15	86	64	0
M8
0	61	68	90	24	109	47	116	96	59	28	93	103	27	1	52	104	34	17	5	110	5	116	46	69	103	16	54	58	31	97	123	58	55	8	48	63	1	80	51	76	12	81	9	54	120	56	62	62	19
98	0	45	110	108	110	58	13	47	73	68	57	56	106	32	115	22	103	116	75	79	70	95	14	34	7	25	62	7	12	113	78	73	26	75	1	111	74	57	66	63	106	123	89	5	124	85	32	54	113
76	7	0	66	40	109	3	81	123	91	50	41	66	70	29	59	36	14	42	51	119	85	121	96	5	28	112	18	33	55	76	98	65	45	118	5	3	9	47	23	80	61	69	90	96	44	10	67	7	115
59	37	95	0	119	104	7	112	113	83	122	14	78	109	77	3	104	112	11	79	18	56	21	104	58	49	30	27	13	89	44	86	100	68	3	86	67	97	69	103	112	89	106	46	37	91	21	112	48	4
20	6	40	98	0	27	6	110	44	118	78	75	54	37	63	24	23	78	38	17	92	99	108	32	91	14	33	59	77	58	99	7	123	43	1	35	25	35	46	21	111	3	24	74	39	73	119	30	66	89
7	113	114	81	87	0	33	54	27	52	14	90	52	61	76	115	37	22	23	97	78	70	114	60	87	58	95	21	34	81	101	31	61	38	60	95	38	80	47	70	86	103	16	3	89	111	62	63	30	12
75	107	108	3	121	75	0	35	51	94	77	28	38	58	65	90	36	115	2	35	80	35	105	17	114	50	30	112	7	111	115	124	25	75	8	116	95	44	96	22	45	21	3	18	101	59	6	95	16	95
83	51	40	106	8	31	56	0	93	110	42	24	81	110	120	101	84	32	11	57	35	63	105	7	69	63	69	24	98	4	67	105	120	121	108	113	20	121	97	78	119	27	27	78	44	75	12	19	97	73
112	54	25	41	105	78	53	120	0	101	73	12	25	70	45	121	58	22	35	62	48	70	124	93	32	70	106	32	101	117	40	39	58	37	78	91	100	100	73	28	9	14	40	94	99	114	59	82	115	17
121	44	12	66	68	102	101	28	59	0	43	95	78	40	18	70	65	79	91	62	54	104	46	31	57	101	106	72	33	108	46	52	115	18	51	117	83	77	98	54	108	33	37	29	106	5	72	101	19	86
29	122	63	85	28	85	87	81	20	102	0	106	16	110	33	3	73	70	93	6	118	33	57	3	15	61	60	112	31	49	54	10	83	59	107	111	101	14	42	61	70	21	39	61	92	56	6	30	94	113
47	103	84	97	120	124	10	2	40	79	78	0	99	109	66	11	113	93	66	38	36	117	43	50	7	44	72	7	95	78	90	92	93	88	29	40	103	101	120	42	81	7	60	90	57	112	8	12	23	33
54	78	122	122	73	23	89	96	13	41	120	15	0	117	31	73	76	71	101	108	79	114	25	111	64	59	123	64	61	70	61	20	8	89	79	47	88	45	4	92	111	75	88	84	113	85	83	15	124	29
54	38	101	83	18	116	6	23	97	67	114	31	88	0	110	100	66	73	74	19	81	31	53	73	28	30	116	80	12	123	33	98	85	112	60	62	107	95	83	64	98	39	71	89	81	103	78	20	19	15
89	12	34	31	96	25	83	104	32	30	76	108	16	114	0	57	37	89	77	121	101	87	35	6	88	10	86	80	70	106	102	111	33	97	12	106	74	59	77	28	40	74	109	4	73	4	40	23	11	33
106	38	22	42	30	35	122	1	111	52	35	27	62	22	56	0	97	57	109	1	117	32	95	49	46	2	56	10	60	122	69	19	44	81	123	109	71	100	49	6	94	83	62	121	74	113	61	61	80	35
77	40	35	1	91	83	56	44	40	114	26	107	43	92	17	29	0	122	10	15	110	108	85	20	74	93	35	8	99	48	72	35	50	27	65	38	39	18	77	20	109	50	37	17	121	52	64	92	73	9
12	50	116	96	72	64	69	42	60	110	113	65	40	67	55	75	93	0	65	15	75	79	33	102	98	10	48	39	88	63	31	56	108	46	65	111	92	39	72	81	97	63	69	3	76	87	26	98	72	32
20	109	36	122	123	88	112	94	37	114	26	18	84	42	102	62	38	29	0	124	43	69	37	114	112	92	114	58	11	6	72	91	58	15	71	120	103	4	38	63	57	49	104	4	31	2	66	25	26	33
116	41	5	12	17	113	109	42	49	118	31	95	90	64	114	6	86	119	27	0	63	81	83	119	52	14	41	5	23	11	12	45	79	63	15	79	38	13	31	35	54	33	3	43	3	113	22	38	32	31
23	11	1	8	99	82	39	103	43	14	11	99	56	121	43	119	39	35	94	47	0	94	72	39	47	91	115	54	71	100	57	97	95	18	36	70	13	78	78	26	9	52	58	69	30	1	24	3	103	56
123	57	53	73	114	59	70	22	115	70	114	42	44	44	34	111	66	85	76	29	69	0	58	118	117	59	48	96	43	40	1	19	79	86	111	118	27	6	77	86	68	84	116	116	63	13	50	42	11	53
39	86	124	96	78	72	48	115	40	60	111	97	40	62	68	25	120	119	56	47	80	80	0	15	111	2	43	111	118	10	2	117	60	104	89	79	31	55	13	41	121	7	32	109	19	89	117	58	25	7
86	53	118	81	38	30	86	29	84	112	37	27	113	35	13	14	39	26	77	109	83	48	22	0	32	91	46	17	80	10	28	36	124	82	75	56	118	74	41	71	121	22	94	84	45	13	59	71	56	48
11	16	10	55	36	60	65	38	33	75	29	3	30	118	10	82	95	27	6	55	111	52	70	111	0	66	94	95	28	59	7	75	14	121	83	51	77	102	28	51	19	36	67	43	49	65	69	2	92	5
26	82	96	64	65	35	79	13	45	47	51	104	78	97	112	113	98	55	48	106	17	54	26	124	11	0	66	41	81	46	1	25	108	4	88	69	105	68	47	119	23	56	107	37	83	31	81	57	30	82
116	119	41	41	8	21	94	64	6	61	95	67	87	79	4	117	38	94	79	71	6	26	42	13	69	7	0	83	94	42	94	83	13	108	71	36	39	88	63	98	30	106	6	77	14	22	110	78	102	96
47	86	4	52	59	114	71	67	45	13	112	50	2	25	73	52	58	103	124	92	56	16	102	75	85	63	3	0	122	7	12	25	80	50	114	97	75	78	17	28	71	51	102	39	108	91	23	25	117	113
16	81	61	1	79	120	84	76	41	12	17	67	22	32	79	107	34	7	81	38	1	74	14	115	33	63	27	82	0	37	85	6	23	57	122	30	115	124	62	17	67	68	5	9	119	121	100	86	99	101
59	69	110	50	40	42	14	54	112	47	104	67	53	62	70	19	5	26	92	94	50	94	88	27	59	88	29	112	35	0	117	30	83	8	36	68	1	27	15	91	113	98	91	67	30	56	36	47	78	36
73	94	30	100	1	108	118	111	49	67	87	98	91	34	5	28	93	26	40	27	5	4	107	45	15	41	7	51	76	116	0	47	73	63	3	78	119	8	35	120	84	119	38	54	8	73	121	27	94	101
70	87	51	46	97	4	88	102	5	121	77	105	72	122	22	8	46	116	34	102	90	3	14	81	31	64	59	33	55	70	105	0	35	10	38	1	12	35	92	99	73	92	38	2	75	83	11	86	37	48
123	35	105	63	62	45	25	41	83	5	88	97	65	9	116	120	17	47	112	40	109	62	77	98	86	23	85	72	53	20	26	53	0	57	83	55	54	41	60	96	98	117	50	9	16	75	51	62	28	2
2	23	30	115	70	68	101	14	44	10	85	99	123	92	78	102	32	73	103	2	54	124	16	91	109	88	78	50	26	79	76	74	72	0	3	107	116	79	61	86	106	49	123	50	13	122	100	107	50	2
122	67	82	6	118	15	92	48	21	55	75	29	123	80	45	104	29	67	67	32	124	72	68	99	105	16	38	43	31	98	43	5	3	116	0	116	7	21	97	1	63	27	91	120	77	17	76	78	90	36
17	118	106	10	110	18	90	30	40	54	82	110	104	78	73	100	108	11	11	79	54	113	58	102	88	38	111	76	70	66	38	51	6	119	91	0	24	37	116	120	124	51	76	113	60	23	5	4	18	93
118	81	97	77	18	15	18	71	66	122	113	40	4	97	61	20	115	14	32	94	64	116	16	109	6	56	92	96	29	112	66	59	114	19	63	23	0	90	119	68	66	80	25	57	58	115	62	18	110	99
11	79	60	105	89	107	23	2	7	42	42	80	108	23	59	122	109	19	28	2	17	77	105	88	31	83	43	104	118	84	21	13	80	18	117	22	1	0	77	105	107	106	112	43	71	92	1	84	87	3
63	11	86	52	15	94	107	28	109	10	27	94	14	54	116	83	9	111	13	21	3	44	3	51	123	7	16	57	78	67	27	81	104	51	95	29	5	67	0	40	76	48	68	43	86	19	82	120	115	17
43	69	23	113	32	3	79	18	59	32	15	45	4	31	91	103	10	71	79	69	58	49	36	57	49	40	83	29	40	59	10	63	69	98	85	38	10	53	107	0	104	48	90	118	28	78	12	16	81	32
96	42	7	106	58	65	37	4	11	90	58	49	35	85	104	11	46	118	57	49	115	98	64	41	17	39	117	43	77	72	114	45	46	84	15	2	122	120	7	80	0	51	7	85	50	100	22	25	91	27
110	99	94	31	67	68	77	114	91	118	85	36	91	84	12	84	79	69	34	59	83	107	20	108	124	52	46	4	111	18	70	69	7	121	97	28	73	36	41	40	105	0	46	85	16	13	56	50	44	104
42	122	71	8	95	38	111	3	111	102	66	7	81	115	120	80	103	7	95	102	3	38	54	57	6	110	92	14	27	62	46	68	85	63	118	123	99	68	90	91	7	102	0	57	96	22	53	40	61	51
25	103	65	1	19	20	61	63	45	39	10	48	110	4	84	121	28	47	82	116	15	55	110	66	117	66	8	77	114	106	8	121	107	61	44	53	30	31	3	124	84	77	24	0	103	38	121	95	103	66
88	86	11	5	117	47	84	33	8	101	40	68	13	61	121	86	110	45	55	88	32	33	57	116	124	69	111	96	20	124	6	103	108	10	19	8	120	30	66	48	115	100	12	88	0	119	64	9	43	28
124	21	58	73	71	68	92	47	17	43	72	110	25	80	68	107	26	118	93	9	81	104	54	73	90	24	10	76	68	15	65	99	14	80	22	58	55	74	27	30	101	54	34	94	105	0	103	16	95	109
34	47	80	114	7	5	11	16	41	71	74	77	25	113	121	113	112	35	118	63	83	1	84	43	103	82	91	6	2	4	92	31	106	4	112	63	41	43	4	61	84	50	97	51	70	29	0	25	2	110
121	112	68	65	34	42	49	84	102	10	67	103	91	2	109	48	67	110	1	66	2	78	18	105	3	44	30	85	26	3	56	67	28	5	59	77	84	58	61	72	14	51	90	11	88	115	92	0	65	63
59	20	27	29	79	41	112	20	102	8	31	74	3	74	88	96	113	43	14	51	107	11	72	16	80	77	102	59	105	20	105	36	45	104	80	85	52	23	47	101	6	61	15	18	111	32	30	14	0	107
46	108	22	114	61	23	95	6	113	32	67	33	110	115	3	10	8	97	74	112	90	30	30	23	93	48	80	49	76	111	62	11	108	58	24	75	115	41	19	25	112	103	55	89	4	31	75	123	124	0
M9
0	38	85	73	108	116	121	92	91	40	109	45	27	51	120	77	42	21	25	58	62	55	87	3	67	21	92	105	16	36	86	33	116	73	24	70	50	41	98	69	119	53	81	90	7	59	39	38	49	119
54	0	78	26	45	11	95	53	14	123	43	9	55	89	115	40	87	110	62	4	95	94	96	74	48	100	58	57	89	12	101	98	62	83	99	116	52	31	123	98	88	97	124	20	10	108	102	91	53	3
78	42	0	5	24	110	55	11	21	83	23	91	79	82	53	23	24	31	58	46	48	75	63	25	88	85	11	64	14	75	111	31	50	96	98	48	86	87	116	78	73	59	45	8	5	21	44	12	98	105
57	55	122	0	102	11	4	47	41	115	3	21	97	83	44	41	41	93	62	12	47	22	39	118	15	65	26	19	62	94	3	96	2	60	37	94	27	86	106	54	119	19	102	65	84	7	78	77	35	60
66	65	45	109	0	80	17	113	70	76	75	81	117	56	122	98	122	8	90	82	14	64	63	82	78	11	55	55	24	83	76	22	15	11	46	59	50	40	6	29	100	84	96	55	49	71	94	92	38	41
18	46	98	11	32	0	77	74	118	116	9	47	94	19	18	88	28	35	103	96	31	74	68	117	95	102	63	87	37	117	7	84	14	69	110	99	102	46	12	87	61	99	44	3	113	76	111	21	54	22
109	78	69	90	51	7	0	23	83	41	76	26	116	60	27	112	94	10	105	22	67	50	121	94	72	117	88	102	109	90	40	87	29	52	32	67	47	53	78	24	124	26	2	77	75	42	117	80	100	18
38	103	56	119	105	89	75	0	38	15	111	43	62	109	52	111	67	72	91	65	37	66	1	33	34	116	66	46	67	94	90	5	74	22	80	105	31	15	41	118	90	16	29	115	81	54	58	109	87	22
104	17	100	1	98	84	60	68	0	82	19	70	56	121	6	38	11	85	57	105	124	60	57	41	86	82	7	27	58	20	20	81	32	99	27	100	90	84	28	78	18	52	48	59	88	89	87	55	40	31
6	48	11	3	94	9	120	84	83	0	99	47	35	123	63	82	91	96	28	88	91	81	40	23	113	4	114	14	84	14	64	100	98	46	74	45	94	28	90	25	63	29	70	52	6	108	83	111	120	104
10	50	122	59	124	31	120	68	13	15	0	9	85	46	12	1	27	34	25	54	1	112	101	9	89	34	95	18	72	112	9	6	56	57	76	52	121	116	10	12	114	103	11	69	10	20	49	97	48	37
47	94	2	4	44	123	78	33	57	87	20	0	35	122	86	83	65	70	120	24	29	66	67	80	59	34	30	26	48	68	25	87	78	5	50	115	48	63	74	120	56	55	38	114	27	4	107	71	66	106
63	116	101	78	27	93	122	99	85	33	108	5	0	69	123	36	92	120	22	6	14	113	31	41	68	1	53	56	34	85	30	98	60	111	97	55	63	94	94	111	87	113	88	95	122	42	12	51	51	3
123	116	16	83	65	119	63	35	64	4	49	64	97	0	89	102	113	10	86	59	62	89	39	112	47	32	67	19	32	111	21	48	12	41	100	85	38	42	123	115	10	37	44	92	111	41	97	80	39	115
121	119	60	24	115	25	2	111	124	118	24	31	103	48	0	82	117	28	2	120	96	82	39	100	17	19	36	72	124	67	16	98	26	67	65	55	32	1	38	25	109	36	53	34	8	94	65	16	40	75
66	61	50	94	9	38	83	57	80	65	119	79	102	1	68	0	56	111	102	63	47	100	94	89	108	33	97	30	45	37	110	94	21	93	53	41	84	58	110	99	82	9	110	47	97	83	69	45	74	114
96	6	60	23	119	26	65	98	31	89	19	73	34	34	122	45	0	2	22	45	86	39	85	56	58	5	53	96	2	124	101	87	74	18	64	38	100	70	48	47	120	47	53	88	86	70	84	115	21	26
9	46	101	98	95	109	46	66	39	59	72	106	104	41	7	60	5	0	53	117	91	70	108	51	10	41	86	35	1	66	91	17	82	83	101	97	122	91	36	118	17	31	103	60	73	18	105	73	7	35
2	92	16	42	97	46	61	48	105	50	98	22	115	44	92	16	47	56	0	1	68	47	4	103	59	109	29	76	23	59	73	100	51	97	31	103	67	26	90	114	75	121	66	7	88	111	8	62	16	42
70	54	55	20	10	97	27	89	90	37	26	30	78	52	14	8	49	49	35	0	73	2	111	121	121	63	112	123	103	80	87	108	69	92	36	113	122	24	45	93	66	32	121	25	1	51	29	74	90	1
102	118	85	52	18	65	102	68	48	83	95	76	101	7	56	62	6	89	65	13	0	21	44	73	64	114	115	59	94	43	71	32	100	69	22	71	90	75	35	70	38	63	14	69	77	2	114	4	33	80
109	96	26	121	39	26	68	45	114	21	82	63	35	86	49	64	109	83	50	50	37	0	42	96	27	63	110	59	21	24	109	41	57	85	9	64	95	116	103	104	60	59	53	30	25	59	82	33	6	27
91	67	110	80	42	47	55	96	34	15	106	18	21	110	40	87	8	86	91	69	116	29	0	53	81	53	93	75	51	44	101	121	80	102	108	74	50	106	112	4	74	6	78	43	68	79	3	67	93	93
6	34	62	13	120	34	34	22	74	74	109	71	39	70	107	41	95	33	82	30	67	100	55	0	49	29	80	85	74	88	103	113	54	65	121	17	123	85	9	115	64	40	95	21	82	115	65	104	1	30
107	67	119	108	67	67	36	35	51	45	118	100	51	67	95	87	80	103	39	50	102	122	12	75	0	49	12	69	91	5	100	110	119	64	22	63	107	118	108	72	35	7	112	22	9	115	32	87	100	35
119	111	67	59	70	51	33	59	122	97	82	90	34	46	26	73	86	61	109	89	24	113	109	82	17	0	40	20	58	117	69	88	12	117	76	112	115	67	97	34	88	85	52	69	83	124	19	114	80	34
72	83	58	3	95	107	3	52	4	73	74	94	117	113	60	23	53	85	4	73	43	92	60	69	19	20	0	49	4	36	85	54	10	67	46	97	82	55	18	79	77	62	99	40	13	102	70	9	16	48
59	74	14	11	111	112	57	27	11	111	81	18	88	114	37	24	65	26	19	12	100	89	15	66	13	13	84	0	60	57	82	27	76	31	49	37	99	17	95	100	56	105	74	55	51	106	35	19	56	6
27	39	85	5	19	101	60	87	107	52	65	2	35	114	38	47	17	14	15	122	72	61	32	106	50	27	15	77	0	108	106	37	31	33	90	1	24	69	15	37	88	118	67	110	38	18	88	91	76	61
31	62	13	69	116	77	48	80	10	76	18	34	80	100	104	91	93	85	95	30	120	62	13	26	64	105	5	85	11	0	32	14	10	26	29	38	76	9	13	80	17	49	73	26	32	96	14	113	122	61
20	46	28	99	25	95	111	12	123	71	64	71	38	51	58	29	54	67	44	46	105	85	14	96	5	29	100	63	55	118	0	38	103	89	97	27	72	8	59	92	36	30	111	60	84	50	55	25	42	5
111	14	97	69	61	35	16	38	36	13	18	12	103	120	52	58	113	79	97	44	109	116	46	106	78	75	118	15	65	92	37	0	102	73	111	99	67	114	100	75	8	7	65	122	56	102	20	83	42	100
77	49	113	66	12	109	51	7	17	118	17	46	66	82	47	1	54	52	84	87	35	78	37	112	83	40	120	72	7	94	12	82	0	122	116	18	110	39	77	100	11	62	32	24	10	120	91	18	81	19
20	51	60	98	110	41	98	40	64	22	18	95	77	41	99	32	52	5	33	17	83	36	34	43	56	14	19	46	74	45	23	24	6	0	95	99	103	43	101	44	60	111	86	120	43	120	58	86	84	48
22	111	69	46	53	101	65	18	99	57	6	11	16	47	47	79	46	7	48	27	90	107	42	104	25	109	104	36	93	119	21	111	86	110	0	1	39	12	67	9	118	29	36	30	102	43	23	32	123	49
71	108	122	46	26	38	88	59	10	24	100	31	43	48	63	40	32	49	46	66	115	32	64	58	38	19	20	95	83	7	84	76	67	19	50	0	47	117	121	113	45	24	44	66	108	93	83	40	45	110
9	85	33	12	65	60	80	69	116	31	116	5	91	99	44	7	72	61	90	32	20	105	98	28	23	30	44	26	7	115	87	70	104	81	24	99	0	66	66	121	61	86	123	34	81	114	118	70	13	114
66	85	121	108	118	94	69	66	58	31	111	37	56	100	121	119	116	62	53	19	42	94	117	59	7	122	2	122	35	89	68	51	9	110	70	39	82	0	43	121	21	64	118	14	105	64	86	84	18	58
91	4	54	74	44	19	39	110	16	93	119	51	113	20	91	115	34	16	113	54	89	80	105	56	84	42	106	35	124	17	70	56	93	34	82	3	27	89	0	20	83	74	79	77	62	97	72	5	23	15
53	36	91	14	18	31	13	57	19	22	50	113	87	101	42	91	61	36	45	108	82	116	47	10	73	52	29	72	46	115	22	3	104	32	8	104	52	3	10	0	23	36	48	8	25	74	123	108	26	79
1	42	114	47	63	93	15	83	63	97	14	118	53	64	115	49	105	115	36	100	95	93	67	80	92	119	28	120	75	4	1	39	85	91	7	82	89	34	11	10	0	95	106	95	80	6	11	11	96	36
102	118	7	4	29	9	28	25	37	113	103	79	10	40	93	50	39	4	86	40	27	21	19	95	83	63	84	93	4	11	35	1	38	44	36	39	53	15	24	56	100	0	94	12	63	68	80	105	56	108
85	4	7	76	48	45	94	119	110	19	115	94	104	108	81	115	18	2	11	124	109	104	106	90	106	70	14	28	99	14	38	27	117	81	77	31	74	43	92	122	4	9	0	56	115	73	16	6	30	3
18	93	46	44	77	60	102	109	115	97	21	117	88	82	22	98	112	78	86	57	105	47	61	79	38	77	62	114	37	30	104	95	122	83	93	49	12	16	44	6	95	39	86	0	71	56	51	73	38	65
85	33	62	96	6	97	123	81	27	82	88	32	59	38	31	25	19	9	83	1	33	15	25	70	116	49	62	96	80	38	79	81	42	7	5	21	106	79	117	95	56	111	25	62	0	25	34	50	112	61
10	83	26	10	53	90	83	44	15	107	95	84	25	3	101	8	115	30	26	70	47	117	27	124	115	118	25	8	44	30	66	110	32	90	88	58	11	75	44	89	124	15	19	124	20	0	94	114	42	63
12	28	84	103	123	56	122	96	104	19	115	25	109	120	66	107	123	79	2	56	48	93	77	50	12	38	39	11	30	34	67	22	52	84	48	42	86	100	121	85	10	97	104	58	60	57	0	68	113	55
36	2	43	25	112	15	123	111	27	67	112	116	72	5	11	107	21	73	94	27	64	3	26	26	21	7	104	38	79	1	24	112	11	59	20	95	91	91	84	121	68	97	67	46	114	17	20	0	111	55
110	57	38	87	74	17	13	5	7	1	84	66	120	33	123	74	11	95	46	7	52	80	16	72	44	116	23	96	13	11	102	48	72	43	36	46	80	66	118	93	61	82	1	72	50	55	23	65	0	33
71	108	73	72	41	57	30	97	9	8	124	18	39	95	5	83	102	10	55	68	90	35	36	30	68	97	73	31	100	97	89	14	59	90	114	12	58	51	12	96	113	98	108	54	8	87	68	109	100	0
