50  10  1
10
	0	10	1	21	2	12	3	62	4	14	5	23	6	48	7	82	8	11	9	22
	0	26	1	61	2	77	3	18	4	91	5	51	6	46	7	67	8	81	9	43
	0	86	1	35	2	51	3	78	4	93	5	19	6	16	7	15	8	67	9	13
	0	42	1	57	2	92	3	66	4	54	5	83	6	34	7	55	8	69	9	34
	0	29	1	71	2	40	3	54	4	18	5	87	6	89	7	85	8	61	9	73
	0	66	1	52	2	29	3	56	4	48	5	10	6	65	7	51	8	76	9	29
	0	49	1	5	2	97	3	29	4	24	5	40	6	47	7	1	8	56	9	82
	0	97	1	84	2	40	3	4	4	59	5	69	6	79	7	27	8	100	9	50
	0	82	1	65	2	40	3	61	4	84	5	95	6	9	7	48	8	60	9	90
	0	98	1	75	2	94	3	52	4	27	5	68	6	35	7	31	8	25	9	30
	0	34	1	16	2	78	3	98	4	59	5	27	6	96	7	18	8	17	9	60
	0	17	1	56	2	46	3	53	4	34	5	72	6	48	7	71	8	17	9	32
	0	73	1	36	2	69	3	29	4	75	5	58	6	38	7	34	8	14	9	19
	0	70	1	9	2	57	3	32	4	78	5	41	6	6	7	85	8	63	9	93
	0	71	1	22	2	6	3	63	4	43	5	36	6	27	7	13	8	50	9	65
	0	72	1	5	2	3	3	30	4	73	5	45	6	49	7	41	8	4	9	39
	0	7	1	71	2	7	3	4	4	45	5	70	6	84	7	83	8	12	9	61
	0	65	1	60	2	65	3	62	4	1	5	85	6	24	7	100	8	41	9	40
	0	52	1	26	2	95	3	11	4	58	5	48	6	89	7	52	8	54	9	32
	0	70	1	47	2	19	3	45	4	7	5	11	6	50	7	34	8	100	9	94
	0	12	1	79	2	4	3	63	4	2	5	44	6	8	7	85	8	96	9	22
	0	47	1	33	2	48	3	63	4	28	5	97	6	55	7	9	8	91	9	59
	0	12	1	77	2	52	3	71	4	9	5	84	6	87	7	46	8	59	9	92
	0	55	1	44	2	52	3	100	4	76	5	23	6	72	7	44	8	2	9	79
	0	25	1	66	2	58	3	1	4	66	5	53	6	32	7	8	8	18	9	68
	0	47	1	48	2	27	3	34	4	35	5	79	6	99	7	26	8	9	9	58
	0	91	1	75	2	96	3	7	4	85	5	24	6	73	7	35	8	45	9	56
	0	29	1	34	2	35	3	89	4	32	5	79	6	66	7	32	8	91	9	95
	0	77	1	21	2	22	3	80	4	87	5	79	6	76	7	89	8	64	9	93
	0	79	1	19	2	98	3	80	4	89	5	58	6	71	7	93	8	82	9	73
	0	75	1	84	2	6	3	69	4	6	5	31	6	77	7	26	8	41	9	6
	0	7	1	7	2	72	3	2	4	77	5	90	6	61	7	98	8	1	9	70
	0	42	1	98	2	50	3	29	4	63	5	67	6	23	7	72	8	78	9	84
	0	86	1	87	2	97	3	48	4	18	5	54	6	78	7	28	8	40	9	32
	0	17	1	40	2	2	3	96	4	51	5	86	6	65	7	92	8	2	9	94
	0	6	1	42	2	23	3	44	4	20	5	12	6	5	7	60	8	6	9	27
	0	83	1	16	2	62	3	3	4	32	5	83	6	24	7	10	8	48	9	99
	0	18	1	10	2	53	3	66	4	20	5	16	6	68	7	84	8	38	9	76
	0	47	1	83	2	59	3	80	4	59	5	21	6	32	7	23	8	74	9	46
	0	66	1	3	2	69	3	46	4	84	5	24	6	82	7	35	8	49	9	13
	0	69	1	56	2	51	3	1	4	41	5	79	6	24	7	21	8	86	9	48
	0	41	1	8	2	13	3	94	4	98	5	6	6	59	7	10	8	73	9	39
	0	52	1	79	2	51	3	81	4	28	5	70	6	19	7	30	8	30	9	69
	0	93	1	85	2	54	3	98	4	25	5	72	6	4	7	39	8	98	9	70
	0	76	1	69	2	15	3	30	4	2	5	71	6	28	7	97	8	89	9	80
	0	78	1	67	2	55	3	74	4	31	5	43	6	59	7	24	8	32	9	76
	0	46	1	58	2	21	3	5	4	75	5	14	6	71	7	18	8	100	9	68
	0	47	1	19	2	17	3	77	4	97	5	62	6	98	7	73	8	30	9	80
	0	72	1	90	2	26	3	39	4	32	5	12	6	95	7	72	8	71	9	81
	0	81	1	96	2	80	3	94	4	73	5	99	6	58	7	82	8	67	9	58
SSD
M0
0	2	5	9	3	9	4	2	9	7	7	5	4	9	8	4	2	6	4	5	5	7	5	2	9	6	8	6	5	9	7	3	4	8	5	8	6	1	6	1	2	6	5	1	9	8	1	9	7	6
6	0	3	7	1	9	1	7	2	4	5	8	2	3	4	4	5	7	8	7	4	1	8	6	2	2	9	3	6	7	9	4	8	5	8	3	7	1	7	7	3	9	1	8	3	1	9	5	1	9
7	4	0	3	4	6	5	3	8	6	8	5	1	1	4	9	4	8	1	4	9	6	4	9	9	4	9	1	4	6	1	7	6	7	2	7	9	6	1	3	7	5	4	9	1	4	4	2	4	2
8	4	6	0	2	9	7	1	4	9	4	6	3	6	1	8	8	8	9	3	9	8	6	3	5	4	5	6	4	4	9	2	1	7	2	8	6	2	2	1	7	2	3	6	7	8	8	4	8	9
4	6	5	6	0	3	1	3	6	4	5	9	5	1	8	6	6	5	3	3	9	4	6	6	5	9	5	6	9	4	5	1	3	5	2	5	5	4	8	4	5	6	6	6	2	6	4	5	4	1
8	3	6	7	1	0	2	5	3	2	4	3	2	3	6	6	6	9	6	7	5	4	9	1	6	5	3	2	1	5	4	2	6	6	9	4	1	4	9	8	8	5	1	3	1	3	5	6	4	1
8	2	6	8	6	5	0	3	5	1	4	1	4	2	8	9	3	2	3	1	8	5	3	5	1	7	8	2	8	9	1	5	9	2	3	7	1	9	9	4	1	9	2	8	7	1	5	1	1	3
1	6	1	8	5	2	5	0	2	2	2	8	5	7	5	8	2	5	5	5	2	8	9	5	1	9	8	1	4	2	9	3	2	2	8	4	8	1	8	4	7	6	7	9	8	4	4	1	7	1
7	6	2	2	8	1	1	6	0	7	6	6	8	7	6	7	8	3	8	1	9	4	8	9	8	1	3	8	8	1	3	5	7	8	8	7	3	4	6	2	1	5	2	5	5	5	5	1	3	8
1	6	6	2	2	9	8	7	6	0	5	8	3	7	3	4	8	8	1	4	4	2	8	6	7	1	1	4	6	4	1	3	6	2	5	2	3	6	3	7	4	5	3	3	2	8	5	3	1	6
2	8	5	5	3	8	2	3	3	5	0	3	4	4	3	3	3	4	2	1	2	1	9	4	1	6	1	8	7	8	7	4	9	7	7	7	5	8	7	7	7	6	9	9	8	9	6	3	6	6
5	7	7	6	2	1	2	1	1	6	6	0	8	7	5	1	4	7	6	6	5	2	9	5	6	8	2	4	6	6	3	7	1	8	8	2	9	5	3	1	7	9	5	3	8	8	1	2	2	7
5	5	7	7	4	7	1	4	4	4	8	9	0	4	2	6	2	8	1	4	2	2	8	5	8	1	8	4	8	4	6	8	4	2	4	4	9	3	1	8	6	3	3	4	3	6	7	7	3	5
1	8	6	3	2	8	6	6	6	7	7	7	1	0	9	9	1	7	6	7	8	6	1	8	5	1	8	1	9	1	5	1	2	7	5	7	2	4	3	1	7	7	4	7	2	1	9	7	1	5
3	2	8	3	2	2	1	1	8	5	2	2	8	3	0	9	3	2	5	2	6	5	3	9	4	5	6	6	5	6	2	6	9	6	8	3	8	8	7	5	1	8	5	7	4	1	1	4	2	9
3	6	2	3	2	9	2	4	8	7	4	6	7	1	9	0	3	3	6	2	6	8	1	1	3	6	9	9	7	9	6	3	6	5	4	5	9	6	4	3	2	8	1	6	3	5	9	4	4	6
5	3	6	7	6	6	6	6	2	2	7	2	3	9	2	2	0	5	5	7	7	2	1	1	7	1	6	7	4	5	9	4	9	8	5	9	6	3	6	3	4	4	6	6	5	9	9	2	4	4
6	1	5	3	4	2	4	8	7	8	5	7	4	5	8	1	1	0	9	7	3	4	5	2	4	9	7	1	3	2	6	5	8	1	8	8	5	6	5	3	5	4	8	5	9	1	1	1	9	6
3	4	9	6	5	7	9	2	4	6	8	2	9	2	9	7	9	8	0	9	2	9	1	8	4	1	6	2	4	2	6	3	6	7	8	4	4	6	5	6	2	1	4	6	7	2	2	1	8	5
6	7	2	7	6	5	4	3	7	1	8	9	8	6	1	3	5	3	1	0	1	7	7	9	4	1	3	4	5	8	1	7	7	3	2	1	5	1	2	5	2	8	7	5	4	2	4	5	2	5
9	6	8	6	4	9	5	9	9	3	8	6	8	9	3	7	4	6	3	1	0	9	6	9	9	8	4	8	4	7	4	6	4	1	2	2	8	6	5	4	8	6	9	5	1	9	9	9	2	9
9	8	1	3	9	6	3	9	6	9	8	9	6	4	5	2	4	1	2	3	2	0	5	9	4	5	1	3	1	8	6	6	1	7	9	3	9	1	8	6	6	9	9	7	6	8	2	1	2	4
5	7	1	6	2	3	4	8	7	4	2	2	5	4	4	8	3	7	8	4	1	2	0	6	2	4	6	7	1	9	5	7	6	4	9	4	7	3	1	9	1	2	1	8	2	8	5	5	7	6
1	6	4	4	9	8	8	5	5	6	4	1	3	7	6	7	4	6	3	7	1	4	1	0	5	9	5	9	3	1	1	1	5	8	7	2	5	3	9	7	8	4	8	3	9	8	2	8	3	9
9	5	8	6	2	4	2	1	5	9	5	4	8	1	6	5	5	3	9	1	3	1	4	8	0	5	7	9	5	1	8	8	9	2	7	6	8	7	7	3	8	9	4	5	6	6	3	4	9	2
2	9	5	4	2	5	5	7	7	2	8	6	5	3	5	3	3	1	8	7	7	2	6	7	3	0	5	9	4	5	3	1	6	7	4	6	7	3	2	3	2	6	5	2	9	2	3	7	8	5
4	7	6	6	7	4	7	9	8	5	1	2	8	3	6	5	9	8	4	5	8	4	7	4	2	2	0	4	7	5	3	4	4	1	8	5	7	3	3	4	5	1	7	7	9	5	2	7	8	8
1	7	9	3	3	8	8	5	2	3	3	5	5	1	5	9	1	8	4	7	5	4	9	9	7	6	8	0	4	7	6	4	2	7	9	3	7	8	8	3	4	7	1	4	8	8	9	8	5	9
7	5	3	8	7	5	5	7	8	5	1	8	4	1	6	8	6	4	8	9	9	8	4	4	2	8	2	3	0	2	5	2	4	9	1	5	1	7	4	9	2	7	7	6	2	2	6	5	8	1
9	9	8	2	9	6	7	3	2	9	5	4	7	1	9	7	9	7	4	9	1	5	3	6	7	3	2	8	2	0	1	7	2	5	6	3	2	9	4	2	1	8	5	1	3	9	7	5	1	9
6	3	6	2	9	4	1	3	3	9	4	9	2	9	3	4	9	8	9	7	2	5	2	2	4	3	2	6	7	7	0	4	6	9	3	9	5	1	7	5	4	7	5	2	2	2	6	4	1	5
6	5	9	4	1	5	6	7	3	4	4	1	5	6	6	5	5	5	7	7	8	6	4	5	5	7	4	5	3	1	7	0	2	1	7	8	2	7	9	9	9	9	1	9	7	5	4	3	2	2
3	1	2	8	1	2	9	4	3	3	9	9	5	4	6	7	2	9	3	8	5	6	4	7	9	5	1	7	1	8	4	6	0	7	5	7	4	6	1	7	5	8	4	3	2	4	3	4	5	3
1	2	3	2	2	1	2	8	8	5	7	2	6	9	7	3	5	2	6	1	5	9	7	4	8	7	9	9	1	2	5	6	2	0	3	5	2	6	2	3	4	3	9	7	2	7	2	4	2	4
3	1	5	6	4	9	7	4	4	2	3	6	6	1	8	9	2	4	6	5	8	9	9	2	8	1	9	9	1	1	4	8	9	2	0	7	7	1	7	3	5	9	6	6	6	1	9	4	9	8
4	9	6	2	9	7	1	8	2	1	4	6	2	7	4	4	4	9	7	5	2	4	4	9	2	2	6	1	1	7	2	2	4	3	2	0	2	7	8	6	8	5	5	6	6	6	1	1	2	2
4	6	6	5	5	5	5	9	4	2	9	5	6	2	6	9	4	8	7	4	9	4	6	3	1	5	2	4	7	8	7	8	1	1	1	6	0	4	4	5	5	6	5	3	9	4	4	5	9	5
6	8	1	1	6	5	2	8	4	8	8	4	8	1	1	5	1	4	8	2	8	4	9	5	8	1	9	4	7	6	1	4	8	3	2	5	1	0	9	3	6	8	8	6	7	2	1	3	9	8
4	8	4	7	5	3	5	4	9	5	7	8	7	1	7	4	1	5	7	1	5	5	9	1	5	6	3	6	9	1	1	2	5	6	6	9	9	4	0	6	2	8	9	3	9	1	7	3	4	7
3	9	9	9	8	7	4	8	9	5	4	3	8	2	3	2	1	2	9	2	2	1	1	1	8	7	9	7	8	8	4	2	4	2	3	5	2	4	8	0	2	1	3	5	7	2	9	5	9	9
3	7	7	8	2	9	7	8	8	3	3	2	3	4	1	7	2	5	2	6	3	5	5	6	9	5	8	7	3	9	2	5	1	9	5	2	6	3	9	1	0	8	3	5	6	7	8	9	8	7
5	5	2	9	2	2	4	9	6	9	9	7	7	3	1	2	9	4	4	5	9	7	9	1	5	2	9	2	3	5	1	2	2	1	8	6	6	7	8	4	7	0	2	6	3	6	5	5	3	7
9	3	7	3	2	8	5	6	5	1	7	9	2	5	1	5	7	6	3	6	5	3	3	3	9	3	9	7	3	6	1	9	3	3	6	6	9	8	2	6	6	8	0	7	4	6	9	5	7	5
7	4	6	3	6	3	6	1	4	5	5	6	8	7	7	2	1	2	3	3	8	7	2	2	1	5	5	2	1	4	1	7	9	8	2	1	6	3	3	2	8	3	8	0	8	5	5	2	4	9
1	3	8	4	7	7	8	8	3	6	2	3	5	2	6	8	3	6	4	6	5	9	4	2	4	9	9	5	2	5	2	8	3	8	5	2	4	3	4	9	5	4	2	7	0	7	4	2	9	9
1	4	3	4	6	1	1	9	4	2	8	8	2	5	2	6	7	8	9	2	4	2	3	9	8	3	3	3	7	8	9	5	7	6	3	9	9	6	2	5	3	5	8	8	8	0	1	7	4	9
9	9	8	5	4	9	2	6	8	6	6	9	1	5	3	5	8	7	3	3	7	3	4	1	8	9	8	2	3	1	4	9	1	6	6	5	5	7	6	4	2	2	8	1	7	2	0	2	5	4
9	9	7	2	1	9	6	2	2	2	9	3	8	9	6	1	8	8	8	3	7	4	6	3	3	8	3	6	8	7	4	4	5	8	8	2	3	9	9	5	4	7	2	8	6	4	2	0	4	3
3	8	6	9	2	7	4	9	5	8	1	8	9	8	9	3	9	9	8	7	9	7	5	3	7	9	4	4	1	2	8	5	9	3	7	3	9	1	5	7	3	3	4	3	5	5	8	5	0	1
9	8	1	6	1	2	2	7	7	4	6	2	8	4	7	5	7	8	8	7	7	6	3	8	1	2	5	6	7	3	4	8	5	6	2	8	2	1	2	5	6	5	2	6	3	1	9	5	3	0
M1
0	5	7	5	7	8	7	3	1	9	5	1	9	9	6	5	6	3	8	5	8	9	3	4	4	5	6	6	6	6	1	1	7	5	8	6	3	1	4	8	2	2	9	3	4	9	3	5	2	8
8	0	5	4	6	1	6	7	7	9	2	8	9	5	6	4	8	4	2	9	2	8	3	2	5	6	2	3	7	4	6	7	5	9	8	2	5	2	4	4	2	7	6	6	1	7	8	5	5	4
5	6	0	9	7	5	5	8	2	3	5	5	5	2	5	9	2	7	3	3	5	5	4	5	9	3	8	3	7	9	6	9	1	1	8	2	4	9	2	2	7	6	1	6	3	5	1	7	3	3
8	4	3	0	8	7	2	2	5	1	6	4	2	1	6	4	4	4	7	9	2	8	8	6	9	8	1	8	5	9	7	2	8	8	4	2	9	8	4	4	7	6	5	3	3	8	4	5	9	3
2	3	3	1	0	5	2	6	3	1	2	2	1	2	6	6	2	7	6	2	1	9	3	6	2	8	8	4	6	2	7	4	2	3	1	5	4	6	8	4	3	6	1	2	3	2	7	3	4	6
1	7	8	4	1	0	7	9	8	2	8	6	2	1	4	1	6	6	6	7	2	7	6	1	9	2	1	8	5	4	1	4	6	3	7	8	1	1	8	1	3	3	2	6	6	7	8	2	6	1
4	2	2	5	5	2	0	7	5	2	6	7	5	7	5	7	3	9	9	8	7	6	5	5	7	7	4	2	9	5	2	9	5	3	8	2	4	4	8	3	4	8	4	7	9	8	4	5	6	3
2	3	4	2	4	9	2	0	6	9	5	9	4	4	1	6	8	9	4	8	5	2	2	6	8	3	6	7	2	1	9	5	3	6	8	5	1	4	8	5	6	2	8	8	6	3	3	7	2	8
8	2	7	2	4	7	3	3	0	8	9	6	1	2	2	1	3	6	6	7	5	7	9	7	6	1	1	1	6	1	2	3	3	1	1	2	9	6	9	5	7	8	5	9	2	4	4	1	8	3
8	9	2	7	2	3	1	6	8	0	1	7	6	8	1	8	5	7	8	2	8	7	5	1	4	5	2	6	6	9	3	6	4	1	1	8	3	7	1	6	2	3	9	4	4	7	3	4	2	8
2	6	5	7	2	9	4	8	3	9	0	8	9	5	4	1	4	3	2	2	7	9	5	5	8	8	6	5	1	4	8	9	5	3	8	5	6	1	7	9	7	5	4	1	8	5	8	2	5	1
3	9	5	3	6	5	8	4	8	2	4	0	7	3	2	7	6	4	3	8	7	7	4	2	1	2	2	4	6	1	4	8	5	4	5	6	8	8	5	4	8	9	5	6	4	2	2	7	6	6
5	7	4	5	3	2	2	2	9	4	4	9	0	8	2	5	6	8	7	4	4	8	2	1	2	6	7	6	8	7	1	8	8	4	1	4	6	5	8	2	6	3	2	8	9	5	5	3	8	1
1	5	2	9	2	5	2	5	2	1	7	5	3	0	7	2	9	6	5	8	8	4	6	9	9	1	2	2	3	9	7	1	1	1	6	8	8	1	8	9	3	3	5	5	7	1	3	7	1	8
8	9	4	9	8	3	7	1	9	3	3	7	4	1	0	6	2	7	6	5	1	1	8	8	3	3	2	4	8	9	4	5	1	6	3	7	5	7	8	2	8	9	9	8	6	2	3	8	3	2
3	9	6	1	8	1	1	8	5	2	3	8	2	3	2	0	6	7	2	4	6	5	9	9	6	8	6	1	9	4	3	6	7	4	8	2	6	9	7	2	2	7	4	9	6	6	1	2	9	9
7	7	5	3	7	7	4	9	2	9	7	8	9	6	1	2	0	6	1	8	8	7	2	4	9	4	5	6	4	6	4	8	9	1	7	2	8	8	2	3	3	6	5	4	8	2	9	6	3	1
9	9	6	9	2	4	7	7	5	5	1	5	3	2	7	6	5	0	4	1	1	2	3	2	9	7	3	7	2	5	1	2	4	1	1	4	8	1	5	5	1	8	7	9	6	8	8	8	6	4
3	2	6	3	2	8	7	9	4	5	9	5	2	1	6	9	5	1	0	3	6	5	1	6	8	4	4	4	9	2	4	7	5	9	9	9	8	6	8	3	3	2	3	6	5	4	4	4	2	5
8	8	4	5	9	2	6	9	6	4	2	9	1	6	2	4	5	5	8	0	1	7	6	1	7	7	3	1	2	7	1	2	7	1	1	5	6	3	4	4	5	6	1	1	2	3	3	7	1	4
4	4	7	4	5	2	7	8	7	5	5	1	7	6	4	8	4	1	7	2	0	6	3	9	4	1	5	1	3	9	4	9	3	1	9	8	6	3	2	5	1	2	7	6	9	2	8	4	5	5
8	8	8	8	7	4	8	5	6	5	6	1	4	7	6	6	1	2	5	2	1	0	8	2	2	6	2	6	8	5	1	7	7	3	3	6	8	7	8	7	9	8	2	7	1	2	6	9	3	8
6	3	8	4	1	5	9	7	9	1	1	2	5	5	5	8	7	9	1	8	7	5	0	6	9	7	4	8	9	3	3	1	2	7	2	9	1	4	3	8	3	2	7	5	5	3	4	1	5	3
6	5	1	9	9	9	8	6	5	3	2	3	3	1	8	8	7	6	7	2	9	9	6	0	5	1	1	1	4	4	7	2	1	4	2	9	3	3	9	7	8	2	8	2	4	6	4	4	3	6
9	4	7	4	7	2	8	6	7	4	7	6	7	4	9	1	5	5	8	9	9	1	7	3	0	6	4	3	5	9	8	2	5	5	6	6	8	1	1	4	9	7	2	5	8	4	5	7	8	7
4	4	1	8	6	9	5	4	1	8	5	6	5	4	3	6	5	3	9	3	2	6	3	6	1	0	7	1	8	7	8	9	8	7	2	8	9	5	4	9	8	6	9	8	4	8	6	1	3	6
5	7	2	1	5	3	9	8	7	7	1	9	9	7	4	9	4	1	2	8	4	4	2	6	7	6	0	1	6	5	9	3	1	8	7	2	4	2	4	6	9	7	6	2	8	1	6	8	4	3
7	6	4	5	4	4	5	2	8	4	1	3	3	1	6	2	5	7	9	3	6	7	3	1	2	3	8	0	3	3	3	5	9	6	1	7	8	9	1	5	4	5	1	2	3	5	8	3	3	6
2	2	5	6	5	6	2	7	2	1	5	4	3	6	2	3	6	1	5	9	7	4	7	3	8	8	5	2	0	5	7	4	4	1	3	2	7	4	4	7	5	9	6	4	1	5	4	2	4	7
7	2	7	2	4	5	2	4	7	9	2	4	2	1	9	5	2	7	9	2	6	2	8	3	2	5	3	9	8	0	6	3	7	4	7	3	6	3	1	4	3	1	1	2	1	4	8	5	9	8
1	7	6	9	3	5	2	2	3	2	5	8	1	4	9	8	5	3	1	3	8	8	9	1	6	3	3	5	5	2	0	5	4	3	5	8	2	7	7	4	9	8	2	9	5	3	7	3	2	1
1	1	2	4	5	2	6	8	7	7	2	7	6	5	5	1	2	1	1	5	9	5	5	2	7	3	5	1	6	3	9	0	3	6	2	4	4	8	2	4	9	8	8	7	5	9	8	8	9	1
9	5	4	3	4	6	3	4	6	4	4	9	7	7	4	5	3	5	5	9	4	8	9	8	7	9	4	6	8	6	4	4	0	1	2	4	9	5	9	6	1	5	6	9	6	8	5	1	8	5
1	6	1	3	1	7	5	1	2	8	3	3	9	7	1	3	1	6	8	6	7	8	4	5	6	1	4	6	5	2	7	9	7	0	5	7	1	2	9	5	4	9	6	4	5	6	7	5	7	1
3	1	2	9	3	7	6	1	6	1	2	1	8	5	2	2	1	3	2	7	1	7	8	7	9	4	2	4	6	7	7	8	5	9	0	6	7	9	1	7	4	1	1	1	1	7	4	7	8	4
9	6	3	3	1	4	4	1	5	3	4	8	5	8	4	6	6	5	5	1	8	1	5	3	7	5	5	6	2	5	6	6	7	7	1	0	1	7	6	2	3	8	6	1	2	2	6	6	1	3
3	6	3	3	1	5	9	7	2	5	8	3	6	9	8	7	5	2	1	1	8	9	8	4	2	9	8	7	9	5	3	7	1	4	4	3	0	6	4	3	9	9	7	9	8	3	5	3	8	2
4	4	5	9	2	5	2	5	9	2	9	2	8	8	9	4	7	6	5	2	6	1	7	4	9	6	4	9	2	4	8	6	2	4	4	7	6	0	5	1	4	4	9	9	4	7	2	5	5	2
5	7	2	9	4	1	4	3	3	5	4	5	5	3	9	9	8	7	5	6	7	6	5	7	4	7	3	1	3	2	5	2	1	1	5	7	4	8	0	4	9	3	2	3	3	1	1	1	7	7
2	5	3	5	4	5	5	9	8	4	7	7	2	6	2	3	6	9	1	5	7	2	6	6	9	8	3	7	2	8	4	4	7	5	9	1	2	8	7	0	3	5	8	9	4	3	9	9	1	8
9	3	7	6	1	1	3	1	3	2	2	3	2	5	6	6	8	5	8	1	3	7	5	6	6	5	3	5	6	3	7	1	5	4	8	8	8	6	1	5	0	1	7	9	5	8	5	4	1	1
5	1	4	9	1	9	6	1	5	4	3	6	7	9	8	6	8	8	1	7	4	5	8	9	7	1	1	6	5	2	5	8	8	6	3	5	4	6	6	7	1	0	8	4	9	6	1	9	6	5
7	6	4	3	9	3	8	1	2	8	2	5	4	4	8	1	6	9	3	7	4	5	4	2	6	2	5	8	9	3	8	1	7	6	8	1	8	6	6	5	4	9	0	2	1	3	4	4	2	1
3	7	5	7	5	9	9	2	9	3	4	6	8	2	4	9	4	6	9	1	4	8	8	7	8	2	6	1	5	6	7	5	9	8	3	4	8	5	4	7	9	9	6	0	8	7	3	2	8	8
9	5	6	7	8	9	3	5	9	5	6	6	1	7	9	9	3	7	5	2	5	6	7	5	4	2	3	4	5	3	4	8	1	3	1	4	4	7	3	4	7	6	6	8	0	4	6	1	6	8
2	3	7	5	8	6	4	4	8	3	1	8	4	5	4	9	4	3	7	4	1	9	2	3	6	7	4	6	7	1	6	9	8	6	6	2	2	9	7	6	6	9	4	1	5	0	3	9	2	1
3	7	8	7	5	8	7	2	3	7	5	4	7	3	5	4	4	3	4	7	5	2	7	3	6	1	6	3	6	4	3	7	7	3	2	7	6	9	7	5	6	3	8	7	5	9	0	7	7	1
3	5	7	7	5	3	1	9	1	5	8	1	9	7	3	1	6	7	9	7	4	5	6	6	9	6	6	4	7	5	1	4	2	8	3	6	3	9	2	7	2	8	7	4	1	3	8	0	7	6
5	4	3	5	2	3	3	3	9	8	8	7	8	7	4	7	8	6	9	9	1	6	6	7	9	1	3	9	9	5	1	9	2	9	1	9	3	1	4	4	4	4	9	9	6	6	4	9	0	3
9	7	9	3	9	9	9	2	7	9	9	5	9	7	9	8	7	8	7	8	4	3	3	3	1	4	3	9	4	1	8	3	5	1	5	8	7	8	2	5	6	1	9	9	1	1	4	1	5	0
M2
0	3	4	9	3	6	3	8	8	6	3	3	6	4	7	9	6	8	6	3	3	4	1	6	5	8	9	9	8	3	8	2	4	4	7	8	7	3	7	7	8	3	6	6	5	8	8	6	4	4
7	0	8	5	4	3	8	7	4	6	5	8	3	4	9	4	1	9	5	2	5	1	4	7	9	9	5	9	1	7	8	3	9	3	7	1	7	6	2	8	1	9	9	5	1	1	3	6	4	6
9	1	0	2	2	1	7	5	6	9	9	9	9	5	4	7	5	3	6	7	1	5	2	8	3	3	9	1	1	4	1	6	9	2	7	8	6	5	5	6	8	2	8	8	4	6	2	4	7	7
5	8	7	0	2	4	5	3	8	2	1	7	6	7	7	2	9	8	1	4	5	5	4	9	1	1	5	8	2	8	3	9	1	7	3	9	5	8	1	3	4	7	1	6	4	8	2	2	3	3
3	6	1	4	0	7	9	1	6	9	5	7	8	1	3	5	1	8	1	4	3	5	6	3	3	5	1	5	4	3	2	9	4	5	6	4	5	7	8	7	4	3	4	8	4	3	5	1	1	6
7	3	9	1	3	0	2	7	2	3	1	5	4	6	7	5	7	5	1	5	4	5	3	9	4	1	4	1	6	5	6	3	1	4	5	7	6	5	3	5	9	7	9	3	2	5	3	5	9	1
5	9	2	6	4	7	0	1	7	2	1	1	7	3	6	8	1	1	9	8	3	2	8	5	8	6	9	2	4	4	3	7	7	8	5	2	8	3	7	6	3	6	9	4	1	8	2	2	7	6
5	7	3	9	7	3	5	0	7	5	9	7	6	3	5	3	7	5	1	8	3	9	8	3	9	9	6	6	2	4	2	4	7	5	9	3	2	1	4	3	9	4	4	9	5	7	7	8	8	9
9	8	6	1	5	7	9	7	0	7	1	2	8	9	3	3	2	8	9	8	2	3	4	3	6	4	3	6	7	4	3	3	1	6	3	6	5	9	5	3	5	8	3	5	6	1	8	2	6	1
8	3	7	6	7	8	4	7	9	0	5	1	4	8	9	8	5	4	2	3	8	9	1	8	2	6	9	7	4	6	9	8	2	2	5	5	4	7	1	9	3	1	6	4	7	9	5	7	5	3
7	7	9	3	5	3	1	9	2	9	0	3	2	7	4	2	5	8	5	1	6	4	6	4	4	2	1	9	1	2	6	2	8	1	2	8	2	9	2	8	4	7	6	1	5	5	1	5	8	9
2	1	1	8	5	1	1	7	2	5	8	0	1	9	6	9	6	5	8	8	2	2	8	4	2	1	8	4	8	3	3	2	3	1	6	5	2	9	5	5	5	5	6	8	8	6	4	5	8	5
9	5	8	7	7	1	2	3	5	9	2	1	0	4	7	4	2	1	2	6	3	1	6	7	8	4	3	1	2	9	9	1	7	4	5	1	5	9	5	1	2	9	4	3	9	9	2	6	6	9
5	5	8	1	7	6	6	9	1	6	6	1	1	0	9	5	9	4	1	8	2	6	4	1	6	3	2	8	1	4	3	7	4	1	6	7	9	4	4	8	7	3	4	4	1	3	5	8	3	9
4	5	3	4	5	4	9	8	1	4	9	8	7	4	0	6	8	6	5	3	6	1	5	6	4	1	6	9	7	3	6	6	7	5	9	1	3	7	2	3	9	2	5	7	2	3	4	3	3	5
4	7	1	8	4	9	9	7	8	4	8	3	2	7	9	0	3	8	3	4	4	3	7	3	3	7	1	8	1	1	4	7	5	8	9	3	6	9	8	3	4	9	5	6	9	3	4	4	9	9
1	7	7	4	1	7	1	2	9	1	3	8	3	1	9	1	0	7	7	4	5	5	5	6	7	1	1	3	6	8	6	6	6	4	1	8	8	2	5	6	4	4	1	1	4	5	9	5	7	8
8	1	8	8	2	8	1	2	2	5	5	5	6	7	6	4	6	0	9	7	5	7	8	6	7	8	6	8	2	4	1	9	3	7	6	9	5	5	1	6	8	6	4	2	5	3	9	7	4	5
3	8	6	7	6	2	6	6	6	5	4	4	4	3	9	8	8	3	0	2	6	1	6	6	1	3	4	8	9	2	6	5	8	7	2	5	1	1	5	8	1	5	8	8	3	9	3	2	7	4
1	1	9	2	6	4	2	9	1	2	7	5	8	3	7	4	8	4	4	0	3	9	3	9	8	6	6	3	9	2	8	7	2	5	5	7	7	7	9	4	5	4	2	2	1	2	1	8	2	2
2	5	2	9	7	1	8	1	7	1	2	6	3	4	8	3	6	8	4	6	0	3	1	5	8	3	7	5	3	4	1	9	2	4	2	1	9	4	8	1	5	9	1	4	1	8	7	1	2	1
7	9	6	3	3	9	1	8	2	4	2	9	9	8	5	7	6	2	2	9	7	0	5	4	3	3	6	9	8	9	4	4	7	4	4	2	3	4	6	2	7	3	7	3	3	3	4	7	5	8
3	5	9	1	7	7	7	4	1	8	8	8	3	2	1	9	9	7	2	3	3	4	0	2	3	4	6	3	2	5	1	9	4	9	9	4	1	6	7	2	7	3	3	4	6	4	4	5	4	2
8	5	9	5	2	6	9	8	8	7	1	8	5	9	7	6	4	6	8	6	6	3	2	0	7	8	1	6	2	6	1	2	4	8	4	2	1	4	9	8	4	8	5	2	2	9	5	3	2	9
9	4	7	3	5	4	3	9	6	8	9	4	9	6	7	5	4	6	3	2	3	3	9	4	0	6	7	2	9	3	1	2	4	9	6	1	4	3	6	1	4	7	7	1	8	8	4	1	9	9
7	1	6	2	8	2	3	2	5	3	7	7	7	2	2	9	2	4	4	5	7	3	6	4	7	0	9	9	5	1	6	2	6	3	5	5	3	1	4	5	3	6	1	4	2	5	2	9	8	9
1	6	5	2	4	3	5	1	8	5	4	7	8	4	9	4	4	6	8	1	7	8	3	6	2	8	0	7	5	1	1	1	3	7	9	7	1	9	1	1	2	8	9	8	2	6	4	9	4	9
1	4	5	7	2	4	3	9	7	5	1	2	4	6	8	4	2	1	4	1	5	2	8	3	4	1	7	0	3	5	1	5	6	2	6	7	2	5	9	2	7	4	3	6	7	2	1	7	7	7
8	5	5	4	1	5	3	1	9	5	4	7	5	7	5	8	6	9	8	6	5	7	1	1	7	7	7	3	0	6	4	7	1	5	4	6	3	8	6	8	7	4	9	8	2	9	8	2	6	1
5	9	5	6	2	1	6	2	3	6	2	9	8	9	1	9	8	9	9	1	3	1	7	9	8	3	9	7	8	0	6	9	5	9	8	1	8	9	1	6	2	1	9	7	5	1	3	6	3	2
1	1	9	9	8	7	2	6	2	4	7	4	1	3	1	1	8	4	9	9	3	7	6	2	4	3	1	1	1	3	0	2	5	9	3	1	3	2	5	3	3	7	4	2	1	6	2	4	5	9
3	6	4	9	9	5	6	9	7	2	6	3	5	5	3	5	5	8	7	9	9	4	7	5	3	4	3	4	7	1	4	0	8	9	7	9	1	4	7	8	9	6	9	3	1	2	3	9	2	3
2	7	2	9	6	2	3	2	8	5	3	2	3	6	7	3	3	7	7	8	9	3	4	9	9	7	3	5	1	4	4	6	0	6	4	4	5	5	7	1	5	6	1	5	9	3	6	1	3	2
1	1	7	4	6	3	1	5	4	1	7	8	2	8	1	9	9	4	1	7	1	9	2	6	1	7	8	1	6	3	9	6	7	0	1	4	5	3	9	9	3	7	1	6	5	4	4	6	2	2
1	4	8	5	5	7	2	5	1	9	6	4	1	5	7	1	5	8	3	5	7	1	6	8	5	1	8	1	1	9	2	3	9	2	0	9	8	9	1	1	4	1	6	3	3	3	9	7	6	4
8	7	9	6	6	6	9	8	3	5	5	2	9	9	8	7	8	3	9	4	8	9	6	8	3	8	4	4	3	1	4	5	1	5	1	0	1	9	7	1	2	7	6	9	3	5	7	7	8	6
7	6	6	1	7	7	9	8	4	4	4	7	9	8	6	7	3	9	5	3	1	2	8	1	7	1	2	5	5	3	8	6	9	2	1	3	0	2	4	2	5	2	6	1	4	9	6	6	2	5
2	9	9	4	9	8	3	6	4	5	6	7	3	3	3	5	7	7	6	5	2	9	5	2	9	1	4	6	8	1	9	3	3	3	2	8	2	0	6	7	5	8	5	9	7	8	6	4	9	7
6	5	5	5	2	4	2	3	4	8	6	3	6	9	8	8	7	6	3	4	8	7	7	3	5	4	8	3	1	2	4	6	1	2	5	6	2	4	0	7	5	2	9	6	6	9	5	9	8	5
2	3	2	9	3	2	7	1	7	6	7	1	5	1	3	6	2	5	7	7	4	5	8	7	8	5	5	6	7	4	3	6	7	6	8	6	4	9	5	0	7	1	6	4	9	4	6	3	9	7
1	7	9	8	4	6	7	8	9	4	2	5	6	3	4	2	1	6	9	3	4	9	6	3	6	8	8	3	8	8	9	4	3	8	5	5	9	2	8	1	0	2	5	9	7	2	1	2	4	7
7	7	6	4	5	7	3	2	3	9	5	4	7	7	4	8	7	6	4	8	2	1	7	9	4	4	8	2	1	9	4	2	2	9	2	9	8	3	3	2	1	0	5	2	5	5	5	3	1	2
8	7	9	2	6	2	6	8	9	8	7	8	4	8	9	8	2	1	6	7	1	9	5	2	6	2	4	4	1	4	7	8	1	8	7	2	8	5	2	3	9	9	0	5	2	8	1	8	6	5
7	1	2	5	6	3	6	2	1	3	8	8	5	4	3	8	7	8	1	4	2	9	3	6	9	4	8	4	7	3	3	3	7	4	1	8	2	3	2	4	4	7	7	0	9	6	8	8	2	2
3	1	8	4	2	9	2	2	8	7	7	2	4	3	4	1	2	8	9	6	8	8	1	3	6	6	3	6	8	7	4	7	3	4	4	5	5	7	8	1	3	2	4	9	0	7	3	3	8	8
6	4	2	2	1	1	5	5	5	5	8	5	3	4	7	6	5	2	7	3	5	7	6	7	3	6	4	5	5	7	5	7	9	5	8	4	5	5	8	5	6	8	8	5	6	0	3	1	3	8
5	5	1	5	8	7	3	4	2	3	5	4	9	8	2	5	2	6	1	5	9	8	9	1	2	1	3	6	9	8	5	3	1	2	5	4	5	9	8	2	6	1	2	9	8	7	0	8	1	3
7	5	6	3	7	8	2	3	3	7	1	6	4	1	5	7	1	4	2	4	6	9	3	4	3	4	4	3	4	7	4	9	3	2	7	2	3	9	5	6	7	2	9	8	4	7	6	0	3	6
5	3	6	9	2	6	4	5	6	5	2	5	4	8	6	5	8	2	4	5	1	7	2	4	8	7	7	6	9	5	1	3	8	4	1	6	7	9	4	5	9	3	5	5	5	2	8	4	0	1
8	5	7	4	6	7	5	3	9	9	4	3	7	5	3	1	9	6	5	8	5	6	6	2	4	7	7	1	1	3	3	6	8	1	3	5	9	9	1	7	2	4	9	7	4	2	3	5	3	0
M3
0	1	9	5	6	4	6	4	5	8	4	4	7	9	2	4	6	6	4	4	1	8	3	9	5	5	1	6	3	8	5	3	5	1	1	6	4	3	1	6	1	4	1	3	1	1	5	2	2	7
7	0	1	8	3	2	3	3	3	6	4	9	6	6	4	9	5	9	5	6	9	8	1	5	2	5	6	5	9	3	2	8	8	8	3	9	2	2	7	7	1	9	1	3	6	1	2	5	9	2
9	9	0	6	3	8	1	6	8	9	2	2	9	2	2	2	1	7	6	5	1	8	6	7	5	1	1	4	2	1	1	1	3	9	1	2	3	4	9	4	4	8	9	5	5	5	4	3	6	8
6	4	4	0	6	8	4	8	7	6	5	7	5	4	4	6	8	9	1	5	9	3	8	8	3	2	9	5	3	1	4	4	9	7	7	2	7	3	9	2	2	1	7	9	9	3	4	1	5	7
8	7	2	1	0	6	2	6	9	7	1	8	8	7	9	1	7	6	8	6	6	5	7	6	8	2	6	9	2	7	4	7	6	5	5	5	1	9	4	6	9	2	5	6	2	4	8	1	8	5
3	9	3	7	1	0	5	4	2	2	3	6	6	2	9	9	6	8	6	1	5	9	2	5	8	1	1	6	8	9	9	2	9	2	2	7	6	9	9	5	9	3	6	8	6	8	8	3	7	3
1	7	1	6	6	6	0	5	3	6	3	9	5	1	9	6	4	3	4	7	4	9	8	2	4	7	3	1	3	5	3	9	7	8	5	5	3	6	8	3	4	1	6	8	2	9	8	7	5	8
5	2	8	3	5	8	3	0	7	9	1	5	1	6	2	8	6	8	5	3	1	6	3	6	8	4	5	3	8	3	3	7	1	1	3	8	7	3	9	4	3	9	1	9	5	4	7	7	6	1
6	8	5	7	9	6	9	8	0	1	3	7	2	7	4	5	1	1	3	6	8	7	5	7	9	3	1	4	6	1	8	4	4	7	9	3	7	8	6	2	6	3	9	7	3	6	7	7	5	7
3	3	1	6	3	1	2	6	1	0	4	5	2	4	5	9	1	5	5	8	7	9	3	6	1	2	4	7	8	3	4	2	2	3	8	9	3	3	5	9	5	7	9	3	4	8	8	6	5	8
5	7	7	3	5	3	3	5	3	6	0	3	3	1	6	6	9	3	7	5	2	4	1	7	8	3	7	4	4	8	4	3	6	8	2	1	8	8	5	7	3	8	4	2	2	8	5	8	2	3
5	6	7	1	9	4	7	3	2	1	7	0	5	8	1	4	4	9	9	2	4	4	2	5	3	4	9	3	2	4	8	2	7	9	6	7	9	9	6	7	1	6	3	1	7	8	1	4	6	1
3	7	5	4	2	9	6	2	3	2	3	4	0	5	3	7	3	9	7	7	3	1	6	2	8	4	8	5	7	7	9	9	8	7	9	4	6	5	3	7	6	8	1	1	8	6	5	8	6	6
6	7	2	7	3	2	9	5	5	7	2	2	7	0	4	2	3	5	4	3	7	9	4	5	7	6	8	1	9	6	8	5	2	2	8	6	5	3	4	1	6	6	8	3	8	6	2	8	3	7
2	2	3	9	1	8	1	1	4	7	3	9	9	2	0	7	1	8	6	1	6	2	7	3	3	7	4	8	6	8	2	1	2	2	5	8	3	1	8	5	1	4	1	1	9	6	4	7	1	4
8	2	5	4	2	7	5	1	6	5	2	5	2	3	5	0	9	7	8	5	6	8	4	1	9	6	4	6	8	9	6	2	6	3	5	7	1	3	9	4	8	8	6	1	2	2	8	3	4	6
6	2	8	2	7	5	6	3	3	7	5	7	1	9	3	2	0	7	8	6	6	6	6	8	1	5	2	5	7	7	9	2	7	6	3	4	5	4	9	6	5	8	8	4	7	8	5	7	3	4
2	7	1	1	7	2	9	1	6	4	5	2	3	2	5	9	1	0	9	5	9	1	8	8	1	4	2	3	2	5	8	8	1	7	7	8	5	2	9	3	4	1	2	2	6	7	3	2	2	1
3	9	4	2	6	6	8	3	9	5	4	8	1	3	2	5	7	9	0	5	6	5	6	2	1	3	7	8	1	5	2	4	7	4	1	6	1	1	1	2	7	2	2	9	5	6	6	3	1	6
8	8	6	8	4	6	7	6	1	5	7	1	4	7	4	6	8	4	1	0	6	5	7	9	7	5	5	3	8	1	8	7	5	8	5	6	5	8	2	2	4	6	8	6	1	9	3	2	8	6
8	1	4	7	5	7	7	7	9	2	3	3	9	7	7	7	5	5	7	3	0	9	2	2	4	9	3	7	7	3	6	9	8	1	4	2	7	1	8	7	3	5	1	5	4	2	9	9	1	3
6	3	8	4	4	7	2	4	4	5	5	6	5	5	9	7	1	2	4	4	6	0	3	6	5	9	9	1	6	1	4	9	4	8	4	6	6	8	4	3	8	7	6	8	4	1	1	7	3	3
3	4	8	4	6	6	3	7	5	8	6	6	3	2	5	6	2	3	7	9	7	7	0	2	1	7	5	5	4	8	1	8	1	1	3	3	9	2	7	7	4	9	2	3	7	4	2	6	8	8
8	7	3	4	2	3	9	3	7	8	4	9	9	1	8	4	6	1	3	7	3	6	9	0	9	7	6	4	7	9	1	9	6	9	9	6	7	8	7	2	9	1	3	5	4	4	6	5	9	8
9	6	4	2	3	5	7	4	9	4	7	2	9	8	1	1	1	3	2	7	8	7	5	6	0	5	3	1	7	6	6	8	1	2	4	5	7	9	9	9	8	1	2	9	4	1	2	5	7	3
4	6	4	3	2	7	5	5	7	3	4	1	1	8	5	5	4	9	3	1	4	9	6	1	2	0	6	2	9	7	6	3	3	8	2	9	9	4	4	8	7	9	7	9	6	4	4	3	8	7
6	4	4	8	8	2	9	2	8	6	8	1	9	1	1	5	4	4	9	2	6	5	9	4	6	1	0	4	6	3	3	1	7	1	6	1	5	8	9	4	3	5	7	6	2	2	1	4	5	9
9	6	4	4	2	8	7	9	6	7	2	1	4	9	8	1	1	9	3	3	9	5	8	4	4	9	7	0	1	3	3	3	2	1	4	8	8	7	9	9	7	4	2	2	7	2	2	1	5	2
6	4	6	7	8	4	1	2	2	6	7	8	9	6	5	3	9	4	1	5	7	3	6	7	1	1	1	4	0	5	4	9	6	5	9	2	8	3	8	9	4	3	4	6	5	5	5	6	1	2
1	4	3	6	2	3	8	7	1	2	6	6	2	1	1	4	1	7	5	4	2	4	6	2	3	3	8	4	2	0	8	4	3	5	2	2	2	4	1	9	9	7	8	1	1	1	8	3	2	9
7	4	1	1	3	6	1	8	4	5	3	2	4	1	5	8	7	6	6	1	3	7	3	2	6	1	3	1	7	5	0	2	6	1	4	7	8	7	2	3	1	4	9	5	2	4	4	4	8	7
5	5	2	8	8	9	9	3	8	1	2	4	7	5	5	3	8	9	6	2	4	5	6	4	6	7	3	6	3	6	5	0	7	1	8	7	8	2	9	2	5	5	6	9	8	3	9	5	5	4
2	5	4	3	5	7	7	7	3	9	7	4	2	8	3	2	1	1	8	5	8	5	4	9	5	1	5	5	2	2	6	2	0	1	1	7	2	4	9	8	4	8	6	5	9	1	7	3	6	4
7	4	1	1	2	5	9	9	5	9	1	2	4	5	8	9	7	3	4	1	5	3	8	3	1	9	8	6	3	4	2	8	6	0	8	1	7	8	3	4	5	4	4	6	2	7	4	1	2	9
2	7	4	1	4	7	3	5	5	6	4	4	5	4	5	8	5	8	4	7	4	8	2	4	9	2	5	2	5	4	1	5	3	6	0	6	8	1	1	8	4	9	4	2	1	7	6	6	7	4
9	7	4	4	8	4	1	5	5	6	2	9	3	9	2	3	1	7	6	8	5	4	3	4	1	8	4	9	5	9	9	3	1	8	2	0	3	7	2	5	8	9	5	9	2	9	9	6	7	1
6	5	7	7	8	9	3	9	6	5	4	1	6	5	9	8	5	9	7	8	8	1	5	5	1	8	6	8	4	1	8	6	7	3	3	2	0	6	8	3	4	7	3	4	7	4	4	8	5	5
7	7	4	2	3	1	8	5	2	7	7	3	5	9	1	3	3	8	2	4	2	5	8	6	9	9	2	4	2	3	8	9	4	1	5	6	1	0	5	3	2	2	1	8	7	9	9	7	1	3
9	1	5	7	4	8	3	6	6	7	1	5	5	3	8	3	1	1	8	3	1	8	6	4	4	9	8	8	7	3	7	5	3	1	7	5	5	3	0	6	3	8	9	5	5	4	2	9	1	7
9	1	4	5	1	8	2	2	9	6	5	9	3	5	7	5	2	3	7	1	1	6	2	1	7	3	2	9	8	6	2	4	9	8	1	7	1	6	7	0	5	4	1	1	2	6	5	5	3	3
6	8	5	2	7	3	8	4	2	3	7	1	9	5	2	7	4	2	1	8	3	6	2	8	8	6	5	3	3	4	6	4	8	7	3	7	4	1	9	8	0	6	4	2	6	7	2	7	8	2
8	1	8	3	2	2	8	1	6	3	3	3	9	3	1	6	3	7	3	6	4	2	2	4	6	7	4	4	3	2	6	3	4	8	3	2	8	4	6	4	5	0	4	9	6	1	5	1	7	9
1	1	3	6	2	8	9	3	3	5	3	2	4	4	1	7	5	8	6	2	2	4	7	5	7	6	1	9	1	7	8	2	9	8	4	8	1	8	7	9	1	2	0	2	6	7	5	6	6	8
1	9	5	5	5	6	5	8	7	2	6	3	7	7	7	4	2	4	4	7	4	3	4	8	6	7	2	2	8	1	3	6	9	1	4	8	5	7	4	2	2	2	5	0	3	1	7	9	9	3
9	5	2	3	9	7	1	5	2	6	2	6	4	3	2	2	6	3	4	8	8	5	1	6	8	5	7	1	6	9	1	7	8	4	6	6	1	4	3	3	7	5	7	5	0	9	4	1	1	2
6	7	9	5	1	6	1	9	1	5	8	7	5	9	2	9	3	3	9	9	9	7	8	9	8	7	4	3	4	3	8	5	2	3	6	1	2	7	5	7	3	4	4	7	5	0	8	6	4	5
5	9	8	3	6	1	2	1	4	9	6	8	1	8	7	3	6	3	3	6	2	3	3	4	8	4	8	1	3	6	7	4	5	1	9	7	7	9	7	1	5	6	6	2	9	5	0	9	5	4
7	3	8	6	6	3	7	5	7	5	5	5	7	5	2	9	8	5	4	1	7	4	4	4	1	4	1	9	7	7	5	5	9	7	2	5	2	1	5	1	9	8	7	6	7	4	3	0	3	3
5	3	9	8	6	2	2	3	4	7	1	1	7	8	6	4	7	8	9	6	9	8	4	7	5	5	4	4	6	1	1	1	1	2	9	5	7	8	4	8	7	5	2	6	7	2	6	1	0	7
5	2	6	6	4	2	3	3	2	8	9	1	7	1	8	3	4	3	5	5	5	2	6	8	1	9	4	7	9	6	3	9	8	1	2	6	2	6	1	7	3	2	3	4	8	9	7	9	2	0
M4
0	9	6	7	7	3	8	5	1	6	7	2	9	6	5	6	3	3	3	3	6	3	3	6	3	1	9	1	7	7	6	2	7	1	7	7	6	9	1	2	7	8	7	3	8	7	9	8	8	5
3	0	5	9	8	9	4	5	5	1	9	8	2	3	7	6	2	7	5	6	1	4	6	5	4	3	8	2	2	9	6	6	1	4	9	8	9	2	7	2	7	6	2	4	3	2	5	5	8	9
8	1	0	2	4	1	1	6	6	7	7	3	5	2	1	2	3	9	3	2	6	9	6	4	8	6	2	3	2	3	7	5	6	2	5	3	6	3	3	8	9	9	2	4	7	5	6	9	4	5
9	7	2	0	6	9	4	1	1	3	3	3	8	2	4	2	6	1	9	5	4	5	2	8	8	3	9	2	5	7	2	7	5	1	1	5	1	1	1	9	8	5	5	2	7	8	6	4	1	4
5	5	1	9	0	5	6	7	7	4	9	2	1	6	9	3	2	5	2	7	4	9	9	1	1	2	7	6	2	8	7	2	7	5	7	4	5	6	3	5	2	5	5	2	6	7	3	1	6	9
5	6	4	1	9	0	5	7	7	4	3	7	9	3	1	6	5	3	8	1	2	4	8	5	9	5	6	7	1	8	7	1	6	9	4	2	6	7	4	7	7	9	1	5	4	1	7	5	4	4
3	1	5	2	9	5	0	4	3	2	6	7	1	7	6	6	7	9	7	2	6	4	8	7	3	6	4	6	1	8	9	5	7	3	8	9	6	1	8	6	2	5	5	6	3	5	1	4	7	6
5	6	5	9	5	2	1	0	3	1	6	7	8	3	2	3	8	3	5	1	6	5	7	4	3	9	7	3	8	7	2	2	3	2	4	9	9	3	9	3	6	1	6	5	7	3	8	7	1	4
2	8	5	2	5	2	3	7	0	6	6	6	3	5	9	4	6	8	3	4	8	8	1	8	5	3	8	3	1	9	5	7	6	5	7	3	7	3	2	9	1	9	5	1	1	8	7	5	2	9
3	6	6	6	2	3	3	5	6	0	1	5	2	2	3	4	3	2	4	9	9	6	9	1	9	6	4	8	9	2	1	2	9	6	9	4	2	7	3	2	5	6	3	1	9	1	3	6	8	2
9	9	8	2	7	5	8	4	3	9	0	4	8	5	5	4	3	2	7	7	1	1	7	8	7	6	3	3	5	9	5	4	4	4	3	4	5	7	2	5	1	3	2	9	4	2	1	2	2	1
3	2	3	7	2	5	4	8	6	7	6	0	8	3	8	5	6	2	8	1	3	4	8	2	5	9	4	8	5	1	5	6	7	6	8	4	5	4	6	6	3	1	3	4	1	7	3	2	4	3
6	4	9	2	5	2	9	1	8	7	5	2	0	8	7	4	5	8	2	4	4	8	8	8	7	9	8	9	6	2	3	9	6	4	8	8	7	9	9	2	9	1	9	8	1	2	4	4	6	6
6	5	5	9	8	2	7	7	6	7	3	4	9	0	4	3	6	7	2	4	4	4	5	4	3	5	2	8	6	7	6	7	5	1	7	2	3	2	8	3	6	6	6	2	9	3	5	1	3	8
4	9	2	4	8	8	6	5	2	9	8	8	8	5	0	1	5	1	6	3	7	8	4	1	3	5	8	3	7	8	9	8	6	5	4	1	2	1	3	3	6	6	8	5	4	2	6	8	1	4
4	9	4	9	5	1	3	8	4	2	5	3	1	3	5	0	7	7	9	1	4	1	6	5	6	4	8	6	8	9	5	2	6	3	3	4	8	5	2	8	3	1	8	4	1	3	6	7	1	7
3	5	2	2	1	8	2	8	4	5	3	1	6	1	5	6	0	1	1	5	8	6	3	1	4	5	1	5	6	7	7	5	1	7	2	1	1	9	9	3	4	1	5	3	9	2	1	7	6	8
6	1	6	2	7	8	1	1	6	2	3	8	2	2	7	5	6	0	6	8	9	4	7	9	9	9	6	4	9	8	2	2	2	7	1	3	2	3	8	2	5	6	6	2	9	3	8	1	5	9
1	8	5	2	6	2	5	6	4	2	9	6	3	9	2	2	8	7	0	6	9	6	9	3	7	1	5	4	8	5	6	9	9	3	2	7	5	4	5	6	8	1	1	2	8	8	3	1	6	4
5	7	4	2	1	2	8	4	2	6	6	9	2	4	8	9	3	8	5	0	2	2	4	1	9	9	7	6	3	5	6	1	5	7	8	4	1	3	1	7	2	5	8	2	9	9	5	9	5	3
2	1	5	1	3	8	7	7	8	2	3	6	7	6	6	1	5	7	1	8	0	6	7	7	5	5	2	4	1	7	6	8	7	4	9	2	1	2	5	5	2	7	2	2	3	9	7	7	3	9
6	8	9	3	7	9	3	4	8	8	4	2	6	7	7	6	9	5	4	2	3	0	2	3	8	8	4	9	6	5	8	2	9	7	1	3	3	5	8	9	9	7	9	6	1	4	6	8	8	5
5	7	7	8	1	9	5	7	4	1	1	6	5	8	8	2	1	8	1	2	4	8	0	9	7	4	1	2	1	6	2	4	2	4	8	6	4	8	2	2	5	5	5	2	8	8	7	7	3	6
6	1	6	2	1	2	2	6	9	2	5	7	4	4	4	8	6	9	9	1	7	6	6	0	1	2	9	7	8	3	2	9	8	2	5	5	5	7	6	9	3	3	8	7	3	6	4	3	1	4
3	2	7	6	3	7	2	6	2	5	3	8	1	2	6	2	7	9	4	2	9	9	7	7	0	4	3	7	4	4	2	7	8	3	3	9	9	2	8	1	2	3	2	4	7	3	9	9	6	4
7	6	6	5	8	5	6	1	4	9	1	3	9	9	8	9	2	9	5	8	5	8	8	7	8	0	2	5	1	8	3	7	5	4	5	2	2	5	8	4	9	6	5	2	3	6	2	4	9	3
4	5	3	5	7	6	6	1	6	5	2	5	8	8	5	9	3	3	3	1	2	8	8	6	9	1	0	3	9	5	9	9	9	9	7	4	1	7	1	1	3	9	4	2	5	9	9	9	1	7
1	9	5	7	9	4	4	3	3	8	8	4	1	1	9	5	5	4	7	8	6	8	2	6	4	9	3	0	7	9	8	4	4	9	7	6	7	1	2	8	2	2	1	6	7	7	5	5	3	6
3	7	9	4	7	5	2	3	2	1	3	1	6	7	5	2	7	9	4	5	6	2	3	6	3	1	7	1	0	3	1	5	2	3	3	1	4	2	2	4	3	1	2	7	1	8	8	1	1	7
5	8	4	8	4	6	6	9	3	4	6	4	1	8	5	7	3	9	2	5	4	5	1	2	5	2	6	5	9	0	5	9	2	3	1	5	8	2	2	1	8	7	9	9	2	1	1	4	9	8
5	4	9	4	5	1	9	2	4	8	9	1	5	2	6	1	3	5	4	8	5	3	2	6	2	2	4	9	9	1	0	4	6	5	1	5	4	1	9	3	1	6	1	8	7	7	2	1	8	4
7	2	3	8	1	1	8	1	4	1	5	7	7	6	5	6	3	9	9	6	3	7	7	5	8	1	2	3	3	1	1	0	4	3	8	2	2	8	8	5	3	1	6	9	7	4	1	9	6	8
9	7	2	6	1	1	2	3	9	4	4	9	6	4	2	9	5	6	3	3	7	4	1	2	7	2	6	4	6	6	9	2	0	9	5	6	5	3	4	1	4	3	7	4	5	7	3	5	6	4
5	5	7	3	2	8	6	5	8	1	7	8	7	4	7	4	2	4	7	3	3	3	5	7	3	9	5	3	1	3	5	5	3	0	1	3	9	5	5	7	3	2	1	7	7	8	4	3	3	8
6	6	1	1	3	4	8	1	7	3	6	8	3	8	6	3	5	2	3	9	7	1	7	9	7	5	2	7	4	9	6	7	4	2	0	8	8	9	1	1	3	9	3	7	1	1	6	3	9	6
3	9	8	2	4	8	7	5	3	9	8	9	1	3	2	2	8	7	7	6	7	4	2	8	2	9	3	5	5	2	9	4	1	7	6	0	3	8	1	7	8	3	4	8	4	2	7	6	4	4
1	7	3	7	1	4	6	3	7	7	2	1	3	3	8	5	4	3	8	8	9	5	6	8	5	7	1	3	5	7	9	3	1	8	1	8	0	7	2	1	2	4	1	6	5	9	7	5	1	8
9	1	1	7	6	8	3	6	2	3	3	9	3	5	7	4	7	6	2	2	7	1	4	5	1	3	7	1	4	8	6	1	6	7	2	5	2	0	7	7	8	8	3	8	1	2	7	9	3	9
3	9	8	5	4	4	7	1	8	7	4	5	8	7	1	2	9	5	1	8	4	5	7	2	2	3	8	4	5	9	6	3	6	7	3	8	6	8	0	5	9	5	8	5	4	1	4	9	3	4
4	4	8	7	1	6	8	4	9	1	2	8	4	7	9	7	3	3	6	9	3	8	6	7	5	8	7	2	2	9	7	1	6	7	4	4	6	2	7	0	8	7	3	9	1	2	7	5	2	7
1	5	1	3	4	6	9	8	6	1	1	9	4	8	4	1	8	8	4	5	8	4	5	3	8	1	6	8	1	9	9	3	4	5	8	5	1	8	4	5	0	1	1	7	3	6	3	5	1	7
7	9	2	5	5	6	1	2	1	3	5	9	5	4	7	9	6	4	5	9	6	4	3	8	9	7	4	9	1	7	9	5	7	4	8	7	6	2	4	2	9	0	7	7	1	3	5	8	1	3
8	9	9	6	9	4	9	5	2	7	2	6	9	5	9	5	5	2	5	9	8	2	8	4	3	5	8	9	6	7	3	5	8	4	4	7	4	2	8	2	2	5	0	5	9	6	8	1	3	8
4	7	8	7	3	9	5	2	6	9	4	6	8	4	3	8	6	4	6	8	3	8	1	2	2	9	1	4	2	1	8	5	8	4	4	5	3	8	5	8	9	9	4	0	6	8	7	7	7	4
2	9	2	6	3	9	7	9	9	8	4	1	5	5	8	2	6	6	1	3	2	6	1	4	9	4	4	6	7	1	6	2	2	1	6	5	2	3	7	5	7	1	6	3	0	4	6	2	7	4
5	2	5	1	4	7	8	5	9	1	4	3	8	8	8	8	5	9	1	4	8	9	9	8	3	9	1	1	8	1	1	3	8	4	8	5	3	8	2	8	3	4	6	6	5	0	8	2	7	3
2	5	7	6	9	9	4	1	1	5	1	5	4	5	3	3	5	7	4	2	9	4	6	7	3	1	2	9	2	7	4	9	2	3	6	6	8	6	5	9	9	4	3	7	2	7	0	8	5	1
6	5	9	2	4	4	4	3	6	8	8	8	4	5	1	7	1	4	2	4	8	3	2	3	6	2	1	6	1	6	9	6	6	3	5	7	2	9	3	5	7	8	4	9	9	9	9	0	7	1
4	4	4	7	8	9	8	2	1	9	3	3	1	9	5	7	1	1	1	5	7	3	2	7	6	4	6	2	4	2	7	3	5	8	8	9	6	4	1	6	9	3	6	7	7	8	5	4	0	2
9	6	7	9	2	4	6	9	4	5	8	8	6	6	6	6	3	9	9	8	6	9	6	2	6	5	1	4	7	8	2	4	6	6	6	3	8	3	2	1	7	2	8	3	7	8	5	4	3	0
M5
0	3	3	2	3	6	1	3	3	2	9	7	7	8	4	7	5	6	3	8	6	8	9	4	9	6	9	8	2	1	4	4	8	3	3	9	4	9	1	1	1	6	7	8	6	8	7	9	5	2
7	0	6	2	2	4	8	6	8	9	5	1	8	3	9	1	9	8	9	5	1	3	8	5	4	3	5	5	2	1	3	4	5	1	8	7	9	5	5	9	3	9	7	1	7	1	2	9	2	2
6	2	0	7	3	1	7	2	2	7	8	1	9	3	3	5	2	6	6	4	3	8	4	3	6	6	9	1	3	1	9	3	2	9	8	1	2	8	6	7	9	6	5	6	5	9	1	8	4	4
9	2	2	0	6	5	6	9	7	2	3	5	5	5	6	2	6	8	6	2	2	5	2	4	4	6	1	8	3	3	6	6	4	8	2	7	1	3	2	8	4	2	8	7	9	3	1	1	7	5
5	8	6	6	0	8	1	3	9	4	7	3	3	9	2	3	1	1	9	5	4	1	3	3	3	8	9	1	8	2	1	2	8	1	1	2	5	1	6	6	5	6	6	3	5	5	9	4	6	7
1	8	1	7	1	0	8	9	7	7	2	3	3	3	1	9	3	7	9	6	5	9	7	7	8	1	1	8	8	4	5	1	5	5	1	2	5	4	9	9	7	7	3	5	3	9	4	7	5	2
5	9	2	7	3	4	0	9	9	7	1	7	4	2	1	4	8	7	3	2	1	3	6	8	9	4	7	1	1	7	8	7	2	6	1	1	6	7	6	7	1	4	2	3	3	3	1	7	2	5
7	7	1	6	5	3	5	0	3	2	9	1	9	2	2	5	5	4	4	3	8	2	3	3	1	3	9	1	5	5	2	7	6	4	2	5	1	7	2	2	6	5	1	8	9	2	6	2	7	6
7	7	1	9	2	7	5	6	0	9	3	1	6	9	9	4	6	9	4	6	7	5	4	7	1	2	9	7	3	2	7	1	6	7	6	4	4	3	7	3	6	1	8	7	6	8	7	5	5	5
7	2	2	2	4	1	6	9	3	0	2	8	6	7	7	3	3	7	7	2	3	2	9	8	1	2	7	5	9	1	2	1	7	5	1	5	3	3	5	2	4	5	6	3	8	2	2	7	5	8
9	5	7	6	7	9	2	4	1	2	0	8	2	7	5	4	1	6	3	5	9	2	6	6	5	1	5	7	3	3	2	5	9	2	8	5	6	6	8	5	1	2	6	5	8	1	8	6	2	9
4	9	8	6	2	3	7	9	7	1	4	0	1	9	1	7	4	3	8	3	6	4	8	1	1	4	5	6	9	9	9	2	5	2	2	4	7	2	5	4	5	7	4	3	2	7	6	2	9	1
5	7	4	8	5	1	6	2	7	8	1	1	0	7	9	8	6	1	6	6	9	5	1	4	5	6	8	3	9	3	1	9	9	9	5	6	4	6	1	8	5	6	7	8	2	8	9	5	7	2
5	6	1	9	6	8	5	1	5	6	6	1	4	0	8	9	4	3	6	3	2	7	6	7	1	1	6	8	3	1	2	1	3	6	9	3	3	8	7	5	6	7	5	5	2	9	9	6	5	3
7	3	5	1	3	1	4	6	6	5	9	6	4	6	0	1	3	3	5	6	7	4	9	6	3	9	8	3	7	9	9	4	6	9	9	1	7	8	8	2	6	6	8	5	6	1	7	8	8	4
6	9	1	9	1	7	2	8	6	1	6	3	1	5	9	0	2	2	7	9	8	1	7	5	5	5	4	5	2	1	4	1	9	8	7	8	8	4	2	6	8	4	4	7	6	7	9	8	1	8
1	2	4	7	8	8	8	6	3	3	4	8	9	8	3	4	0	2	7	3	8	5	5	5	6	4	8	7	9	9	8	2	9	5	8	2	6	4	8	2	1	4	3	1	5	1	5	6	8	4
9	1	5	9	4	2	9	4	1	5	3	6	7	1	9	2	4	0	5	4	2	5	6	2	6	7	1	9	1	3	8	5	8	2	5	5	9	5	1	9	8	3	7	4	2	6	6	1	7	1
1	9	2	5	4	3	5	9	6	4	3	3	9	2	1	5	4	4	0	6	3	1	9	7	7	4	7	6	1	2	8	7	6	5	5	7	4	2	8	6	1	1	7	1	1	7	8	9	8	3
1	3	2	2	7	6	3	6	8	8	5	3	1	3	3	7	6	8	4	0	2	5	6	5	7	8	5	4	4	3	5	3	2	1	8	3	9	5	9	9	4	6	9	1	9	3	2	8	4	6
9	6	5	2	7	5	9	3	9	4	6	6	9	7	7	8	8	7	9	6	0	9	8	1	6	8	6	4	7	2	4	5	6	8	8	8	5	9	4	2	8	4	2	4	3	7	3	1	9	8
8	4	7	2	2	8	6	3	9	2	3	5	8	9	8	7	7	3	7	7	6	0	2	8	9	6	8	6	4	7	1	5	3	5	5	2	3	8	1	7	2	4	4	2	1	5	1	1	5	4
2	9	6	4	5	7	7	3	7	1	8	5	1	6	8	5	3	1	3	2	3	6	0	3	3	9	8	6	1	6	3	3	2	9	6	5	2	8	8	7	5	7	4	3	3	9	6	7	3	5
9	4	1	9	2	3	6	8	7	5	9	2	3	7	7	7	1	3	3	1	3	7	4	0	3	3	6	5	3	2	4	2	8	2	9	8	6	8	8	1	5	6	8	9	7	5	9	9	7	1
3	3	1	1	8	8	7	9	5	9	2	4	2	9	7	6	4	5	1	3	6	3	7	1	0	4	4	9	7	5	9	7	2	7	4	7	3	9	5	2	3	5	9	2	7	4	8	4	9	5
4	9	7	2	4	5	2	7	2	1	2	4	2	5	5	5	1	2	6	6	9	7	7	6	4	0	7	9	2	8	1	3	4	6	1	7	2	6	2	9	9	7	8	4	1	3	4	8	2	8
5	9	8	2	2	5	6	7	5	6	8	7	5	6	1	3	5	1	8	6	6	6	1	8	6	4	0	4	2	1	7	9	2	9	6	2	1	1	1	2	8	9	1	4	3	7	3	1	8	1
1	9	1	6	5	6	1	4	3	8	2	5	2	8	5	6	5	4	6	8	3	3	1	1	5	2	6	0	2	5	7	4	9	6	6	2	8	1	9	2	6	2	2	7	7	7	5	3	1	7
1	1	8	9	9	5	5	3	8	1	5	2	1	2	3	6	3	3	8	9	1	7	5	9	7	5	6	9	0	4	2	6	7	7	8	1	8	7	4	2	4	7	3	5	5	9	5	2	7	3
2	6	9	6	6	7	2	1	6	9	7	4	6	8	6	9	8	7	2	2	9	1	8	6	1	8	7	5	6	0	9	6	8	5	5	9	2	4	4	7	6	2	9	7	5	1	3	5	3	8
3	2	9	5	2	4	5	7	9	4	2	9	2	7	2	6	4	1	7	9	5	1	7	9	4	3	1	2	7	2	0	2	4	5	2	1	1	6	9	2	6	8	9	5	6	1	6	5	7	1
4	1	9	3	6	7	6	8	2	4	6	7	8	8	8	8	7	8	2	8	9	5	3	9	4	4	1	3	4	8	8	0	1	3	9	3	9	8	1	3	8	1	2	7	2	9	7	3	5	4
4	8	7	1	2	9	9	3	8	7	4	5	3	6	7	3	4	4	9	7	7	2	8	1	3	4	1	3	1	5	5	2	0	6	6	9	6	1	6	6	8	8	7	2	6	8	5	5	9	4
6	4	6	1	1	8	1	8	1	3	2	3	1	8	7	9	6	7	1	6	9	4	2	1	6	3	2	5	7	3	9	6	3	0	1	4	2	7	8	5	9	4	9	3	4	5	3	3	8	3
8	5	7	5	9	6	8	8	6	7	3	4	1	4	3	6	3	9	3	3	5	5	1	9	1	6	5	8	3	9	9	9	5	9	0	7	5	2	4	2	6	1	2	8	2	6	1	6	2	9
2	3	2	7	8	1	6	1	8	9	9	4	3	1	9	8	5	3	1	4	4	1	6	7	9	3	6	4	3	4	1	4	6	3	1	0	7	9	5	9	1	5	6	6	6	6	6	6	2	1
8	7	2	1	6	1	6	9	2	1	8	4	8	9	7	9	1	8	9	8	6	6	5	1	6	3	2	6	5	5	6	3	8	5	5	6	0	3	4	8	2	3	6	2	8	3	8	7	5	8
8	4	1	7	5	8	9	8	9	9	1	5	7	9	9	6	3	7	5	7	3	7	3	4	1	4	1	5	6	3	8	2	3	1	2	2	1	0	5	3	2	7	6	8	2	1	3	4	7	5
3	5	8	2	6	3	2	9	5	9	1	3	4	9	2	2	6	9	7	3	2	4	6	4	6	1	7	6	4	3	2	7	2	3	5	4	7	4	0	1	7	1	4	3	6	4	1	4	3	9
1	2	7	6	2	8	4	5	9	8	1	8	7	5	8	7	7	9	6	7	4	8	5	6	3	1	8	1	3	7	9	1	7	7	4	5	7	7	9	0	3	7	2	7	4	2	6	9	5	2
7	4	1	4	7	2	5	8	2	7	1	5	6	7	5	8	5	9	6	7	1	2	1	9	9	3	7	5	9	6	4	4	4	2	4	9	4	4	1	5	0	9	3	5	4	1	4	3	9	2
2	9	9	4	7	7	3	3	9	9	9	4	4	6	2	7	6	5	1	2	5	2	5	4	6	8	7	2	1	3	2	2	9	5	8	4	3	8	5	7	6	0	7	2	2	2	7	6	9	3
9	8	5	8	7	5	3	7	5	1	9	8	2	3	7	1	4	2	7	2	1	3	6	4	4	1	2	3	7	6	2	6	8	1	6	4	3	3	2	4	3	9	0	5	6	7	8	6	5	6
1	8	5	6	9	2	3	7	3	5	1	7	7	8	5	9	7	7	7	5	6	3	2	5	6	7	9	1	8	4	9	6	1	3	9	7	5	2	4	2	3	8	4	0	4	1	6	4	4	5
3	4	6	5	4	6	2	5	5	2	6	1	4	4	4	1	4	4	3	3	1	6	8	7	4	2	6	5	4	9	3	1	2	6	8	2	2	3	8	6	6	6	3	8	0	4	8	7	3	8
1	3	9	9	3	3	8	6	6	4	4	2	8	6	7	7	5	1	8	8	8	7	1	9	8	2	2	2	9	7	6	7	2	2	8	8	4	6	8	7	4	5	8	3	7	0	9	2	9	7
1	9	5	7	4	6	3	9	7	6	1	8	2	9	5	5	5	8	4	2	6	8	1	3	7	5	2	4	3	3	9	1	7	1	8	9	3	3	3	9	6	7	3	4	5	8	0	3	9	6
7	7	5	7	9	6	3	3	9	5	5	3	7	6	5	3	8	2	6	1	7	6	3	1	2	3	7	6	2	5	9	6	7	9	9	6	8	7	8	7	8	1	7	3	1	9	4	0	1	3
6	9	4	5	9	8	5	6	8	6	2	2	1	5	4	8	8	2	9	6	4	4	8	2	9	7	9	6	8	5	3	2	2	2	2	2	7	4	7	3	9	1	9	5	4	7	8	4	0	6
9	8	7	6	8	7	9	6	5	8	1	2	4	7	8	1	3	1	9	6	3	7	9	6	3	1	3	3	5	5	9	6	8	7	8	5	4	2	2	3	6	7	3	6	5	4	4	7	8	0
M6
0	2	3	1	1	1	3	2	1	4	7	8	1	9	9	6	7	9	5	9	4	7	5	8	9	5	6	1	1	7	3	9	6	4	3	5	5	3	2	3	6	1	9	2	9	3	2	9	2	3
8	0	7	4	6	1	1	3	8	8	2	7	3	2	4	3	8	9	2	5	7	6	5	9	3	9	2	1	6	5	1	1	1	3	1	5	5	7	1	4	8	3	5	5	2	5	5	8	6	3
6	5	0	6	8	9	1	2	4	6	2	1	9	7	2	3	9	4	8	1	9	1	1	4	3	8	5	6	4	2	7	2	1	9	1	7	1	7	2	3	2	4	9	2	7	6	1	5	8	7
8	4	8	0	7	3	8	8	7	2	4	6	1	9	5	1	6	1	2	8	1	3	7	8	3	8	5	9	2	9	8	9	6	3	2	1	6	9	3	4	6	4	5	3	8	2	3	8	5	4
3	5	6	5	0	2	2	2	7	7	3	3	2	8	9	8	1	9	3	6	7	8	5	9	9	2	8	5	5	8	1	2	6	8	2	1	2	2	2	5	5	8	1	8	8	9	6	9	5	1
4	9	6	1	3	0	2	3	2	5	8	4	9	8	3	4	8	4	4	2	3	5	2	9	1	2	2	7	9	5	6	1	9	1	8	6	2	4	7	7	4	8	5	9	8	7	3	5	6	4
8	8	4	2	6	5	0	2	4	4	7	2	1	3	5	4	6	8	5	8	6	9	3	2	5	7	8	6	7	8	2	9	2	7	3	1	3	6	1	8	8	5	6	7	8	5	9	4	1	5
3	6	3	1	8	3	4	0	5	3	7	9	3	8	9	1	5	7	2	8	4	8	8	5	8	4	2	8	6	7	5	1	1	9	2	9	4	8	4	4	3	7	4	5	2	2	8	4	1	4
9	8	6	4	4	6	9	9	0	6	5	3	4	4	7	3	5	2	8	1	6	1	6	6	5	2	9	6	1	3	9	4	5	1	7	6	3	7	7	5	2	8	6	4	7	4	1	8	8	5
3	2	4	7	3	6	3	5	3	0	3	9	4	2	5	3	9	5	7	6	9	4	3	9	2	3	6	9	7	6	9	9	1	2	8	8	6	8	8	2	2	1	1	2	6	3	9	1	5	4
4	5	8	3	7	4	4	3	1	4	0	2	4	5	9	7	8	2	8	6	7	8	9	6	7	5	4	4	8	3	1	2	1	8	7	2	2	8	3	1	3	9	6	9	4	4	7	5	7	2
6	7	7	8	7	7	7	6	9	8	3	0	2	5	2	7	3	6	4	2	4	8	3	9	4	6	3	9	7	5	8	9	8	4	6	5	7	4	2	4	6	8	2	7	7	8	1	6	9	7
8	3	8	7	5	7	7	6	1	2	9	3	0	6	8	9	1	6	9	9	2	2	9	5	7	3	7	1	4	3	8	9	9	7	7	4	3	1	9	6	9	4	8	5	2	2	3	4	3	3
4	9	8	4	4	5	4	1	7	6	4	3	4	0	3	2	2	1	9	3	7	1	4	3	5	3	1	2	9	5	1	6	7	7	5	6	3	7	3	1	6	4	1	2	8	1	2	9	7	7
9	1	8	2	9	8	3	5	7	4	5	9	7	2	0	8	6	5	3	5	8	1	9	9	6	9	3	7	8	4	6	4	4	9	4	3	3	2	5	6	3	6	2	1	7	1	1	6	4	3
3	7	4	6	6	7	5	5	9	6	2	2	4	4	9	0	6	6	6	4	9	1	1	7	1	4	4	1	7	1	6	7	8	4	9	3	9	2	4	8	8	6	5	8	2	2	1	4	9	5
1	3	2	2	3	9	6	4	2	8	5	5	4	5	1	9	0	7	7	6	6	5	3	5	7	4	9	3	5	7	6	2	5	1	8	4	7	3	4	1	3	2	1	7	8	1	5	5	8	4
4	6	4	1	8	8	6	2	3	4	8	3	2	4	4	9	4	0	7	3	4	3	3	2	2	4	1	1	9	8	2	5	7	4	5	1	4	4	9	9	9	6	3	4	5	2	5	7	6	7
5	3	4	6	5	5	2	6	1	9	1	7	2	7	9	2	1	8	0	1	3	6	9	2	4	6	1	9	3	8	3	4	2	6	6	3	7	2	2	9	2	1	2	9	5	9	9	2	6	7
7	9	7	2	3	8	4	1	6	2	2	8	5	4	1	4	3	5	8	0	7	7	7	7	5	9	5	7	9	2	9	8	3	3	4	3	1	4	4	8	3	5	5	6	2	3	9	4	7	6
5	7	1	3	7	4	7	6	1	9	1	7	2	7	1	2	9	4	9	7	0	4	1	8	1	9	6	7	2	4	4	7	4	5	8	9	1	9	6	1	8	8	9	1	7	6	9	7	5	5
9	5	8	2	2	2	3	5	1	5	2	4	1	3	4	7	1	8	4	8	3	0	7	4	9	6	5	5	6	3	5	5	5	7	8	3	5	5	8	8	9	5	8	6	3	2	4	8	8	4
9	6	8	6	9	6	5	1	3	2	9	2	1	7	3	9	3	6	8	6	3	3	0	8	1	3	5	8	5	7	1	9	9	9	9	3	3	8	7	1	4	3	2	9	1	4	9	8	4	2
4	1	7	8	1	6	3	3	5	5	6	4	8	3	8	5	8	7	5	6	6	3	9	0	2	5	8	4	1	3	5	7	2	3	1	3	9	1	6	9	9	6	4	2	7	2	5	5	7	6
7	5	2	1	6	3	1	7	9	3	1	1	7	3	1	7	6	2	7	4	7	7	2	3	0	2	5	9	1	6	4	8	6	2	2	7	6	3	1	9	8	5	9	9	9	5	6	1	6	6
7	6	4	1	5	4	6	8	1	3	3	9	4	2	2	6	7	2	3	4	8	4	5	2	3	0	5	6	8	4	3	3	4	5	7	5	3	5	1	3	4	7	7	4	1	1	3	7	9	8
4	2	8	6	7	8	4	3	1	4	5	6	2	6	8	7	2	9	1	9	8	2	9	9	6	4	0	8	4	1	7	3	4	3	2	3	4	2	4	1	6	5	6	4	2	5	1	3	6	2
6	5	9	6	1	6	5	6	7	8	5	6	5	4	9	7	7	4	5	3	3	4	1	1	9	5	3	0	1	5	9	2	6	2	2	3	6	1	7	3	1	8	5	6	9	6	4	1	4	1
4	9	5	1	7	2	4	3	5	2	9	6	3	6	6	9	9	5	9	7	5	1	5	5	7	9	5	4	0	6	2	2	4	7	5	2	9	5	4	7	8	2	5	4	1	7	5	2	3	7
3	3	4	5	5	3	8	8	2	1	4	1	6	6	5	3	6	1	6	9	1	6	2	8	4	8	5	8	8	0	2	1	2	6	2	5	9	3	8	3	5	8	3	1	2	5	5	9	9	9
7	3	8	4	3	8	9	1	1	8	1	1	5	9	8	5	7	4	7	6	3	3	6	8	3	9	4	1	4	1	0	5	5	3	6	5	6	1	9	3	8	8	6	3	9	9	6	2	3	8
6	3	8	2	8	4	8	3	5	2	1	7	1	4	3	9	7	9	6	1	8	1	2	3	8	1	6	3	3	4	2	0	2	6	4	4	3	1	5	3	7	3	9	7	2	8	9	5	3	5
6	4	7	8	8	9	7	3	4	8	3	8	4	6	7	9	7	2	2	4	8	9	2	9	5	4	1	1	4	3	6	1	0	6	7	8	8	4	6	6	5	2	4	6	3	1	4	7	9	4
2	7	4	5	6	5	9	4	2	9	1	8	2	1	2	6	3	7	9	8	3	5	6	3	6	9	1	1	2	7	4	2	5	0	2	2	3	4	7	8	5	2	9	1	1	7	4	2	7	7
2	4	7	8	6	3	9	4	7	4	9	8	2	4	2	7	2	7	9	2	2	3	6	2	6	2	6	7	2	8	1	4	6	7	0	9	7	7	5	3	7	7	6	1	4	2	1	4	5	2
7	8	4	3	9	7	3	2	9	2	1	4	4	7	7	5	9	5	9	3	1	4	2	2	4	5	1	4	4	2	5	7	7	3	4	0	6	4	9	9	7	9	9	5	2	8	8	1	2	2
8	4	7	7	7	7	8	4	3	3	4	4	6	2	1	9	4	8	1	2	2	9	5	4	1	5	9	3	9	4	1	6	8	2	9	6	0	6	6	8	1	3	3	5	3	3	8	6	4	3
2	7	1	7	6	7	3	7	2	1	7	1	9	4	1	6	6	5	5	6	5	6	5	1	9	4	2	4	6	4	8	5	5	8	8	8	6	0	4	5	4	8	5	5	1	4	5	4	7	1
8	5	1	6	5	6	1	7	7	1	6	7	1	9	9	5	8	9	8	9	5	5	1	3	1	5	2	7	5	8	7	1	2	3	7	3	8	2	0	7	7	8	2	3	3	4	7	8	6	4
3	1	9	2	7	9	2	9	1	3	6	7	7	9	3	8	1	4	4	7	5	1	9	8	7	3	1	8	7	5	7	4	4	1	6	3	2	4	3	0	5	2	8	7	1	8	6	5	8	6
6	4	4	9	2	5	2	8	2	8	3	4	1	6	9	3	4	9	6	6	6	6	3	2	7	4	8	3	7	8	9	2	4	6	8	5	6	6	5	6	0	9	3	9	5	6	5	3	4	7
7	2	8	5	2	1	2	7	2	8	1	2	2	3	5	6	4	4	7	3	8	8	3	4	1	6	4	6	2	9	7	7	8	7	1	8	5	9	4	9	2	0	2	8	5	1	2	7	3	9
8	3	4	8	1	3	5	6	6	3	8	4	5	1	3	6	1	5	2	8	7	1	2	6	7	3	5	5	3	1	5	2	2	4	3	2	6	5	2	3	4	9	0	6	3	8	1	2	9	7
1	1	7	2	5	6	6	4	6	1	3	2	3	5	4	5	2	1	8	7	5	8	4	2	2	4	6	2	6	4	8	5	5	6	9	6	8	4	1	1	9	7	8	0	8	6	4	9	6	4
6	7	4	3	5	9	4	3	8	1	7	5	9	9	1	2	1	2	1	5	8	7	5	9	3	3	5	1	6	2	3	6	8	2	3	3	4	1	3	7	3	5	9	6	0	1	3	7	3	3
5	3	5	1	5	3	5	7	3	4	8	5	2	4	2	2	3	5	7	9	5	2	2	2	8	6	9	8	9	4	8	9	1	6	5	7	8	4	6	4	2	2	1	6	8	0	7	2	1	6
4	1	7	4	1	5	3	5	5	1	5	9	2	6	8	1	2	5	1	3	2	6	1	9	5	8	4	3	8	5	7	6	4	5	9	1	2	2	7	5	9	2	5	1	7	1	0	1	8	9
2	8	3	6	3	7	2	4	3	6	1	5	8	3	2	2	4	6	4	5	6	9	5	1	1	2	1	3	4	1	1	5	5	5	1	8	5	9	1	1	5	8	3	3	5	7	9	0	8	1
9	7	3	6	8	8	4	6	2	7	3	7	8	3	8	2	9	8	7	3	2	6	7	8	9	1	7	8	5	1	1	1	1	5	2	2	4	5	6	7	8	4	9	9	3	3	2	3	0	7
6	4	3	6	3	9	4	8	2	4	5	4	6	7	5	5	8	5	7	2	1	7	6	1	6	6	4	2	2	9	4	9	4	6	9	6	4	6	5	4	8	7	4	7	8	7	1	4	1	0
M7
0	7	6	9	8	8	9	4	6	4	6	9	1	7	9	4	1	4	4	7	5	7	2	6	5	1	1	7	3	3	8	5	2	2	9	7	6	3	8	7	7	4	6	9	9	4	4	3	4	4
9	0	2	4	3	8	7	2	9	5	3	4	9	7	2	1	2	7	9	1	5	3	1	8	7	3	5	4	8	9	4	8	6	8	1	9	7	6	8	8	5	7	5	9	2	7	3	6	8	4
4	2	0	4	4	2	3	5	3	6	9	4	4	3	1	5	1	3	9	7	9	3	5	2	7	8	6	9	6	3	5	6	4	3	9	6	1	3	5	7	8	2	2	4	8	8	5	9	5	7
7	1	1	0	3	2	1	8	1	6	1	7	2	3	3	8	8	7	5	4	4	5	3	4	7	9	6	2	6	4	5	5	7	5	6	2	3	1	5	5	3	8	9	6	7	5	5	8	8	6
4	5	8	9	0	2	6	8	1	6	6	9	8	8	6	1	7	6	7	8	4	4	6	8	7	8	7	9	5	7	8	5	3	8	4	8	4	2	4	8	7	7	8	5	1	3	6	5	7	4
1	4	1	1	1	0	6	5	5	7	7	7	5	5	1	2	5	2	6	2	2	1	1	2	9	3	6	1	6	7	5	6	7	4	7	9	5	5	5	9	7	1	4	2	4	8	3	4	3	9
8	7	9	8	3	7	0	9	6	1	5	9	2	7	8	3	3	6	1	6	3	2	5	7	4	9	9	6	1	3	5	5	9	9	1	2	8	5	8	1	3	4	4	1	6	1	6	1	9	7
6	5	4	2	2	4	1	0	9	1	7	7	5	7	4	3	5	7	4	6	2	3	4	9	8	2	1	9	8	8	4	9	1	6	8	8	7	8	5	9	3	3	9	5	4	1	5	1	2	2
5	9	9	7	7	2	7	5	0	3	3	6	1	5	5	5	3	7	3	9	5	5	4	7	3	7	6	3	2	6	4	7	7	9	9	2	1	7	6	5	7	9	1	5	4	1	3	1	9	7
1	9	6	4	3	5	8	1	1	0	4	2	7	6	1	9	3	6	8	5	4	8	7	3	5	1	6	5	9	5	9	8	8	5	5	5	9	1	6	4	4	7	4	9	1	8	1	6	9	9
9	2	6	6	1	2	7	1	7	1	0	2	8	4	3	6	4	1	6	7	5	3	3	6	2	4	1	8	3	6	2	5	4	3	4	3	5	2	7	1	3	7	9	8	6	5	9	8	6	3
6	1	2	5	9	9	6	7	5	7	3	0	8	3	2	4	6	7	4	3	8	7	4	4	7	9	5	4	8	9	1	5	4	4	6	9	8	4	4	5	2	2	5	1	9	1	5	1	2	7
1	4	9	3	9	9	5	5	7	7	6	1	0	9	3	5	8	3	3	5	8	2	3	5	5	1	8	1	8	6	2	4	2	1	9	2	9	4	9	9	4	4	1	6	9	8	2	5	1	2
2	2	3	8	9	2	4	7	8	6	7	8	4	0	4	1	7	3	9	5	1	8	3	4	5	9	2	1	4	7	3	3	4	1	2	4	6	7	9	7	7	5	8	8	4	3	9	3	3	5
1	4	4	1	1	7	3	9	1	1	9	6	3	9	0	6	9	3	1	2	8	6	8	8	1	2	8	5	8	9	2	5	9	8	2	6	4	2	3	2	6	1	2	8	2	1	4	3	3	1
8	6	2	7	6	6	9	4	8	1	2	9	9	8	8	0	3	2	2	9	9	7	8	7	9	7	6	4	8	4	6	3	6	3	3	6	7	7	3	4	8	3	4	8	4	2	7	5	1	6
1	1	9	1	2	6	6	7	4	2	7	7	4	3	3	9	0	3	4	7	4	8	7	4	9	4	4	5	4	8	2	2	5	8	4	9	3	1	1	1	4	5	1	5	4	1	5	5	9	9
9	9	6	8	5	6	1	1	9	4	5	1	4	5	9	4	6	0	3	9	9	7	3	4	1	5	1	4	9	5	8	5	2	9	2	8	8	9	6	2	3	7	9	2	6	2	2	7	9	1
4	9	2	2	6	8	3	6	9	8	1	4	8	8	4	7	2	4	0	6	5	2	5	9	4	8	6	5	2	3	8	3	1	3	1	4	1	1	1	3	2	5	3	8	6	3	8	3	2	4
9	2	7	3	2	8	5	7	8	6	5	2	7	8	3	1	8	5	2	0	9	9	1	1	9	1	8	4	7	4	1	2	3	9	7	9	9	2	9	3	9	4	2	8	8	2	3	7	4	3
5	1	7	7	7	6	4	8	1	5	2	3	5	3	9	6	7	6	5	5	0	7	8	7	5	6	2	9	5	7	5	9	1	8	6	7	1	1	9	6	5	3	8	4	2	7	7	6	7	8
2	2	8	2	1	1	9	6	4	7	1	7	9	9	4	8	5	6	9	2	2	0	4	8	8	3	5	5	3	8	8	6	8	2	2	1	6	5	8	3	7	4	8	1	5	1	1	3	2	4
9	7	9	1	3	1	1	1	5	8	3	3	6	3	7	2	8	6	9	6	8	5	0	3	2	8	8	5	7	9	4	7	1	4	3	1	8	7	2	6	6	6	4	1	7	2	4	6	6	8
2	5	3	6	6	3	7	4	2	6	2	9	9	7	4	7	6	4	1	7	6	3	4	0	7	5	8	5	2	4	3	9	6	9	8	7	3	8	3	8	3	1	4	9	5	7	2	1	7	5
6	6	4	8	2	1	6	2	8	9	4	9	9	9	7	3	5	4	3	4	7	8	4	3	0	7	8	4	4	8	9	4	8	4	3	6	5	4	8	3	5	9	8	1	9	7	9	1	2	8
7	5	6	7	4	4	6	8	8	8	1	2	8	6	9	4	6	9	4	5	5	5	3	4	9	0	9	5	6	7	2	9	2	1	8	3	9	8	6	5	6	4	2	5	3	5	6	6	3	1
1	3	9	3	4	3	2	6	8	5	8	7	2	3	8	2	9	1	1	8	9	6	3	9	5	2	0	1	1	4	9	6	6	2	4	7	2	9	3	3	2	9	5	8	6	8	2	2	9	3
7	1	8	6	1	5	5	6	3	1	1	3	4	7	2	5	7	8	3	6	7	6	5	7	5	2	1	0	2	3	4	7	2	4	8	6	6	4	4	2	3	3	5	6	6	9	2	4	9	7
5	5	4	1	1	5	3	5	8	6	4	2	6	8	8	1	2	4	6	5	7	2	2	8	3	5	6	9	0	3	5	5	7	2	2	7	7	3	5	7	8	8	1	6	4	9	3	3	2	2
2	6	5	4	3	5	7	2	6	9	1	5	8	6	5	5	2	1	8	4	1	6	5	4	1	1	5	5	9	0	2	2	9	3	5	4	9	5	5	7	4	1	1	4	1	2	8	7	3	9
8	7	8	8	7	4	1	2	1	4	4	3	3	4	2	6	4	9	4	7	2	1	3	6	5	4	4	3	6	3	0	7	3	7	2	5	1	3	7	4	3	1	6	5	6	1	7	2	6	2
8	1	7	6	6	3	4	1	8	5	6	8	2	8	5	3	2	7	9	9	5	4	9	6	9	8	1	7	1	2	9	0	4	6	8	1	1	2	2	2	6	2	6	4	6	6	3	7	3	5
5	2	5	5	1	9	1	6	2	4	4	2	9	4	9	9	1	6	5	6	7	2	7	8	9	6	6	8	6	3	6	8	0	2	5	1	8	6	2	3	3	5	4	2	4	1	6	6	1	5
8	9	2	3	3	6	1	4	9	6	4	8	2	9	8	2	2	2	6	5	2	9	7	6	2	6	9	5	2	4	3	5	1	0	8	9	1	5	2	2	2	9	9	8	7	7	5	8	1	5
6	2	6	8	8	5	3	2	5	2	5	2	1	7	5	2	9	4	6	9	4	1	2	8	9	7	1	2	1	3	3	2	7	8	0	7	1	7	3	1	2	2	6	4	9	1	5	8	2	3
2	6	6	6	9	4	7	6	2	7	8	2	4	1	2	8	5	8	5	7	3	7	7	1	1	8	5	3	5	1	4	3	6	1	6	0	1	3	6	5	9	2	8	7	5	4	8	5	8	6
4	2	8	1	8	5	9	3	5	4	2	6	2	4	6	8	2	1	9	2	7	6	7	7	1	4	7	2	7	8	8	2	7	7	1	5	0	1	6	1	3	4	7	7	6	6	9	5	5	2
1	8	1	6	4	4	2	6	9	1	6	2	8	3	1	6	2	7	9	8	9	9	1	8	9	7	9	4	3	3	1	6	6	9	5	8	1	0	6	9	5	9	9	7	1	3	2	7	1	3
9	2	7	4	3	1	9	2	4	3	9	6	6	3	4	1	1	9	2	5	4	7	6	4	9	1	8	7	4	1	9	9	3	2	9	4	5	5	0	5	1	5	8	9	7	6	9	3	4	8
7	4	2	8	1	4	9	6	3	3	5	5	9	7	3	9	6	1	2	7	1	3	6	3	1	9	5	5	3	5	7	8	9	9	6	9	9	8	7	0	5	8	6	5	4	5	9	9	6	2
4	8	1	3	4	5	9	1	6	9	3	2	5	5	9	8	5	9	4	3	9	3	7	2	7	7	1	8	3	9	8	3	2	2	4	1	7	8	9	9	0	1	7	6	2	7	6	9	2	4
2	7	3	2	8	6	4	7	4	1	6	5	4	2	6	6	7	4	4	1	3	3	6	2	3	2	5	9	5	8	1	4	9	3	2	8	9	5	7	2	2	0	9	8	9	1	4	3	9	8
7	3	6	9	7	9	7	8	5	8	3	4	7	9	6	7	3	4	8	9	1	3	3	9	1	6	8	2	3	5	4	6	6	9	6	5	6	6	6	4	6	7	0	8	4	6	8	6	7	8
4	8	3	6	8	5	8	7	5	7	4	8	4	9	8	4	8	7	3	7	4	7	6	9	3	8	8	8	1	6	9	8	1	3	4	1	4	9	2	7	5	3	1	0	1	9	6	4	1	4
4	9	5	7	5	2	1	2	1	9	4	1	9	2	8	1	2	8	8	6	1	5	2	5	5	1	8	1	5	4	5	4	8	6	1	9	9	2	1	8	2	1	8	2	0	8	1	4	5	3
9	1	1	6	8	4	9	4	5	4	5	6	1	3	6	9	1	7	5	4	7	2	4	2	6	5	7	4	7	9	5	2	4	3	3	1	4	3	9	5	4	9	8	7	4	0	9	9	3	6
9	5	7	6	1	3	4	7	8	5	9	2	5	2	8	5	7	6	3	5	7	2	3	8	7	8	8	2	9	4	1	1	3	1	2	5	8	1	1	7	5	9	4	5	3	1	0	4	1	2
3	4	9	2	1	4	9	1	6	6	6	3	4	3	6	1	1	6	5	7	5	7	2	2	5	8	1	9	6	2	4	9	6	2	7	5	7	8	8	6	7	8	2	2	1	7	1	0	3	5
1	1	4	2	4	3	5	3	4	3	3	6	7	2	1	6	8	9	6	6	8	6	6	3	4	6	2	1	7	8	3	1	2	7	7	4	9	5	4	7	8	3	7	8	8	8	1	2	0	9
3	9	2	6	4	8	6	8	9	2	1	3	6	3	4	2	3	1	9	6	3	5	6	1	1	5	3	3	2	8	2	6	3	2	2	8	4	9	4	8	5	6	6	4	9	8	9	6	1	0
M8
0	1	5	7	9	1	1	1	1	9	9	5	6	3	3	4	2	4	4	3	8	6	8	9	7	6	9	3	5	2	3	4	4	7	1	1	8	1	8	6	8	8	2	5	1	6	3	3	2	9
1	0	7	7	7	4	7	5	5	9	5	8	9	7	1	1	3	4	3	6	5	7	4	6	2	3	1	7	5	5	6	8	5	8	6	5	2	9	6	7	3	8	6	7	7	4	6	8	3	9
4	7	0	6	2	2	3	4	8	8	7	5	4	4	1	2	3	1	2	9	1	2	9	6	1	4	6	3	5	2	9	8	9	7	4	7	9	6	5	1	5	9	4	5	4	9	8	2	6	8
2	2	2	0	6	6	1	9	2	5	3	8	7	1	9	8	7	4	2	3	4	8	5	2	3	5	2	5	1	6	3	5	5	6	9	5	4	7	3	3	9	7	8	5	5	7	5	2	9	2
4	5	9	5	0	7	6	5	8	5	8	9	1	6	5	3	8	4	5	8	2	5	7	4	3	4	1	3	1	2	9	2	3	9	7	9	5	7	1	9	1	4	4	3	9	3	6	2	1	1
1	2	7	7	2	0	9	7	5	4	2	3	4	6	5	1	4	3	8	6	3	6	6	8	9	1	3	4	1	6	6	7	1	4	6	6	8	8	7	8	8	9	8	9	6	6	2	3	3	7
1	5	9	8	2	2	0	3	5	5	1	8	6	3	9	9	3	3	2	8	7	6	4	8	1	4	9	8	8	5	5	5	3	8	3	3	1	1	5	6	5	2	4	2	8	8	2	3	6	4
4	2	2	9	3	4	2	0	4	2	3	7	4	2	8	4	8	2	3	9	5	8	1	4	6	4	5	8	3	8	7	9	8	7	2	8	3	1	3	5	7	2	5	6	5	1	2	9	1	9
3	4	2	7	3	7	8	4	0	9	8	9	2	8	1	7	8	3	1	3	7	5	3	9	4	3	2	8	6	4	2	8	3	2	3	8	4	4	8	4	8	6	7	1	5	5	3	2	9	4
8	7	9	8	3	8	7	1	1	0	8	7	8	8	4	4	5	7	5	2	2	7	9	5	4	2	4	4	5	9	8	9	6	9	8	7	6	5	8	4	2	4	8	7	3	1	8	6	1	8
3	4	1	7	1	3	1	2	6	1	0	8	4	8	8	5	5	8	7	7	7	8	6	6	7	5	6	3	1	4	7	1	1	8	5	8	7	3	5	9	7	8	2	4	8	8	9	6	6	3
9	5	6	8	3	6	6	6	7	9	8	0	9	4	8	8	3	6	1	5	1	8	7	3	2	9	3	9	6	6	5	5	7	3	1	8	8	2	5	1	4	1	6	5	7	2	5	8	9	5
7	1	9	9	3	8	1	1	7	2	1	1	0	2	8	4	6	1	7	8	6	4	7	1	3	7	8	5	2	7	8	4	3	7	7	1	9	9	2	2	7	9	8	8	8	8	1	9	6	6
7	5	9	4	9	1	9	9	7	2	4	4	7	0	2	5	1	3	1	3	3	8	4	6	3	1	5	8	3	8	2	7	6	1	8	9	9	7	1	9	8	5	8	5	9	6	5	5	6	1
1	5	3	6	6	2	1	1	7	3	3	3	2	4	0	3	7	4	6	1	5	9	9	1	2	2	1	8	6	1	9	8	5	5	4	1	4	1	9	7	6	9	3	3	3	9	8	6	8	2
2	7	7	8	8	4	7	8	3	2	1	6	1	5	7	0	2	3	4	3	3	4	9	9	7	7	6	9	2	9	1	4	7	2	5	2	9	3	5	8	8	2	1	6	3	5	4	7	7	4
9	4	8	2	3	4	6	4	6	7	3	8	8	1	7	4	0	2	4	8	3	6	5	6	7	3	7	2	5	6	7	9	5	3	3	6	7	5	9	9	6	2	8	3	3	4	6	6	8	1
5	2	5	5	9	9	3	5	2	9	9	7	5	2	5	7	2	0	6	8	2	1	1	6	1	2	9	6	2	6	1	9	5	4	7	7	3	9	4	2	3	8	8	1	1	8	9	7	3	8
1	8	5	2	4	4	2	1	8	5	9	5	5	3	3	4	7	1	0	1	7	4	6	9	8	1	7	5	4	8	5	1	9	4	6	2	4	1	5	8	7	1	4	1	7	6	7	7	6	5
1	2	7	6	5	6	4	4	1	4	8	3	5	8	6	3	5	3	4	0	3	7	5	9	5	9	6	4	4	3	2	9	5	9	9	8	4	3	4	7	3	1	9	4	4	9	3	6	7	4
8	8	4	9	2	9	8	7	9	7	5	3	4	5	4	3	7	5	3	4	0	9	3	9	9	6	6	9	9	7	4	5	8	2	1	4	5	8	1	3	4	3	8	1	6	6	5	2	3	8
3	4	1	9	7	4	7	6	6	8	1	7	9	1	6	5	7	4	1	4	6	0	8	3	5	6	5	1	2	4	8	7	1	3	2	2	9	8	9	6	6	5	5	1	1	2	8	2	1	7
4	2	5	3	2	5	6	7	8	8	9	6	7	5	8	1	8	4	2	4	2	6	0	1	5	9	2	9	2	5	5	4	6	5	2	6	6	8	2	7	2	4	3	1	2	5	7	8	3	7
2	7	5	9	2	7	2	6	5	9	3	9	2	8	3	6	2	9	5	8	5	1	3	0	2	2	8	4	7	3	1	5	8	8	7	4	1	1	2	6	2	8	9	8	1	9	1	7	5	9
7	1	1	6	8	6	4	6	2	6	4	2	2	2	4	2	8	2	8	8	5	3	2	8	0	1	2	4	5	7	6	2	1	7	4	8	7	5	6	8	6	1	7	6	5	2	4	5	1	7
5	4	3	4	9	2	8	7	4	3	8	5	1	3	1	9	6	6	2	4	5	8	9	1	2	0	7	2	1	6	1	9	8	8	6	2	8	9	4	1	9	8	4	5	2	3	7	1	8	3
2	8	2	5	9	2	7	1	2	4	8	6	2	2	3	8	1	2	8	7	6	3	8	8	6	4	0	6	1	2	8	8	8	1	4	2	6	4	4	3	2	8	9	8	5	7	8	4	6	8
9	7	4	8	4	8	3	1	3	8	6	2	2	4	1	8	7	3	7	7	9	1	9	6	2	3	2	0	6	6	9	1	9	5	4	3	6	6	8	5	1	1	9	5	5	6	4	7	4	4
1	8	9	4	8	4	6	1	4	3	7	1	7	3	9	4	5	2	9	3	8	7	1	6	8	6	6	1	0	8	8	4	5	6	4	5	6	7	4	2	6	6	5	7	7	4	5	3	6	9
2	5	3	5	7	7	6	8	3	1	8	4	4	4	5	5	3	5	6	1	9	8	2	4	4	4	5	3	4	0	9	7	6	1	9	5	6	7	1	2	3	3	4	5	8	8	5	5	8	9
2	7	5	3	4	7	4	2	5	4	6	3	6	8	7	6	7	2	2	1	1	1	3	6	9	5	3	5	5	2	0	7	7	5	8	3	9	8	4	1	5	7	9	6	1	8	5	1	2	8
8	7	2	1	2	6	9	1	2	3	8	1	4	3	8	7	6	5	3	3	5	4	3	5	6	9	5	6	8	1	5	0	4	3	1	6	6	5	4	9	2	7	6	6	3	1	6	6	7	3
1	1	1	1	8	7	6	5	4	6	9	5	7	7	1	5	3	2	4	9	5	1	5	6	3	6	3	1	2	9	5	3	0	1	7	7	4	6	7	4	7	6	5	4	6	6	3	3	9	9
4	4	5	5	9	3	7	1	8	6	2	2	1	8	3	6	7	2	6	4	3	5	8	1	5	1	8	1	3	4	1	6	8	0	6	1	1	7	8	3	4	2	5	5	3	5	7	3	6	7
2	1	4	1	1	3	6	9	9	3	5	7	7	8	6	1	5	6	1	6	1	3	8	2	3	8	6	2	9	5	1	2	1	9	0	6	7	7	4	6	5	8	7	4	6	8	3	2	7	4
3	4	7	3	7	3	9	6	3	3	7	5	5	2	2	2	4	2	7	6	1	8	7	1	4	7	7	5	7	2	1	2	1	1	2	0	4	2	9	2	8	6	5	6	7	9	7	6	2	9
5	7	2	2	9	6	6	9	8	7	4	8	6	8	8	8	1	5	6	1	7	5	3	9	4	3	6	8	7	6	6	6	9	7	5	2	0	4	1	3	6	8	4	3	7	1	5	4	8	5
8	6	5	3	6	7	1	5	9	5	6	4	4	6	9	7	4	9	3	7	2	5	1	3	9	6	3	2	2	2	1	7	6	5	4	1	6	0	7	3	9	9	3	6	5	6	5	1	4	3
5	7	9	2	6	7	4	1	1	1	9	5	7	6	8	6	1	6	4	4	7	4	6	3	3	8	1	5	4	5	7	8	2	3	2	6	4	3	0	9	8	1	7	9	8	8	5	3	9	2
4	5	3	5	5	7	8	2	4	3	9	1	5	1	6	3	5	2	9	4	1	4	6	3	4	7	4	5	8	5	2	6	2	4	7	9	6	1	6	0	2	5	8	7	4	4	4	6	6	7
6	8	8	8	6	3	9	2	4	6	7	9	1	4	9	7	9	1	3	1	4	4	9	8	7	8	2	6	5	4	1	2	9	2	9	1	1	7	5	5	0	5	9	9	7	4	9	1	9	6
1	6	5	5	7	5	3	2	3	6	6	1	6	7	6	5	7	2	4	9	1	2	4	5	3	8	5	4	4	4	4	2	4	8	4	1	2	5	9	9	6	0	4	7	3	5	4	8	6	8
2	4	8	7	5	6	6	1	9	4	7	2	7	2	6	2	4	6	5	2	1	4	8	8	8	5	1	7	8	1	9	7	7	7	9	6	4	6	1	7	4	6	0	2	6	4	5	3	2	5
5	3	9	4	1	3	8	8	3	5	2	8	6	5	6	9	8	3	1	3	8	7	1	2	4	6	6	1	1	1	8	9	9	1	8	5	2	7	1	5	5	8	3	0	2	5	9	2	1	8
1	5	2	3	4	4	8	8	2	7	1	6	8	5	5	4	6	9	8	7	3	5	1	7	5	7	4	3	6	1	5	8	4	2	3	9	7	1	9	3	8	4	7	4	0	1	5	5	8	5
2	1	3	1	9	7	5	6	6	2	6	8	9	2	9	8	4	5	2	2	8	2	9	7	7	6	5	4	6	7	6	8	5	6	6	7	6	4	2	7	6	1	6	6	9	0	5	7	4	2
1	6	7	1	5	1	1	4	8	9	9	5	2	7	3	5	2	7	3	6	7	5	4	7	6	3	2	1	9	9	9	5	5	2	8	8	2	1	3	2	8	2	9	2	1	7	0	2	1	9
7	8	6	7	7	1	1	3	5	1	5	4	1	7	2	3	9	2	8	6	2	5	3	6	7	3	6	6	4	2	6	5	4	1	7	7	6	5	4	6	7	8	7	8	3	6	1	0	7	5
7	4	3	6	5	5	4	7	6	1	6	5	9	6	8	5	8	9	2	7	4	9	8	3	1	2	5	9	9	6	1	3	7	5	1	7	5	7	4	2	7	7	5	8	2	4	7	9	0	4
9	7	6	7	1	5	4	1	5	5	3	9	5	8	5	8	8	9	1	4	5	5	8	9	2	7	2	7	3	9	3	3	7	2	9	2	6	6	6	7	6	7	6	2	1	8	3	2	6	0
M9
0	1	7	6	6	8	9	4	1	2	3	5	2	1	9	5	3	5	2	8	1	6	8	9	3	8	1	7	6	7	2	9	7	8	3	2	3	5	1	4	1	3	1	4	3	9	8	1	9	1
2	0	8	9	7	3	7	6	8	3	5	5	2	7	7	8	9	1	7	2	2	9	6	1	6	3	7	4	9	2	7	9	3	4	1	3	9	1	4	8	8	3	6	6	6	2	5	9	2	4
3	2	0	9	4	9	2	1	8	2	4	8	3	3	9	9	5	1	6	5	2	4	4	4	7	3	1	7	6	7	1	5	8	8	7	5	1	9	5	5	5	4	8	9	8	8	5	6	4	8
7	4	3	0	1	6	9	7	8	6	8	8	7	5	1	8	4	7	6	2	9	5	3	3	4	3	9	8	1	4	6	6	9	8	7	7	3	3	4	9	3	2	6	4	7	4	4	7	3	2
2	8	1	4	0	6	1	7	3	1	4	8	6	2	8	8	6	3	8	1	2	7	6	4	3	3	5	9	6	2	1	6	7	8	8	5	8	4	6	6	2	7	9	2	2	6	8	8	1	2
4	1	1	2	2	0	4	5	3	5	8	4	1	3	7	3	1	8	2	7	1	1	9	2	2	3	7	3	8	5	8	4	2	4	8	2	1	9	2	3	7	1	4	9	1	9	1	3	7	2
6	8	9	2	8	4	0	9	5	4	4	5	3	3	7	2	1	7	5	2	7	9	1	2	9	1	7	6	5	9	4	2	9	4	2	1	1	4	8	9	6	2	7	8	3	9	9	8	9	9
6	1	5	7	8	5	3	0	2	2	9	6	2	8	9	1	9	9	1	6	9	5	6	4	7	3	1	2	8	8	1	8	5	8	2	3	2	8	1	6	7	2	8	6	2	9	5	2	4	4
3	9	8	1	8	5	8	5	0	7	6	8	2	4	6	3	8	2	2	3	9	8	5	9	5	1	3	6	7	4	7	7	9	7	7	6	4	9	9	6	6	4	6	8	5	5	7	8	4	9
8	8	3	2	9	5	2	6	2	0	5	5	7	9	8	3	4	5	4	9	7	2	5	4	1	9	9	4	9	7	8	4	9	7	1	4	7	2	3	1	7	7	5	8	1	7	4	9	5	7
2	2	4	7	5	2	7	5	3	2	0	3	6	5	9	1	6	8	1	6	5	4	8	1	7	7	1	6	9	9	1	5	1	3	5	7	4	6	3	8	2	2	2	1	2	1	1	2	7	6
9	8	8	5	6	9	7	1	4	4	8	0	6	4	1	1	6	2	8	4	3	2	8	7	8	4	7	1	4	2	7	9	4	3	2	2	4	2	5	4	6	8	9	8	8	2	8	1	9	3
4	1	4	4	4	2	7	1	7	7	5	8	0	1	6	8	5	4	6	4	8	7	4	6	5	1	9	4	7	2	1	2	9	3	1	1	9	4	4	3	1	2	3	9	4	8	6	9	8	5
8	9	8	8	4	2	3	9	9	2	4	1	4	0	1	1	1	3	7	3	1	3	9	3	7	6	1	8	8	3	7	4	1	6	9	8	2	9	8	9	7	3	7	8	2	9	1	4	8	8
1	9	5	8	6	3	4	4	4	1	4	5	3	3	0	7	1	6	2	6	1	9	1	3	5	6	7	9	9	8	7	8	4	4	7	5	1	6	9	4	2	9	8	3	6	5	3	3	4	5
8	9	2	9	3	6	4	2	8	5	6	9	6	2	5	0	9	3	6	8	1	5	1	1	6	6	5	7	1	2	3	3	5	5	3	2	4	1	5	1	4	3	5	1	3	6	8	2	6	7
8	3	6	6	5	2	3	5	2	2	9	8	1	5	6	4	0	7	7	8	8	9	1	3	1	6	5	6	9	8	6	5	9	2	3	2	3	6	2	5	1	7	9	7	6	5	3	5	6	1
7	3	6	6	6	6	6	1	2	1	1	4	3	1	4	2	9	0	9	1	5	5	8	8	7	4	6	1	6	9	9	5	6	8	3	8	4	1	1	1	7	2	4	1	1	2	8	3	1	3
8	6	2	5	4	5	7	6	5	6	3	3	1	3	6	9	7	2	0	9	3	1	3	2	1	9	9	1	2	2	3	8	4	2	3	6	3	4	1	2	1	7	4	4	1	5	9	8	8	7
8	9	8	7	7	8	6	5	7	9	5	3	9	4	3	9	6	6	6	0	7	5	7	7	3	6	7	5	9	8	8	3	3	3	8	3	2	4	6	6	7	2	7	9	9	3	8	1	8	5
1	9	1	8	1	3	6	3	2	1	5	2	9	2	4	6	4	8	5	1	0	4	9	6	1	1	2	3	8	5	8	9	5	8	8	1	5	6	6	8	3	2	6	8	7	8	4	3	9	1
4	3	1	4	2	8	9	7	4	6	1	8	7	8	3	5	3	3	8	5	4	0	7	5	7	8	6	7	6	8	3	2	4	6	2	5	1	5	5	4	2	9	7	1	8	9	1	1	8	2
7	5	2	5	4	5	2	3	9	4	2	4	6	4	6	3	6	7	9	3	6	7	0	2	4	7	2	3	5	4	4	5	1	5	2	4	8	8	1	3	3	5	4	9	8	8	1	3	4	7
5	7	8	4	3	2	7	8	8	4	7	4	2	2	5	6	6	1	3	5	5	4	7	0	8	1	4	3	5	1	7	2	6	3	7	6	9	3	8	1	8	9	4	7	8	7	3	6	7	9
2	5	2	3	4	6	2	3	2	6	1	7	1	3	3	9	7	9	6	7	4	8	7	1	0	1	6	7	9	4	2	4	3	2	7	6	7	2	3	8	7	3	8	2	7	7	4	3	5	5
3	7	6	6	8	9	2	1	7	9	7	1	2	9	8	4	5	9	8	6	3	8	6	8	7	0	6	9	8	8	2	9	4	8	8	7	4	8	1	3	4	3	5	6	6	8	7	1	8	1
8	7	6	5	2	8	1	4	2	1	5	6	4	7	4	3	3	9	5	2	2	8	3	5	5	7	0	4	5	6	5	1	2	6	3	9	9	2	9	6	9	8	9	9	6	1	9	4	9	9
7	8	4	7	8	9	6	2	1	7	2	6	9	5	8	3	5	4	2	6	2	3	3	4	6	9	6	0	4	3	7	4	1	6	9	3	2	2	1	9	7	5	9	5	3	2	2	9	2	8
5	6	7	2	7	4	2	8	8	8	1	3	6	9	9	2	7	6	6	1	4	7	5	1	3	2	2	1	0	9	6	4	1	3	3	8	5	3	5	1	5	4	5	7	9	8	3	8	6	6
9	5	6	8	3	9	1	9	4	7	8	2	6	6	7	9	4	7	3	3	5	3	3	5	6	1	9	2	6	0	2	1	4	7	3	5	8	1	5	6	9	3	2	8	1	3	9	1	3	4
3	2	2	5	3	7	2	7	4	6	8	8	6	6	4	8	1	1	6	3	8	8	5	6	3	3	5	4	2	4	0	7	8	2	6	8	7	3	1	1	4	7	1	7	2	5	4	4	3	1
2	7	3	6	3	6	9	1	7	2	2	7	9	8	9	1	5	1	2	7	9	9	8	2	6	6	4	6	1	4	5	0	1	4	1	4	4	2	3	7	1	1	2	5	5	8	8	6	8	6
2	1	3	3	7	9	6	8	7	8	5	5	2	9	1	9	6	2	1	7	4	9	8	9	7	6	9	8	5	7	1	2	0	4	4	3	5	9	6	6	4	4	5	3	3	9	7	1	7	5
9	6	7	9	7	8	3	4	5	3	8	6	7	4	2	3	4	7	4	2	4	6	9	3	5	5	1	1	8	1	4	3	2	0	9	6	7	5	9	4	5	4	2	7	9	8	8	2	6	3
1	8	2	4	1	6	8	7	4	2	7	8	7	8	4	1	1	7	6	7	3	3	3	3	7	9	4	3	7	4	5	3	3	7	0	3	7	9	3	4	7	8	9	2	2	5	1	8	4	1
3	4	6	6	5	4	4	9	1	3	7	9	6	8	5	3	7	2	3	3	2	8	3	1	6	5	1	9	3	4	4	2	4	6	2	0	7	5	5	7	1	5	7	8	3	5	2	2	1	2
2	5	9	7	6	8	1	2	1	5	1	7	6	6	7	9	1	2	8	1	8	7	2	5	9	7	3	1	1	6	7	9	7	9	5	4	0	2	3	3	7	6	1	9	1	6	5	1	1	4
8	3	8	1	3	8	4	8	9	5	1	3	1	3	9	1	6	5	7	5	2	1	2	4	5	4	6	1	7	6	4	1	6	3	8	1	9	0	2	1	5	9	9	9	7	6	9	7	6	3
9	6	4	4	8	2	3	8	2	5	1	7	8	7	7	5	7	1	1	6	9	6	7	7	1	8	7	8	3	2	6	8	2	9	1	3	9	4	0	3	3	6	2	3	9	3	4	8	3	5
9	9	7	3	8	6	3	5	4	5	8	3	6	3	5	2	7	8	1	3	5	2	5	4	9	2	1	7	2	7	4	9	7	7	3	3	5	8	2	0	1	9	8	9	7	5	7	5	5	2
5	2	2	9	9	2	2	8	2	6	9	2	8	3	7	8	5	9	3	2	4	2	4	6	3	5	1	2	1	8	8	5	5	6	6	9	2	3	4	3	0	8	2	6	8	6	9	9	2	7
5	3	5	9	9	8	7	1	9	7	8	4	1	6	4	2	8	3	7	8	4	5	6	1	3	7	1	2	3	7	3	9	7	9	8	3	1	5	8	2	6	0	7	4	7	8	1	3	4	1
2	4	4	1	5	5	9	7	3	1	9	8	1	2	9	6	5	5	8	7	7	7	2	8	5	2	1	4	3	1	7	8	2	1	7	1	5	5	6	1	3	6	0	9	1	6	1	7	7	6
7	7	8	1	9	6	9	2	6	3	5	2	5	7	1	4	6	2	5	2	7	6	9	9	7	5	9	9	9	5	1	7	5	9	4	6	6	3	5	5	7	3	2	0	5	7	2	5	9	7
6	9	2	9	6	1	4	8	6	6	5	2	6	4	6	8	5	6	5	7	2	8	5	1	8	9	7	8	1	3	1	2	2	9	9	5	4	1	8	8	3	5	4	5	0	7	7	9	7	5
1	4	6	6	4	3	3	8	9	3	2	7	9	9	4	7	4	9	5	2	6	9	8	7	2	8	3	6	8	7	8	7	6	3	4	8	6	1	5	1	4	5	2	3	7	0	2	1	4	6
9	6	1	4	8	5	6	8	6	5	2	7	5	8	3	4	4	8	6	1	9	5	9	1	3	6	6	2	8	3	7	1	3	1	5	3	3	9	2	5	5	9	8	2	7	3	0	8	6	4
4	7	2	4	9	4	5	5	9	4	6	8	5	7	3	4	9	4	1	7	4	1	7	9	7	8	3	1	5	3	9	2	1	2	4	7	4	9	3	8	2	7	6	5	7	2	4	0	1	8
4	3	9	8	3	2	3	1	9	8	9	1	2	3	1	5	2	4	5	6	1	3	9	4	6	5	7	1	7	7	6	8	6	7	7	3	4	9	8	2	8	9	3	8	6	7	5	9	0	2
5	1	5	3	5	2	6	8	9	1	3	2	7	4	1	4	4	7	4	3	3	6	6	6	5	7	3	7	7	5	5	8	4	2	7	2	6	6	3	6	2	5	4	1	2	3	8	3	9	0
