50  10  1
10
	0	73	1	42	2	48	3	7	4	67	5	41	6	27	7	7	8	21	9	24
	0	17	1	29	2	22	3	50	4	41	5	22	6	99	7	6	8	81	9	61
	0	67	1	13	2	75	3	23	4	33	5	6	6	43	7	92	8	73	9	9
	0	37	1	56	2	58	3	11	4	19	5	85	6	82	7	1	8	24	9	91
	0	26	1	26	2	60	3	24	4	56	5	86	6	49	7	44	8	44	9	68
	0	30	1	73	2	57	3	91	4	43	5	20	6	48	7	18	8	89	9	37
	0	58	1	36	2	45	3	45	4	1	5	39	6	43	7	31	8	89	9	45
	0	75	1	18	2	32	3	37	4	75	5	53	6	7	7	15	8	79	9	62
	0	93	1	86	2	69	3	69	4	2	5	44	6	65	7	83	8	63	9	8
	0	1	1	94	2	37	3	16	4	13	5	35	6	71	7	8	8	20	9	94
	0	12	1	34	2	72	3	95	4	52	5	67	6	9	7	78	8	63	9	20
	0	35	1	37	2	43	3	88	4	25	5	8	6	95	7	65	8	94	9	16
	0	98	1	6	2	20	3	12	4	42	5	37	6	80	7	64	8	43	9	39
	0	49	1	98	2	58	3	42	4	81	5	78	6	60	7	16	8	51	9	85
	0	47	1	49	2	44	3	32	4	99	5	42	6	16	7	29	8	9	9	62
	0	56	1	79	2	28	3	32	4	33	5	64	6	34	7	55	8	7	9	71
	0	3	1	95	2	22	3	43	4	19	5	61	6	35	7	76	8	86	9	75
	0	35	1	87	2	13	3	14	4	50	5	14	6	77	7	53	8	58	9	46
	0	100	1	56	2	44	3	81	4	87	5	96	6	74	7	54	8	11	9	89
	0	74	1	97	2	44	3	74	4	26	5	6	6	67	7	92	8	38	9	49
	0	18	1	22	2	43	3	25	4	49	5	90	6	20	7	48	8	96	9	64
	0	61	1	47	2	9	3	82	4	22	5	81	6	69	7	96	8	21	9	10
	0	2	1	21	2	83	3	84	4	65	5	17	6	46	7	41	8	58	9	53
	0	66	1	9	2	3	3	24	4	100	5	65	6	75	7	17	8	39	9	3
	0	87	1	61	2	32	3	2	4	57	5	90	6	27	7	94	8	23	9	18
	0	97	1	86	2	68	3	97	4	55	5	78	6	75	7	1	8	59	9	79
	0	30	1	77	2	64	3	19	4	43	5	39	6	77	7	100	8	45	9	99
	0	14	1	50	2	86	3	65	4	72	5	53	6	50	7	44	8	62	9	82
	0	57	1	40	2	71	3	63	4	4	5	30	6	31	7	23	8	89	9	44
	0	40	1	26	2	7	3	8	4	47	5	93	6	2	7	12	8	91	9	50
	0	45	1	4	2	72	3	59	4	38	5	38	6	76	7	19	8	76	9	20
	0	5	1	62	2	35	3	26	4	56	5	51	6	38	7	93	8	73	9	67
	0	32	1	1	2	57	3	65	4	91	5	6	6	1	7	99	8	98	9	78
	0	4	1	62	2	94	3	63	4	60	5	3	6	95	7	82	8	38	9	99
	0	7	1	11	2	100	3	1	4	83	5	31	6	14	7	83	8	30	9	25
	0	64	1	59	2	36	3	69	4	76	5	57	6	71	7	45	8	82	9	54
	0	8	1	60	2	22	3	7	4	42	5	73	6	45	7	57	8	20	9	36
	0	44	1	65	2	94	3	23	4	64	5	17	6	80	7	98	8	47	9	20
	0	73	1	30	2	7	3	48	4	39	5	82	6	55	7	38	8	16	9	13
	0	17	1	27	2	68	3	73	4	99	5	87	6	76	7	93	8	16	9	98
	0	78	1	79	2	77	3	67	4	75	5	75	6	84	7	81	8	66	9	60
	0	6	1	50	2	92	3	75	4	23	5	88	6	88	7	13	8	51	9	21
	0	79	1	11	2	2	3	40	4	70	5	18	6	31	7	25	8	12	9	48
	0	80	1	3	2	48	3	29	4	14	5	31	6	70	7	1	8	16	9	15
	0	38	1	38	2	87	3	88	4	47	5	90	6	57	7	31	8	39	9	75
	0	13	1	95	2	96	3	55	4	4	5	66	6	66	7	85	8	62	9	76
	0	100	1	26	2	65	3	51	4	12	5	44	6	28	7	61	8	80	9	50
	0	88	1	92	2	50	3	43	4	31	5	75	6	30	7	72	8	71	9	32
	0	55	1	20	2	88	3	27	4	86	5	76	6	60	7	28	8	63	9	56
	0	80	1	17	2	23	3	79	4	20	5	23	6	63	7	20	8	89	9	35
SSD
M0
0	9	8	9	4	2	7	2	7	6	8	5	5	1	4	2	6	5	2	8	1	3	9	2	5	9	3	2	1	9	9	6	1	7	7	1	3	1	2	9	8	1	3	9	4	7	6	3	2	7
4	0	4	2	8	7	6	3	7	4	4	7	3	3	9	2	6	2	7	8	4	6	2	3	5	3	4	6	4	5	7	8	2	1	8	5	2	3	2	8	3	7	9	2	7	6	6	7	2	2
7	1	0	2	6	3	5	1	1	2	8	9	3	6	4	4	2	4	3	6	9	7	1	7	3	3	3	4	2	9	5	3	8	2	9	7	8	7	2	5	8	1	5	5	3	2	4	6	6	9
4	2	9	0	4	2	7	8	7	8	7	1	4	2	1	6	3	6	2	6	8	4	5	5	7	5	1	4	6	9	2	5	9	2	5	6	7	6	8	7	2	8	1	5	5	2	4	8	5	3
9	3	1	4	0	5	4	4	4	9	8	1	2	8	3	8	5	5	7	7	8	3	9	3	3	8	3	6	6	8	3	5	8	3	2	5	6	8	6	2	7	2	4	6	8	5	3	6	6	1
5	1	8	6	2	0	4	8	6	4	8	4	9	5	1	6	1	4	6	1	4	9	7	4	4	9	4	5	9	1	9	5	5	5	6	9	5	6	6	7	1	3	6	3	8	5	4	5	4	9
3	6	5	6	6	9	0	7	1	2	4	4	3	2	5	5	5	7	4	1	4	6	7	8	9	1	6	8	3	5	8	4	7	9	6	5	7	6	3	7	4	1	7	3	9	5	6	6	2	4
9	7	8	2	9	7	5	0	5	7	8	9	1	7	4	5	5	8	5	9	9	9	2	2	8	4	7	8	6	2	9	1	8	7	3	3	1	3	6	7	8	5	6	9	6	6	5	9	3	9
4	5	8	7	4	1	5	8	0	6	3	2	2	9	3	8	7	9	6	4	8	4	6	4	7	8	6	2	2	4	6	8	2	9	3	7	5	3	1	7	5	8	4	4	2	8	4	7	7	9
3	6	6	1	6	9	9	8	6	0	6	2	2	2	5	8	8	8	3	1	6	5	4	6	9	6	1	9	5	4	1	4	2	4	3	6	7	5	6	4	9	5	4	4	8	7	9	7	2	4
5	1	4	2	1	9	3	5	8	1	0	1	4	9	6	5	7	9	8	6	5	4	2	3	4	7	5	6	6	3	5	6	8	4	4	3	2	4	3	3	8	2	6	6	3	2	9	6	7	7
5	8	3	9	9	8	2	6	4	4	1	0	9	7	9	7	3	9	6	2	2	1	8	4	9	9	6	9	6	8	1	4	7	6	8	6	4	5	2	9	7	6	8	9	2	5	3	9	6	5
3	9	7	4	1	1	1	3	9	1	7	1	0	1	5	3	4	9	2	3	9	1	1	2	3	1	3	2	8	1	4	2	8	6	9	8	4	5	1	7	2	6	4	6	8	8	3	8	7	7
6	5	6	7	9	3	8	7	8	1	5	2	6	0	7	1	8	8	8	7	9	5	3	6	5	2	6	5	2	7	4	9	6	1	7	3	6	3	6	4	1	4	2	8	7	4	4	8	3	7
1	8	7	1	4	1	5	1	5	7	2	6	6	2	0	3	1	6	6	6	6	6	7	8	4	4	4	1	6	6	3	4	2	1	2	9	9	7	8	2	2	6	3	1	1	8	5	6	6	7
9	8	8	6	7	7	4	8	8	2	5	8	2	6	1	0	1	6	8	9	6	5	3	7	7	5	7	9	4	2	2	1	6	5	7	9	2	1	4	8	4	3	1	1	7	5	6	5	5	9
2	1	8	2	5	8	2	7	2	8	7	4	9	2	8	2	0	1	1	1	9	7	9	2	2	2	8	3	2	1	4	4	9	7	9	1	5	8	4	4	6	6	8	8	4	8	9	9	6	2
6	4	9	6	7	8	8	4	2	6	2	6	7	1	7	1	9	0	7	5	9	4	6	2	8	9	5	3	8	9	2	5	2	8	3	3	1	5	4	4	6	9	9	6	1	9	6	4	5	1
8	2	3	4	4	6	9	5	1	5	2	1	9	8	3	4	3	7	0	2	9	5	7	5	6	8	4	5	8	2	9	3	9	2	4	6	1	8	4	1	7	7	1	9	6	7	8	2	9	8
3	8	1	2	3	6	4	1	5	6	7	8	1	3	9	3	1	3	9	0	3	5	2	2	2	5	5	3	6	1	6	3	9	8	6	4	8	7	2	2	5	1	7	3	5	8	6	6	3	3
4	5	7	6	9	3	1	9	1	2	9	1	1	4	3	6	6	7	4	1	0	5	3	4	1	7	3	2	7	8	1	9	9	5	1	6	3	9	2	6	7	1	6	8	3	9	5	6	3	3
5	2	3	4	8	9	5	9	4	7	6	4	9	9	3	7	6	6	9	7	4	0	8	3	1	5	5	7	5	8	8	1	9	9	1	8	9	6	8	6	7	3	1	1	7	5	5	8	8	4
2	5	3	3	2	8	5	2	9	1	6	7	9	8	4	6	2	6	5	9	6	5	0	4	2	1	6	1	9	7	2	3	4	1	9	9	8	2	7	3	3	3	2	2	7	5	9	8	5	4
4	8	8	4	1	3	6	4	4	2	5	2	1	7	5	3	7	3	6	6	4	8	6	0	5	1	8	6	8	2	4	7	7	6	9	1	4	6	9	6	8	6	2	8	3	6	8	4	6	4
4	8	7	2	3	8	5	2	1	1	9	7	5	2	1	5	3	7	7	3	1	6	1	8	0	4	5	2	9	6	6	2	8	6	3	4	5	2	7	3	3	3	2	5	5	3	7	2	1	5
9	1	3	3	2	7	6	6	3	6	2	6	9	5	3	4	6	3	8	7	4	5	9	4	9	0	8	9	3	1	8	2	7	2	3	6	4	5	3	3	9	2	1	3	2	6	6	1	7	9
9	5	9	4	2	6	6	6	2	9	9	9	8	3	3	7	2	5	1	3	4	9	6	2	8	7	0	1	1	8	8	9	9	1	1	8	7	1	6	7	7	2	7	9	7	7	8	7	4	9
3	4	2	5	3	6	5	6	2	5	4	3	6	7	1	7	9	7	8	7	7	2	7	4	3	7	9	0	4	7	4	6	1	2	3	7	1	9	7	5	3	3	5	7	3	6	8	5	3	5
7	5	9	8	6	2	1	2	3	8	3	9	3	7	9	2	7	5	5	3	4	7	9	8	7	2	5	3	0	7	9	9	5	4	7	3	3	3	9	2	1	3	5	9	9	4	3	5	8	1
6	1	5	4	6	7	3	1	5	4	4	8	6	5	2	1	2	3	4	2	1	3	6	6	2	7	4	5	8	0	6	3	4	6	2	3	7	2	3	7	4	5	5	8	2	6	7	2	2	7
6	1	4	6	6	7	3	7	5	2	1	4	6	8	9	4	9	4	6	2	1	4	8	7	2	2	9	5	6	1	0	5	7	7	3	6	7	3	8	4	9	2	3	6	7	7	7	2	1	7
3	9	7	3	5	3	9	1	6	8	6	5	4	5	9	8	4	4	7	9	1	8	7	5	3	4	2	6	4	6	5	0	6	1	5	9	5	5	1	5	1	2	6	8	7	7	1	3	6	8
4	3	2	8	2	6	6	9	5	6	9	1	6	5	7	6	9	3	6	4	3	7	8	8	6	7	9	6	9	4	3	6	0	5	9	9	2	4	2	8	1	6	7	9	2	1	7	2	8	6
1	5	6	5	7	4	9	4	4	1	7	1	2	2	5	2	6	2	7	1	8	2	8	8	8	6	9	4	9	9	1	8	1	0	3	4	7	8	2	2	7	8	2	6	5	8	4	4	1	1
4	4	3	8	2	9	3	7	5	9	4	3	9	5	6	8	6	3	9	9	1	3	9	5	3	9	1	1	3	3	1	5	8	9	0	1	5	7	9	8	1	1	4	1	4	2	3	8	5	8
2	2	8	4	5	6	4	2	5	2	9	9	6	6	1	4	3	5	7	9	9	3	1	2	7	3	3	5	1	3	8	8	9	5	5	0	9	2	5	3	3	7	8	8	5	1	2	2	8	2
6	7	8	3	9	4	9	5	9	4	7	5	5	3	6	5	3	5	1	9	9	7	5	4	5	6	1	5	1	2	4	6	9	3	5	4	0	4	5	4	1	2	5	6	7	8	9	4	6	5
5	4	8	4	5	9	2	4	6	5	2	2	9	2	4	5	1	6	2	6	7	1	9	3	7	1	1	5	4	5	3	9	8	1	1	7	5	0	9	9	1	3	9	5	4	1	8	5	1	7
5	6	9	7	5	5	3	7	6	1	7	2	6	3	7	8	8	9	2	1	8	2	9	7	2	3	5	5	1	7	7	9	5	1	9	7	6	2	0	6	3	9	5	1	1	5	7	6	9	6
3	2	9	3	8	7	3	2	2	1	3	7	2	3	2	8	3	6	9	4	7	7	9	6	7	5	9	3	4	9	1	1	1	5	8	3	6	1	8	0	6	9	4	7	9	6	3	5	9	1
1	9	1	4	9	3	3	7	5	7	9	5	7	3	9	5	6	1	9	3	7	5	5	6	7	1	2	3	5	4	8	5	9	2	1	9	9	4	4	6	0	3	7	2	7	3	6	9	3	7
5	4	5	6	9	4	4	1	7	7	8	7	8	8	1	2	4	1	8	3	1	4	9	2	2	4	2	9	7	8	1	8	5	2	3	5	9	9	8	2	5	0	5	6	8	9	8	3	1	4
8	5	6	8	6	1	1	5	5	8	2	4	9	9	9	5	1	4	5	1	9	8	7	1	2	3	6	4	2	4	1	2	4	7	8	4	6	4	9	3	5	9	0	3	2	2	2	7	1	8
6	6	8	8	4	4	3	3	1	4	1	6	3	2	8	1	9	8	1	5	6	4	2	8	1	2	6	5	5	8	7	6	9	9	5	3	8	4	2	7	1	1	7	0	3	6	5	8	2	9
4	2	7	6	9	2	6	8	1	8	8	5	6	5	7	1	9	6	7	8	9	1	4	3	9	8	9	1	8	3	6	3	6	1	4	9	8	3	7	8	1	4	4	6	0	3	3	7	9	7
1	6	2	9	2	7	6	1	8	8	6	8	9	9	5	7	6	7	7	4	5	8	5	7	3	5	1	7	3	2	4	6	2	3	2	4	9	1	5	2	1	3	6	7	3	0	5	3	6	2
8	9	4	2	1	6	1	5	4	5	2	5	2	6	4	6	3	9	6	9	1	7	3	8	4	5	2	4	3	5	8	3	8	5	7	8	6	6	9	1	6	8	1	7	7	2	0	3	4	7
5	4	1	5	7	2	2	8	1	9	9	9	6	5	9	7	9	2	9	2	3	6	7	1	3	1	1	1	3	9	1	9	4	9	2	6	4	2	2	3	5	4	5	1	5	2	7	0	5	6
9	2	9	2	8	3	2	3	3	6	8	8	3	6	2	3	3	2	4	9	2	7	4	1	8	7	6	7	2	3	2	5	5	5	3	1	2	3	7	5	3	8	7	7	8	1	5	2	0	5
3	5	6	7	5	7	3	2	5	5	1	3	8	5	4	1	8	8	5	6	2	2	9	7	1	6	1	7	3	3	2	4	8	5	5	8	4	8	2	7	1	1	4	9	2	4	2	3	3	0
M1
0	3	3	7	3	3	9	8	9	7	8	6	2	3	9	4	2	5	8	2	7	3	6	8	3	8	4	9	1	7	9	2	1	6	1	8	1	2	9	8	2	3	1	6	2	7	1	2	1	2
1	0	9	2	4	3	4	8	5	8	2	9	2	1	3	7	8	6	4	6	5	6	7	7	8	7	8	2	5	8	8	2	1	9	9	1	8	6	6	7	8	6	4	6	4	3	9	7	7	5
1	8	0	6	2	3	5	2	9	4	3	5	3	6	4	5	2	6	5	6	7	9	9	1	4	6	2	2	3	6	8	4	8	5	9	8	8	2	8	3	8	7	3	8	2	3	6	4	7	7
8	3	6	0	2	9	4	1	8	3	1	6	3	8	1	1	4	5	4	2	1	8	2	4	8	9	1	1	7	1	3	1	9	9	9	8	6	8	4	5	2	7	6	5	8	6	3	2	7	4
7	1	9	1	0	2	7	4	8	3	4	5	1	6	3	4	7	1	2	5	3	6	6	8	9	4	8	9	4	5	7	2	2	8	5	4	1	1	1	7	6	9	2	9	9	4	1	7	2	6
4	8	9	2	2	0	2	6	8	3	5	4	1	8	8	3	9	9	8	6	4	4	5	5	8	3	4	4	3	3	3	7	7	1	7	6	9	2	4	8	4	6	5	1	6	2	7	3	1	1
5	4	2	9	3	9	0	7	4	8	1	7	6	7	2	5	4	5	2	4	4	1	2	4	7	5	8	7	6	1	4	5	7	8	7	5	9	7	2	2	9	3	8	1	3	6	9	2	4	1
8	9	9	5	5	3	1	0	4	4	7	1	8	6	8	1	4	5	8	5	7	2	6	2	4	7	8	7	8	4	3	9	6	6	4	6	5	9	2	1	2	6	5	4	6	3	5	6	3	2
7	8	2	8	7	8	6	8	0	9	2	2	7	3	5	4	1	6	5	5	4	4	5	4	4	7	4	6	3	1	8	8	9	9	2	9	4	8	6	4	5	4	3	5	3	6	6	3	4	6
4	5	8	2	7	8	9	8	2	0	4	4	6	9	7	7	4	7	2	2	5	2	1	9	2	2	8	8	5	1	4	6	9	4	1	7	6	7	6	4	7	4	2	3	8	1	1	8	3	7
7	1	9	6	5	9	1	6	4	6	0	4	9	1	3	9	5	2	8	9	4	1	2	3	4	9	7	6	6	1	5	1	5	1	5	6	1	6	2	3	8	9	2	3	7	3	4	4	7	8
5	9	4	3	7	9	7	1	3	5	5	0	5	4	2	2	3	1	7	1	2	3	1	4	1	5	7	1	8	8	3	1	1	4	8	2	9	7	8	7	6	2	4	7	3	8	5	3	7	9
5	3	6	5	9	7	7	9	6	7	4	2	0	7	6	1	3	5	7	8	1	8	9	1	8	7	5	9	9	9	8	9	4	2	1	3	7	7	4	6	1	3	9	6	4	1	4	9	8	8
2	5	6	6	8	6	4	3	4	8	5	8	4	0	3	4	8	4	5	4	3	7	1	4	4	3	5	2	7	6	1	7	7	1	3	5	4	2	2	1	3	3	2	5	4	3	3	3	6	1
1	8	6	6	6	1	5	3	5	1	5	2	7	2	0	1	9	3	9	2	2	7	6	7	2	2	2	4	7	8	5	5	7	8	5	4	2	7	4	1	9	3	8	5	4	4	7	4	1	5
2	6	6	5	1	5	5	5	9	5	2	4	2	5	7	0	6	3	7	3	3	2	4	6	1	4	7	3	5	4	7	3	8	8	1	8	7	2	4	8	2	1	8	9	9	7	6	2	8	8
7	4	9	6	2	7	1	8	5	9	8	5	6	4	9	6	0	7	7	7	4	6	2	4	4	5	6	4	9	7	9	7	2	1	2	6	5	3	9	1	3	5	6	9	8	6	1	2	1	3
6	8	5	5	5	9	5	8	4	5	9	7	7	6	4	2	2	0	2	5	4	5	2	2	4	5	6	6	4	4	9	4	3	4	4	8	3	3	5	5	6	8	5	5	3	9	3	7	1	1
7	2	5	5	6	7	2	6	6	2	4	5	4	4	9	3	3	7	0	2	3	6	2	6	4	5	4	4	7	6	6	6	3	1	3	9	7	2	8	1	4	9	5	3	3	4	5	2	4	7
3	3	3	8	9	8	5	6	1	5	2	3	5	4	8	7	9	7	7	0	8	1	3	9	6	1	3	3	9	9	6	1	7	7	9	7	1	9	4	6	2	4	5	7	6	2	4	2	6	6
2	8	1	5	5	5	5	4	9	7	4	3	4	2	7	9	9	8	5	7	0	9	3	5	3	8	2	1	4	7	9	3	4	9	3	4	8	5	4	9	6	6	9	4	1	7	2	1	8	6
6	8	8	9	9	9	5	2	6	6	9	8	9	9	5	5	8	9	6	4	8	0	2	3	5	6	3	1	3	2	2	3	5	8	1	1	2	2	3	8	1	9	3	2	3	1	3	7	3	2
9	8	1	1	3	2	8	5	8	3	4	4	4	8	1	9	2	2	8	5	8	7	0	9	2	8	1	8	6	5	1	7	7	1	3	1	4	8	7	1	9	4	6	3	1	5	1	7	4	1
5	1	5	4	7	3	7	8	2	4	7	6	1	3	6	4	2	1	3	3	4	1	2	0	4	4	7	5	1	5	6	1	4	8	3	7	6	1	5	9	7	9	3	8	9	6	1	7	3	5
6	8	1	3	1	2	6	8	3	9	9	4	3	9	5	7	3	8	5	3	8	8	7	1	0	7	2	7	2	6	1	3	1	9	6	8	9	2	5	4	6	2	7	7	8	7	4	9	4	7
4	8	1	6	4	1	3	5	1	3	1	8	6	3	9	2	8	3	1	4	8	1	1	4	1	0	6	3	4	1	6	7	7	9	5	8	1	1	4	6	1	6	1	6	2	1	8	1	7	9
2	9	6	2	5	2	4	4	4	4	3	7	8	2	5	2	7	3	4	3	7	9	8	5	6	1	0	4	1	4	1	2	3	4	2	8	8	9	6	7	8	2	3	5	6	9	7	6	8	6
4	8	2	5	6	6	7	5	6	1	7	9	1	3	3	8	7	9	3	8	6	3	1	9	6	2	2	0	9	4	6	4	3	6	5	6	1	1	2	9	5	9	8	3	8	9	1	5	5	1
7	3	8	3	9	1	2	1	3	8	1	3	5	7	1	7	3	4	7	6	7	3	1	3	8	2	6	1	0	8	2	5	9	9	9	3	9	1	6	8	3	6	8	7	7	2	4	4	1	4
8	5	9	4	3	4	1	9	4	4	6	8	8	9	5	5	5	5	1	8	7	6	7	4	1	8	2	9	3	0	7	3	6	2	3	9	8	3	2	3	3	9	2	4	9	9	1	3	8	6
4	2	2	2	7	7	2	3	7	1	3	8	4	2	9	4	7	4	7	8	5	2	3	2	7	6	7	1	2	3	0	8	1	9	9	5	2	8	5	1	9	6	3	9	2	3	4	4	2	5
4	1	1	2	3	1	7	1	5	4	7	8	8	9	2	8	5	3	3	5	2	6	3	7	5	8	7	9	6	5	2	0	8	2	7	8	7	9	3	4	3	6	1	3	3	7	8	9	6	7
3	7	4	7	8	4	8	8	8	4	1	9	3	4	9	1	4	3	1	5	6	4	9	3	2	4	2	9	8	5	6	7	0	2	3	2	2	9	9	7	4	4	1	5	1	4	1	9	6	2
2	7	8	7	1	2	5	4	5	2	2	5	3	9	8	5	3	8	2	1	5	2	5	9	4	4	8	5	8	6	3	2	6	0	8	1	3	2	1	8	6	3	9	3	4	8	7	5	3	3
2	6	4	4	3	4	2	3	4	7	3	4	6	8	9	6	2	1	8	6	2	5	8	3	3	4	6	3	7	4	2	7	4	9	0	8	7	6	8	1	6	8	5	2	1	4	4	1	3	8
6	8	6	4	4	2	2	1	5	6	6	6	1	7	4	2	6	5	2	8	3	5	2	8	1	9	8	5	8	4	4	8	3	7	5	0	1	1	3	4	2	4	6	6	9	5	3	4	1	1
2	6	2	8	1	8	5	3	9	6	8	3	8	4	5	8	1	3	7	5	7	7	6	7	8	7	1	7	5	8	1	5	9	2	2	3	0	9	5	2	7	7	1	6	2	9	1	9	6	1
7	2	7	3	7	5	3	6	2	1	7	1	8	6	2	4	2	5	9	2	1	4	9	6	6	5	9	7	6	7	8	3	2	6	1	2	1	0	2	3	8	9	9	9	3	3	8	9	7	2
4	7	4	4	4	5	9	3	2	2	3	1	1	9	7	2	6	5	5	5	7	5	7	9	5	7	2	6	5	9	4	4	3	4	8	5	8	5	0	1	1	2	7	1	8	6	9	9	5	2
9	7	6	4	8	4	7	4	6	3	7	9	7	2	7	8	2	7	4	4	5	3	6	7	3	4	6	7	9	7	3	3	7	6	2	8	7	6	5	0	1	4	3	9	9	3	7	7	4	1
7	9	7	4	7	4	9	9	4	9	4	6	6	7	6	6	1	9	4	1	5	4	7	8	1	2	9	1	8	2	2	6	5	1	5	3	6	6	9	1	0	6	7	9	1	4	6	9	5	1
5	6	9	8	3	7	1	6	8	1	5	7	8	9	9	9	8	7	8	1	3	3	6	6	4	6	7	3	6	5	6	9	8	2	1	5	7	8	1	3	1	0	7	1	3	3	1	1	2	4
3	3	2	2	7	4	4	9	9	3	2	9	7	8	1	5	8	3	4	2	9	1	3	1	4	1	7	7	6	3	6	5	2	8	8	7	7	7	9	7	2	2	0	2	1	6	7	3	4	4
2	2	7	5	6	6	9	5	5	7	1	6	8	7	4	4	4	3	3	5	4	5	8	1	8	1	4	1	4	3	4	6	4	5	3	1	3	9	2	6	6	3	3	0	9	5	2	1	3	2
2	8	1	4	5	7	9	4	7	2	8	8	3	1	6	9	2	5	9	6	6	7	6	3	2	8	2	6	9	6	1	8	6	3	5	5	8	4	9	1	9	4	6	5	0	6	5	3	7	7
9	1	5	5	2	9	3	4	1	8	4	3	1	9	4	4	1	5	2	2	4	5	8	7	5	5	5	7	4	8	3	7	8	5	9	4	5	6	4	4	1	3	4	5	6	0	3	1	2	6
7	5	7	8	6	7	4	3	1	6	3	6	4	3	7	9	9	1	7	4	4	2	1	7	7	9	1	3	8	7	8	1	4	9	6	2	2	4	8	7	2	2	2	1	3	3	0	2	2	9
1	7	7	4	2	9	5	8	1	7	3	8	5	9	2	9	1	5	5	3	6	7	1	8	3	5	7	8	3	4	9	8	3	2	3	5	7	8	1	7	4	5	8	2	1	4	7	0	3	7
1	5	9	9	5	8	5	7	7	4	5	1	9	6	1	4	6	1	1	3	9	3	8	2	5	9	4	2	6	1	5	5	2	2	4	9	8	8	1	6	2	1	7	3	1	1	5	1	0	3
6	1	8	1	3	8	2	2	8	4	4	1	3	1	6	7	3	7	8	2	9	6	1	6	6	1	3	1	3	1	9	2	2	9	5	6	5	7	2	1	8	9	2	5	4	8	2	4	8	0
M2
0	5	1	7	7	6	6	9	1	3	8	2	8	6	2	8	4	1	3	9	7	8	2	8	1	2	9	3	1	8	4	4	5	8	7	3	6	7	5	3	3	1	8	6	8	5	7	8	4	8
1	0	4	8	9	1	6	6	8	9	7	8	6	6	7	5	6	7	9	5	2	7	1	4	3	8	4	6	2	9	9	8	7	5	4	1	9	3	4	1	3	2	4	8	9	6	9	5	9	3
1	5	0	4	7	6	4	6	7	8	9	9	1	2	1	5	2	1	9	4	9	6	4	6	9	5	2	9	9	4	7	8	8	7	9	9	7	9	2	3	7	8	5	6	7	9	5	6	7	8
2	7	7	0	9	9	1	1	3	5	1	4	3	8	8	5	5	6	2	5	7	8	3	3	4	6	2	6	3	6	9	5	7	8	1	1	2	1	9	3	1	5	9	1	3	2	7	6	2	2
4	5	2	5	0	6	6	5	4	4	4	3	1	4	8	9	3	7	1	2	9	8	4	9	3	8	1	9	4	4	7	2	9	4	8	6	1	6	2	2	9	6	2	3	2	7	9	5	8	4
2	2	1	9	9	0	2	9	2	5	4	7	9	3	2	4	1	2	6	8	6	5	1	8	3	8	7	6	1	8	5	6	9	9	6	7	2	4	7	4	6	9	5	2	2	5	6	2	1	9
1	7	8	9	2	6	0	5	7	6	7	4	5	9	5	8	1	9	2	9	4	6	2	3	9	8	7	4	7	2	3	8	3	6	9	7	2	2	3	3	2	5	3	8	9	8	8	6	4	2
9	1	8	1	7	6	1	0	7	4	6	7	9	9	7	6	6	6	8	9	8	2	5	7	8	7	8	6	8	4	3	9	2	3	3	2	7	1	3	2	3	5	3	6	6	7	9	4	4	7
8	8	8	7	8	9	7	7	0	4	5	1	9	2	7	3	7	5	2	7	1	5	3	9	7	5	3	3	2	3	5	4	7	4	4	7	6	7	7	9	6	1	8	2	7	8	1	7	5	8
2	8	5	4	4	3	7	9	3	0	4	6	7	5	5	6	1	9	2	2	4	8	1	5	3	3	9	1	2	3	2	2	2	6	9	7	1	8	3	1	8	5	1	1	6	7	7	5	9	9
6	4	1	5	2	5	6	1	2	7	0	7	2	5	3	7	6	6	8	3	1	8	3	2	2	6	4	7	8	1	8	8	2	7	1	7	8	2	7	5	4	4	6	8	9	7	1	5	4	8
9	5	5	5	3	1	8	9	2	1	4	0	1	6	6	2	7	7	1	3	8	4	9	3	3	8	6	9	9	2	1	8	1	6	4	7	4	5	8	8	4	5	9	7	2	2	5	6	2	8
9	2	3	6	5	8	5	1	2	7	7	1	0	5	9	9	5	1	7	4	8	7	3	8	9	1	4	2	7	6	4	3	5	5	2	7	7	1	9	4	8	3	6	6	2	5	4	1	7	8
4	2	7	1	3	5	1	4	8	1	6	2	3	0	5	6	2	2	6	7	5	4	7	4	7	7	5	1	3	1	1	3	4	7	1	2	6	7	1	6	4	2	1	1	4	8	1	7	2	1
6	1	1	6	5	8	7	6	4	4	7	3	3	1	0	7	1	1	6	5	5	7	8	6	2	5	3	7	6	1	3	2	7	8	7	5	5	5	8	1	5	5	6	3	7	3	5	4	7	9
2	7	5	9	3	1	1	1	8	6	1	7	5	2	5	0	8	3	2	2	7	1	5	4	3	3	7	5	3	1	8	3	1	3	6	2	9	4	2	9	4	8	6	4	2	3	7	7	5	6
3	2	8	6	3	8	3	1	1	2	7	6	2	3	6	9	0	4	1	3	3	4	3	6	7	4	9	4	4	1	8	8	5	2	7	6	9	9	1	6	5	9	6	9	2	6	5	4	7	5
7	7	2	9	4	8	9	4	6	5	3	6	4	8	7	2	8	0	8	5	4	7	1	2	6	1	2	2	9	1	9	6	2	4	8	5	9	3	5	7	7	5	5	2	5	2	1	1	9	6
1	3	9	4	9	8	8	2	5	2	1	9	5	4	2	2	5	1	0	1	4	2	4	9	3	2	1	4	1	1	5	7	8	8	4	1	3	8	2	1	9	3	2	5	2	9	9	9	3	1
7	3	1	8	6	2	1	6	7	3	2	7	7	5	4	8	2	6	1	0	3	6	2	9	4	2	6	4	1	1	2	7	2	1	8	8	2	6	3	1	4	7	6	6	7	7	6	8	5	3
8	2	2	1	7	9	1	7	6	9	2	7	6	3	1	4	5	5	7	9	0	5	2	5	3	7	7	7	2	2	8	4	8	3	6	6	2	9	2	2	4	5	5	2	6	2	7	6	5	2
8	7	1	8	5	6	6	8	9	7	4	8	9	7	7	8	9	7	6	4	3	0	8	4	3	8	1	9	6	7	8	7	9	9	8	3	6	6	4	4	1	8	6	7	8	3	2	7	5	7
2	1	5	3	8	5	6	8	1	3	2	7	4	1	6	9	8	3	1	6	5	4	0	3	2	1	6	7	3	7	3	1	8	5	4	8	5	1	6	1	5	5	8	5	4	2	4	1	9	8
4	7	6	5	8	2	8	2	7	1	9	8	6	2	7	6	4	3	8	4	3	9	3	0	3	4	2	9	8	6	5	6	1	3	9	5	1	9	2	9	9	1	7	3	7	8	1	8	6	6
4	4	6	6	4	2	7	2	1	5	4	6	6	4	8	5	3	4	5	5	8	5	2	6	0	2	4	5	6	2	9	7	1	1	7	4	6	6	9	4	8	7	3	9	9	2	1	8	5	4
7	5	3	2	8	1	5	5	8	4	6	4	6	5	5	3	8	5	3	3	1	1	6	3	2	0	7	4	6	3	1	8	1	5	3	7	3	4	8	4	4	5	4	8	9	9	7	7	9	1
5	9	1	3	4	3	5	2	7	7	3	2	3	2	9	9	3	8	9	8	2	7	1	8	6	8	0	3	7	1	6	2	2	1	2	6	5	9	3	6	1	9	2	3	8	9	1	9	7	8
8	8	7	6	3	4	4	1	9	2	6	7	9	2	3	6	8	2	9	7	2	5	4	5	3	7	6	0	4	1	1	1	2	3	5	2	3	2	8	5	5	3	7	4	1	6	1	9	7	9
9	5	5	4	5	8	1	7	2	7	4	8	3	2	6	6	3	9	2	5	2	4	2	7	4	1	5	5	0	2	9	8	9	9	8	7	7	7	8	8	6	5	9	6	2	7	3	2	3	2
3	7	3	1	3	5	7	2	7	8	6	1	7	4	5	8	1	6	6	7	6	3	1	1	7	3	6	5	3	0	1	2	4	4	4	6	7	2	7	1	9	6	8	7	9	1	6	5	4	9
2	8	7	5	4	7	2	1	6	7	8	1	4	1	6	8	1	8	6	9	2	5	4	3	7	9	5	7	9	9	0	1	4	8	7	5	7	8	3	9	8	1	4	2	5	2	6	5	1	4
7	4	5	9	3	1	9	8	9	4	5	6	6	2	9	9	3	3	1	5	8	4	3	3	2	8	1	4	1	5	8	0	9	8	6	5	4	7	3	7	5	9	2	2	7	8	8	9	6	8
9	6	7	8	1	5	2	9	4	6	1	4	9	1	8	8	8	5	5	8	4	9	6	8	7	9	6	9	9	4	5	3	0	1	1	3	7	8	9	7	3	3	3	9	7	9	6	7	4	1
1	4	3	1	1	2	7	8	5	4	8	4	5	9	2	7	1	6	4	9	1	3	1	3	7	9	4	4	6	2	4	9	5	0	9	6	5	7	1	4	5	9	1	3	7	1	1	4	5	3
4	1	8	7	3	9	1	9	8	9	2	4	4	2	6	2	4	1	2	5	8	9	7	5	6	7	5	3	8	3	7	2	8	1	0	4	5	5	7	4	3	4	5	7	4	4	8	8	2	4
5	8	5	8	5	6	3	1	6	7	1	6	1	9	2	6	1	6	5	7	4	2	5	4	9	7	1	7	8	9	6	2	9	4	6	0	9	2	2	2	4	8	8	4	7	2	7	3	8	9
3	7	1	5	4	6	5	9	2	2	7	2	8	4	2	8	4	2	1	8	9	1	4	3	5	1	9	5	1	8	1	9	1	6	9	1	0	1	5	2	1	4	5	4	4	1	3	5	6	5
2	3	7	9	8	1	5	6	4	2	6	4	8	3	4	9	2	6	9	3	8	1	3	2	1	5	6	6	1	6	1	9	3	1	9	8	8	0	1	8	6	5	5	6	8	2	9	3	7	3
9	8	3	9	7	7	3	9	4	2	2	4	5	5	8	1	8	6	8	9	2	4	1	9	1	2	1	6	1	3	1	4	7	7	3	7	6	2	0	3	5	4	3	1	7	5	1	2	2	4
7	7	2	1	1	2	3	5	1	3	9	9	9	1	4	2	5	6	2	2	1	6	9	3	6	9	4	6	6	8	5	6	6	1	2	5	5	9	3	0	5	2	5	7	4	5	2	1	5	1
7	7	7	6	5	8	5	1	2	8	9	8	3	2	8	4	6	8	9	9	4	7	9	5	1	4	8	9	2	7	3	4	2	4	7	9	1	9	3	4	0	8	2	5	1	2	2	4	3	1
6	1	8	1	5	8	6	9	4	8	3	3	4	3	3	5	4	3	8	1	2	7	6	5	4	2	5	5	8	6	3	3	2	3	9	7	9	6	8	7	8	0	6	7	9	5	3	8	4	5
7	8	2	2	5	6	2	6	9	2	7	6	5	8	4	5	2	9	5	3	7	5	5	2	8	1	8	5	5	9	5	6	2	3	2	4	7	3	5	5	6	8	0	5	1	1	1	2	3	1
4	8	8	9	2	2	2	7	8	1	3	2	6	7	4	9	3	3	7	7	4	9	8	1	6	7	8	3	3	9	4	4	5	6	3	9	2	9	8	6	4	2	2	0	9	9	9	4	1	7
6	8	1	3	2	3	2	3	9	9	6	7	7	1	4	3	8	2	3	9	7	1	6	1	8	5	4	8	1	2	4	3	4	2	4	4	7	5	3	4	7	3	6	6	0	8	1	4	5	1
5	7	2	9	5	2	5	2	1	6	4	2	1	3	3	4	3	7	3	5	6	6	1	1	9	2	3	7	3	6	5	9	2	3	1	7	7	2	5	5	2	6	5	5	4	0	4	8	3	1
1	4	3	2	3	5	4	2	2	1	7	4	3	8	6	3	4	3	6	4	9	4	7	2	8	5	2	3	7	9	6	4	8	1	1	2	3	4	2	6	8	3	3	1	4	5	0	5	2	2
2	8	6	4	4	8	6	7	3	4	6	2	3	6	4	5	2	6	9	9	4	5	4	5	2	9	7	3	3	4	2	5	6	2	9	7	5	2	9	1	9	6	6	6	4	6	3	0	8	9
2	2	8	8	7	7	8	2	5	8	8	7	4	8	1	7	9	5	6	5	5	1	7	7	3	9	7	3	5	4	7	2	8	9	3	7	5	9	7	7	6	5	1	2	8	8	9	4	0	3
2	4	6	9	8	1	6	9	4	2	2	2	3	4	2	1	8	8	1	7	5	9	2	1	2	8	9	4	1	4	9	4	1	5	5	9	4	3	8	2	5	7	7	2	6	1	7	7	7	0
M3
0	7	4	6	1	8	7	7	6	3	7	5	4	9	2	6	9	2	7	9	6	9	6	5	8	1	5	2	1	5	3	5	9	4	1	1	3	8	1	6	9	1	2	1	9	9	6	6	6	7
5	0	3	3	7	9	8	7	6	6	3	6	2	7	7	9	8	5	7	3	5	6	8	9	1	8	2	1	6	9	4	7	4	9	2	5	8	2	1	5	1	4	7	4	2	4	2	2	7	3
1	7	0	6	6	4	4	9	8	5	1	7	6	1	6	5	8	3	2	3	4	9	3	8	4	4	5	6	2	1	7	7	4	6	2	3	6	5	8	6	2	9	4	8	6	9	8	9	8	7
7	4	9	0	5	3	4	4	3	3	1	5	4	6	3	1	4	6	7	3	5	8	5	5	7	8	9	3	8	6	1	1	8	3	8	9	8	2	1	7	8	3	6	2	8	1	3	7	6	8
3	8	6	6	0	5	3	3	2	3	5	6	2	6	9	3	7	3	7	1	1	3	4	5	2	6	8	3	8	8	3	9	2	6	9	4	8	9	8	6	3	2	8	2	5	9	1	9	4	8
6	5	5	3	3	0	6	6	5	4	5	6	9	5	2	5	6	1	4	3	5	1	7	4	1	2	4	7	6	3	4	5	6	7	3	4	4	2	4	6	8	3	8	2	5	8	6	6	2	8
1	4	6	9	4	5	0	1	1	4	6	9	8	2	5	9	5	9	8	7	3	5	2	7	5	1	1	4	7	9	7	6	7	2	7	6	8	3	3	7	5	2	8	5	2	4	9	6	2	8
7	6	1	9	5	9	5	0	5	6	5	1	8	7	4	3	4	5	1	1	6	1	5	1	2	2	2	8	2	6	2	2	5	8	9	2	2	8	1	5	2	3	4	9	8	2	2	3	6	3
3	8	7	4	7	6	5	1	0	7	9	2	4	7	7	6	8	8	5	7	8	4	8	8	3	2	5	2	3	8	1	7	7	4	8	8	3	9	7	6	9	1	5	6	4	5	3	8	4	4
4	7	9	7	6	4	7	3	6	0	1	8	3	5	7	3	8	7	7	6	9	6	7	1	5	3	6	4	8	2	9	8	6	3	4	9	7	4	6	5	5	9	5	4	8	1	5	5	6	9
2	4	7	7	6	7	9	8	7	3	0	4	8	8	8	4	9	4	8	8	4	9	6	2	7	1	1	9	5	5	6	2	6	7	8	5	2	7	1	8	2	2	8	9	7	3	2	5	3	7
5	9	1	2	8	3	3	7	5	3	4	0	6	9	3	6	8	4	7	5	8	9	8	6	1	3	5	1	4	4	8	8	8	2	9	5	8	8	9	4	6	2	7	4	4	3	3	5	6	4
8	1	5	2	2	8	9	7	2	5	3	2	0	3	8	1	3	3	5	7	2	8	8	3	1	3	4	1	9	9	9	3	6	7	3	8	7	7	5	9	6	6	4	9	8	5	4	7	1	1
1	8	3	3	9	6	9	3	9	1	5	4	9	0	6	7	4	4	5	1	4	7	3	4	3	3	8	8	2	4	7	3	1	9	1	6	8	2	7	1	3	7	1	9	6	6	3	7	2	1
7	8	8	8	6	6	1	6	2	2	8	4	1	7	0	9	3	3	3	4	2	3	5	7	7	5	8	3	5	8	7	2	5	2	5	2	5	6	3	8	9	3	3	3	7	4	1	1	7	8
4	7	9	9	7	6	5	1	7	3	3	7	8	4	4	0	5	3	8	5	8	2	1	6	8	6	1	5	3	4	2	6	6	2	7	8	9	9	1	8	7	9	4	2	1	3	3	9	4	5
8	2	8	4	1	4	1	6	5	7	1	1	1	5	3	3	0	7	3	8	2	4	6	1	1	5	2	9	8	2	8	6	1	6	7	3	9	4	7	9	6	2	1	8	1	2	7	7	7	7
2	5	8	9	6	2	9	1	1	1	8	1	4	2	3	9	8	0	7	5	9	1	9	5	5	7	7	1	4	2	7	2	1	4	9	2	5	6	9	9	8	5	3	2	6	4	8	7	1	6
5	3	8	3	9	7	7	2	5	5	6	8	5	1	5	5	7	8	0	9	5	5	9	4	7	1	7	1	1	8	4	9	2	7	2	3	6	7	8	4	2	9	3	4	7	8	9	3	8	7
5	3	2	9	1	3	7	6	6	7	3	9	9	6	8	4	6	6	9	0	4	9	6	5	4	1	7	1	2	2	9	4	9	2	9	4	6	6	9	6	3	8	3	3	8	8	9	6	2	8
6	8	8	6	5	7	4	9	7	7	4	1	9	4	1	4	4	1	7	8	0	9	8	9	9	2	9	4	5	8	3	1	6	1	9	2	5	5	1	8	1	8	9	3	6	6	9	6	7	3
2	7	7	6	7	4	2	7	5	2	4	1	3	1	3	1	8	5	2	6	5	0	8	6	4	6	7	1	2	9	8	2	6	6	1	2	3	6	3	3	7	9	4	6	5	9	8	1	9	3
3	9	8	8	3	3	4	2	5	3	1	2	3	3	5	3	2	2	3	4	2	1	0	7	6	7	4	7	3	3	6	9	8	6	1	3	7	6	3	5	4	9	9	3	8	6	4	1	1	8
2	8	6	4	2	2	3	6	7	6	3	5	4	9	4	1	8	9	3	5	6	2	8	0	9	9	2	4	1	4	1	1	6	2	3	8	8	8	1	6	9	5	6	2	1	2	7	6	1	1
8	7	1	9	4	2	8	7	7	6	8	9	1	2	4	3	7	3	7	2	9	3	2	5	0	6	6	8	7	4	2	2	1	7	8	6	4	2	1	7	8	2	4	9	3	1	5	9	3	2
8	7	5	4	8	3	4	8	5	9	4	2	9	1	4	5	4	8	9	9	3	2	7	2	9	0	4	1	3	8	3	2	8	4	5	2	4	2	1	8	9	1	9	1	6	5	5	9	1	5
8	9	9	4	4	6	2	9	6	8	7	4	3	4	7	3	4	9	9	8	6	2	4	4	7	2	0	3	8	2	2	9	6	9	8	1	4	2	6	8	9	3	9	3	2	2	7	8	9	8
4	4	7	8	8	6	5	3	1	3	6	9	9	1	4	7	2	8	7	8	8	1	2	6	9	5	3	0	2	3	1	3	7	4	1	4	9	2	8	9	3	5	4	7	9	2	9	6	4	5
7	3	2	2	7	9	9	3	4	6	3	9	2	3	2	1	7	9	1	1	5	3	5	1	2	1	1	6	0	3	7	2	8	6	8	8	5	6	6	9	1	1	5	1	4	3	4	7	5	3
7	6	7	7	7	1	8	1	3	5	1	7	9	8	9	5	3	7	5	4	3	8	9	8	8	8	3	9	1	0	3	1	8	8	8	1	9	1	5	5	6	3	3	9	5	3	1	2	5	1
7	8	1	8	8	3	4	8	9	2	1	2	9	1	6	9	3	8	2	3	5	5	8	2	9	1	4	4	6	6	0	9	5	8	9	7	7	8	1	3	7	2	4	2	8	2	1	2	1	2
7	6	6	3	9	8	5	6	3	7	7	8	7	7	9	9	4	5	7	7	8	6	5	1	4	2	6	8	9	1	8	0	5	4	2	6	3	4	9	5	7	3	8	7	9	1	2	7	5	2
7	5	9	9	5	4	3	2	4	9	9	4	4	2	6	3	2	1	4	4	6	9	9	9	1	4	9	3	7	3	4	7	0	9	3	3	2	3	6	7	9	5	8	3	5	1	9	5	8	4
9	5	6	5	7	6	4	6	4	8	1	3	7	1	1	5	6	6	2	5	3	2	6	2	4	3	3	5	2	8	2	8	6	0	3	9	7	8	6	5	9	5	3	5	4	8	8	1	9	2
4	2	1	7	6	3	6	3	4	3	2	5	6	5	3	7	5	5	3	4	6	3	1	8	8	7	6	7	3	6	6	8	3	7	0	8	1	9	3	3	9	8	6	8	2	7	9	8	9	1
2	4	2	4	2	2	6	7	9	8	2	7	4	8	8	4	6	9	6	5	7	7	6	5	9	2	8	4	4	9	6	6	5	7	3	0	9	9	4	7	4	4	9	2	9	2	7	7	9	7
8	6	4	7	2	4	5	1	7	6	4	6	7	9	7	6	9	8	1	9	8	7	7	8	3	5	5	4	9	2	6	9	1	3	7	2	0	9	8	3	6	4	4	5	4	6	6	6	4	1
6	9	7	3	1	6	7	2	5	2	5	1	3	5	5	4	1	1	8	1	6	6	8	1	3	5	4	4	6	7	3	2	9	6	4	9	8	0	7	9	3	7	8	6	7	4	8	5	9	2
6	5	1	9	6	6	1	1	1	9	6	1	6	4	5	6	4	2	5	1	6	4	4	6	4	2	7	9	3	6	7	9	1	8	7	9	5	3	0	6	9	5	5	9	3	6	4	7	9	5
1	1	4	5	3	6	8	7	2	4	8	9	2	3	6	8	1	4	5	5	4	7	8	5	4	6	1	8	7	6	9	3	2	3	3	7	6	1	7	0	2	5	3	2	1	9	1	7	6	9
9	1	2	3	8	1	5	7	5	5	3	3	9	8	3	1	9	9	2	9	4	1	5	2	7	3	2	7	9	5	2	4	5	1	3	6	4	2	3	6	0	6	6	8	8	1	5	8	7	7
4	7	7	9	2	4	8	4	7	4	7	9	4	4	8	9	7	3	4	2	7	5	1	7	1	9	7	2	3	7	5	5	4	1	5	9	9	7	2	4	4	0	9	7	3	8	9	1	3	7
6	5	1	5	3	7	8	6	3	7	9	2	5	1	6	4	6	2	9	6	1	7	2	5	5	2	3	2	1	4	2	8	3	1	4	8	2	5	5	2	9	5	0	1	6	9	7	9	8	6
7	6	2	8	8	8	4	1	4	6	9	5	3	6	5	4	3	2	7	4	8	7	2	3	3	5	5	8	9	8	6	3	9	2	8	8	9	8	8	7	9	2	5	0	6	8	3	8	6	5
3	4	9	5	8	2	9	8	4	3	3	6	8	5	6	4	5	7	2	2	1	7	3	5	8	3	5	3	8	8	6	4	3	7	1	7	8	8	1	8	3	1	1	2	0	3	3	4	2	1
1	1	7	8	4	6	9	8	8	4	5	1	3	9	4	3	4	8	8	1	4	8	3	5	1	4	1	8	2	2	7	4	9	8	5	1	1	9	2	6	6	7	5	5	5	0	7	6	3	1
8	9	3	3	1	1	9	6	3	6	5	4	5	9	4	6	6	4	9	7	9	3	9	2	9	9	8	8	3	7	8	3	2	3	7	9	7	5	6	8	1	2	8	7	5	4	0	7	3	3
1	3	2	5	5	4	1	5	7	4	3	3	9	3	2	5	6	1	4	1	6	7	2	9	7	1	7	5	1	9	2	8	4	2	8	8	4	3	7	9	2	8	7	8	6	6	9	0	2	1
6	7	9	3	5	9	4	5	3	1	3	9	1	4	3	8	4	3	6	2	6	8	1	9	5	5	3	8	6	8	1	2	8	4	2	6	7	3	8	2	7	7	6	3	9	5	9	8	0	8
2	6	7	9	8	6	2	8	1	1	3	7	2	6	6	8	2	2	8	9	7	7	7	4	7	2	3	1	5	8	6	2	7	2	7	8	5	3	4	2	4	6	6	9	1	9	9	2	8	0
M4
0	6	4	4	4	7	6	6	7	4	6	8	8	5	6	3	2	8	2	3	3	9	4	8	5	8	6	3	2	5	5	7	7	4	6	2	9	6	6	1	3	3	8	9	6	2	7	8	2	4
2	0	2	8	8	6	9	7	7	2	1	4	6	7	9	3	8	5	7	5	1	2	1	5	2	5	3	4	5	2	5	6	3	1	8	7	7	6	7	7	9	4	7	4	9	8	8	4	6	4
6	5	0	9	6	3	5	9	8	9	4	8	6	7	5	8	8	7	8	9	4	5	5	2	5	2	2	9	7	5	8	6	6	6	5	2	2	6	1	2	6	2	9	1	1	3	4	1	5	5
6	6	5	0	2	9	8	8	1	4	4	6	9	1	2	1	7	8	7	1	1	6	5	1	6	5	6	1	4	9	2	3	1	7	1	7	9	8	9	8	6	3	8	2	2	6	9	9	3	8
8	2	3	6	0	4	6	7	4	5	2	9	9	6	3	4	1	6	3	7	4	7	2	9	4	5	3	1	3	9	7	6	2	4	6	1	9	9	5	7	9	4	8	9	7	2	1	7	3	8
7	6	1	1	7	0	9	8	8	5	7	1	3	8	3	2	9	9	1	6	3	6	4	7	4	6	1	7	3	2	6	9	1	3	4	6	5	3	8	3	2	4	7	4	6	7	3	3	5	2
9	1	3	5	4	1	0	4	5	3	6	3	3	8	9	1	2	9	8	8	9	1	1	3	5	1	8	8	6	5	2	7	7	4	8	6	9	8	4	7	6	2	4	1	3	1	1	5	2	2
4	2	8	2	7	6	2	0	3	4	3	9	2	3	9	2	7	8	8	3	7	2	3	2	8	4	7	2	4	1	1	6	7	3	9	5	1	5	2	4	3	1	6	3	7	1	7	6	7	2
2	4	9	1	5	9	6	2	0	9	1	3	6	6	9	5	7	9	2	7	3	4	5	6	3	5	3	9	2	7	7	6	4	9	6	6	3	6	8	3	3	4	3	2	7	1	1	1	4	2
6	3	2	4	3	9	7	4	7	0	5	2	6	4	9	1	2	5	8	5	2	5	4	1	3	1	6	1	5	5	2	9	3	6	4	9	9	8	8	4	8	8	4	6	2	8	9	2	6	5
5	2	5	4	5	7	2	2	5	5	0	8	9	2	6	6	9	4	8	4	8	7	4	7	4	1	1	3	7	2	7	1	5	1	8	3	2	1	8	7	2	2	9	4	4	9	6	8	7	4
8	4	9	2	3	2	1	8	2	9	3	0	6	6	8	2	7	1	2	1	6	2	2	9	6	2	3	5	7	7	8	2	3	1	6	7	6	7	8	8	4	6	1	8	7	2	4	7	3	6
8	4	4	1	9	4	6	2	8	2	1	6	0	6	6	4	4	9	6	3	8	6	6	5	9	8	2	6	6	9	1	4	7	1	3	9	7	8	9	6	7	5	7	3	5	2	4	9	3	9
1	6	8	7	8	4	8	3	8	3	2	3	7	0	3	3	8	7	4	8	1	4	7	9	6	8	8	7	9	2	9	4	8	2	8	2	6	5	2	9	9	2	9	4	3	9	1	6	9	7
2	4	1	5	1	6	8	5	1	3	5	7	8	3	0	4	1	4	6	2	4	4	2	8	4	6	9	7	4	4	7	7	2	3	5	5	5	7	7	7	4	2	6	3	9	1	7	9	8	2
5	7	8	7	9	6	8	3	2	8	6	7	9	8	6	0	2	5	6	4	4	2	1	2	3	3	2	8	6	2	3	4	5	8	6	8	9	2	6	4	8	2	2	7	9	2	9	6	6	4
7	6	8	1	5	3	7	5	3	6	1	5	1	4	3	4	0	8	9	2	4	4	2	3	7	6	5	2	8	1	8	9	9	7	6	8	3	1	2	5	3	3	5	9	3	3	7	8	9	5
6	6	6	7	8	4	5	3	1	7	9	6	6	1	4	6	1	0	7	8	5	1	7	4	9	9	4	4	5	8	9	7	2	7	9	5	2	3	9	7	9	8	8	8	9	2	2	4	8	4
5	9	9	3	4	2	6	6	2	2	9	2	7	2	6	8	7	7	0	7	9	7	8	1	2	6	6	7	7	7	5	2	9	1	4	4	7	6	2	5	2	8	7	5	1	9	7	1	1	8
2	1	7	4	5	3	5	4	7	4	2	2	1	7	4	9	4	1	5	0	2	3	8	5	5	6	6	9	6	4	9	3	3	7	3	5	7	4	6	6	6	1	7	6	8	1	8	1	1	9
2	3	9	3	5	7	3	7	9	7	3	4	2	9	5	2	4	1	2	2	0	4	4	4	4	3	8	9	3	3	1	6	2	2	1	9	7	2	8	6	7	3	6	1	3	7	3	9	3	4
3	5	8	4	7	4	5	1	6	8	4	2	2	1	3	3	3	8	2	6	2	0	9	5	7	4	3	6	3	9	4	1	7	4	1	4	4	7	1	2	8	5	6	7	7	6	7	2	1	6
4	5	1	2	4	7	8	9	1	5	5	5	5	3	4	2	4	7	9	6	5	3	0	7	9	6	5	8	5	5	2	2	2	3	6	7	4	5	4	9	1	6	1	6	8	6	8	8	8	9
2	5	9	6	5	7	5	6	3	5	3	4	3	1	7	3	3	8	6	8	3	9	1	0	8	9	1	6	8	7	5	7	1	2	4	1	8	9	9	3	9	2	1	3	4	8	5	9	7	7
3	6	5	3	1	7	9	8	6	3	9	7	9	7	1	5	4	7	6	2	5	6	5	2	0	2	4	1	9	4	4	5	3	7	5	5	1	5	3	7	8	4	8	4	9	6	3	3	3	7
8	7	5	8	4	3	8	1	2	7	7	5	7	9	8	6	3	1	9	8	9	4	3	8	7	0	2	2	3	9	9	8	8	2	8	3	3	7	2	7	9	8	4	5	8	1	5	1	5	2
7	4	1	9	6	7	7	3	5	5	6	8	2	6	4	9	4	8	3	5	1	8	5	2	8	5	0	3	9	6	5	5	8	4	6	1	3	4	9	2	5	6	9	5	4	2	6	7	3	4
9	2	3	7	5	8	5	4	8	2	2	7	2	6	7	6	3	2	9	3	2	5	7	1	4	7	4	0	1	8	1	7	6	6	9	8	1	2	2	2	4	9	5	1	1	3	8	4	8	6
1	7	3	7	7	2	6	9	4	2	8	9	5	7	6	7	9	6	6	5	4	7	3	1	6	3	9	6	0	8	8	2	5	4	4	9	2	7	8	1	6	4	3	6	1	7	9	4	3	1
9	2	7	2	7	1	4	8	1	6	5	9	9	4	8	2	4	1	6	9	8	7	5	1	7	2	6	6	1	0	9	3	1	4	4	8	2	9	5	3	5	7	3	5	7	9	8	7	1	5
1	9	2	6	7	6	4	1	6	5	5	3	8	7	9	9	8	6	8	3	9	1	3	2	1	4	3	1	8	2	0	2	8	7	9	4	6	8	9	8	9	6	3	8	4	3	6	6	6	9
9	2	9	7	1	6	5	9	2	7	6	2	1	3	7	4	1	2	4	7	7	7	5	2	5	8	7	3	2	3	6	0	4	6	6	9	5	7	3	5	1	4	6	2	4	7	8	5	6	3
1	9	2	1	4	5	8	4	4	7	5	2	8	6	4	3	7	7	1	3	8	3	5	5	8	5	9	8	7	1	7	9	0	3	8	6	1	5	8	5	8	3	8	5	9	8	5	7	4	5
6	3	3	2	1	1	4	8	4	7	9	5	4	3	5	1	4	2	8	5	8	8	7	4	7	2	3	3	8	3	9	2	4	0	5	9	2	7	7	2	9	7	4	7	3	4	4	8	2	6
5	6	2	2	5	6	9	2	4	5	8	2	6	9	4	7	1	8	8	4	3	4	3	7	4	5	6	7	6	7	7	1	4	5	0	2	2	9	6	4	1	6	7	6	9	9	9	2	6	6
3	2	8	7	6	8	5	8	3	7	1	8	7	9	9	7	7	5	3	7	9	8	4	1	1	6	5	6	5	8	8	9	8	3	8	0	5	7	3	5	5	5	6	8	5	3	7	1	7	4
9	4	5	3	3	5	7	4	9	9	5	7	8	9	1	8	5	8	6	1	5	4	9	8	6	6	6	2	9	9	7	9	5	8	5	4	0	4	7	2	4	7	5	1	7	2	1	2	8	8
7	6	9	7	6	3	8	7	5	4	6	9	7	3	4	2	3	3	4	1	5	6	8	4	1	9	9	2	6	8	4	8	4	1	2	4	1	0	5	5	5	7	7	8	4	3	3	2	3	9
1	6	4	5	1	1	2	6	6	2	4	2	5	9	9	6	6	8	5	7	2	2	9	5	8	6	4	8	5	4	9	2	2	7	9	4	4	2	0	6	8	7	4	7	6	2	9	6	2	8
9	1	7	6	9	1	6	4	7	3	7	4	4	4	9	9	6	6	2	9	7	9	4	5	9	4	7	7	2	4	5	1	4	8	2	9	2	8	1	0	6	4	7	4	1	6	1	5	5	5
5	9	8	5	1	8	5	4	1	6	4	9	1	2	9	6	5	5	7	9	4	4	1	9	6	3	3	2	5	4	1	6	4	7	8	1	5	7	8	4	0	7	3	7	9	3	4	6	9	3
2	5	7	1	5	8	2	3	4	8	5	2	8	7	9	6	1	5	5	1	2	1	2	4	3	4	7	8	6	6	5	6	9	4	5	8	8	4	1	5	4	0	7	9	6	2	5	2	9	2
2	4	4	6	1	9	7	8	1	8	7	7	2	1	5	5	2	9	4	6	7	7	2	4	9	7	6	2	5	8	3	9	7	7	6	1	5	4	7	6	9	1	0	9	1	5	3	8	8	5
1	9	4	3	7	6	4	2	5	8	2	6	9	9	9	7	1	5	5	1	4	4	3	3	9	4	2	8	5	5	9	4	4	2	3	9	7	5	1	8	5	3	8	0	8	8	8	1	6	5
4	8	3	9	5	9	4	2	4	3	4	8	8	2	1	1	5	4	1	8	6	4	8	1	8	9	1	1	5	5	3	6	1	9	8	7	8	2	1	3	1	6	1	3	0	5	8	1	7	8
7	3	3	5	3	1	7	4	1	1	2	7	3	7	5	1	5	1	1	5	6	2	2	7	2	2	5	5	3	6	4	6	1	1	7	6	2	8	9	1	9	6	5	7	7	0	2	9	3	8
6	2	2	1	7	3	7	2	5	8	9	4	8	8	9	2	8	8	9	2	6	1	2	6	5	2	7	3	8	9	5	7	6	1	6	4	9	6	5	2	2	5	7	7	6	1	0	5	8	9
7	7	1	8	7	7	9	3	9	8	6	6	2	9	3	8	3	2	8	4	6	6	2	1	5	6	3	3	9	5	5	8	7	7	3	5	2	2	6	8	4	9	5	2	8	2	9	0	2	6
2	3	7	3	7	6	1	6	1	2	1	5	8	6	7	5	6	8	6	2	9	1	6	1	8	7	5	7	7	6	3	9	5	5	7	3	4	3	9	3	4	5	7	4	7	5	9	9	0	8
3	3	1	4	9	2	8	7	3	8	9	5	5	1	5	4	6	6	3	4	4	5	8	9	7	9	1	3	3	6	2	9	1	1	5	1	6	1	8	3	5	6	2	9	4	1	9	3	5	0
M5
0	5	2	6	4	5	2	7	2	9	1	1	3	9	6	8	1	5	9	7	4	7	5	6	4	4	8	1	2	9	1	2	8	1	8	1	4	6	2	4	5	7	7	1	4	9	8	7	8	5
9	0	9	2	6	5	6	7	3	5	7	5	3	7	9	5	9	9	5	6	4	4	8	6	8	7	1	4	8	9	3	7	1	2	6	3	9	8	2	8	8	5	2	9	6	5	3	6	9	5
2	9	0	5	1	5	3	8	5	4	2	5	9	3	6	5	2	6	5	2	5	1	5	7	6	9	1	4	8	9	4	3	2	3	4	5	5	6	5	8	7	7	4	1	5	1	9	2	6	7
8	5	3	0	7	7	1	3	7	2	3	5	1	9	1	9	9	5	9	3	5	6	4	7	7	6	2	3	1	8	7	1	1	8	2	6	5	3	7	2	4	4	4	8	2	2	1	7	4	3
2	3	1	7	0	2	3	4	3	1	2	3	1	1	2	7	3	4	8	4	5	3	6	5	1	3	1	9	3	7	4	2	9	5	7	1	6	4	8	2	7	2	6	8	2	3	6	9	4	3
8	6	5	2	5	0	2	1	2	8	6	2	2	8	7	2	5	8	3	6	8	3	3	2	6	1	4	3	5	1	8	8	8	6	8	9	3	3	1	5	3	2	6	8	4	9	5	1	4	5
1	5	2	8	5	7	0	9	4	7	9	4	2	8	6	2	5	7	2	3	7	5	1	8	2	7	2	6	8	3	2	4	5	8	3	6	5	2	5	9	5	9	6	5	7	4	3	4	8	7
9	6	2	5	5	2	3	0	9	4	6	3	6	4	8	1	6	8	3	7	1	3	2	8	8	3	6	4	8	5	2	8	2	2	5	7	3	3	1	3	9	1	8	4	3	8	7	7	4	5
9	3	9	8	3	9	9	6	0	9	9	8	6	6	3	2	8	6	7	9	2	9	1	3	2	5	1	2	2	3	2	1	5	8	7	6	9	8	7	7	8	7	1	1	1	5	7	7	1	4
2	2	3	6	9	2	7	4	4	0	3	5	5	3	1	2	1	9	7	3	3	4	5	8	4	6	2	9	6	7	5	1	3	4	1	1	2	4	9	2	2	4	5	3	6	6	9	3	6	4
7	1	9	2	2	3	6	3	1	6	0	7	2	2	2	1	4	4	5	4	2	4	6	2	1	1	4	4	3	9	5	9	2	2	8	6	7	8	4	4	1	4	8	5	3	2	2	4	7	5
8	3	4	7	9	1	5	1	8	7	6	0	2	6	2	7	5	7	3	2	2	8	7	5	4	7	7	4	8	5	5	5	3	9	6	3	1	5	1	7	6	3	7	2	5	8	4	9	7	9
4	4	8	3	9	6	9	9	8	3	1	3	0	5	1	3	5	4	4	4	3	1	9	3	9	2	5	8	1	2	5	4	5	2	2	9	6	5	2	2	3	6	8	9	2	3	4	5	5	9
7	7	1	5	2	3	8	7	2	6	7	8	5	0	5	3	1	1	2	9	2	1	3	1	4	3	2	5	9	3	6	4	4	2	4	2	9	5	3	1	3	2	3	3	3	4	8	2	8	1
2	4	7	2	6	2	6	3	3	4	9	7	8	7	0	1	3	2	6	1	1	6	6	4	3	2	2	5	2	6	7	9	4	1	1	4	4	4	6	9	4	7	4	9	2	1	8	7	5	1
8	9	2	1	1	8	3	2	3	8	6	7	7	3	6	0	4	8	4	6	1	9	6	7	7	8	5	8	5	1	9	9	4	3	6	8	3	4	2	6	3	4	4	7	5	6	1	5	9	7
3	8	2	9	9	4	3	5	8	4	3	6	2	6	1	7	0	5	3	1	9	9	3	3	5	1	2	9	6	1	2	7	9	7	8	3	9	2	3	5	3	1	8	8	5	8	1	8	8	3
7	4	5	6	3	6	6	4	1	7	2	4	7	4	9	7	7	0	1	7	6	9	8	1	7	8	3	7	4	8	3	7	5	4	1	9	8	3	7	3	5	1	9	3	7	1	5	1	4	5
3	2	5	6	9	8	2	6	4	1	3	1	1	2	3	4	2	1	0	8	8	8	6	6	4	4	1	3	7	3	2	9	9	7	8	9	4	2	1	4	8	3	3	7	8	2	6	6	2	8
6	1	2	9	4	3	6	3	5	4	9	1	8	9	3	3	6	9	3	0	7	8	3	7	1	1	9	7	8	3	2	8	2	9	8	3	9	3	7	1	6	3	2	2	7	2	3	5	9	6
7	7	6	9	4	9	9	9	4	5	8	7	3	7	5	6	5	8	5	1	0	2	4	7	3	2	1	4	1	6	5	7	6	2	3	8	9	6	7	1	3	9	1	3	6	9	2	2	8	2
5	1	7	4	8	8	9	2	3	3	8	3	4	7	5	3	1	9	6	1	8	0	8	3	1	8	3	6	9	4	5	1	1	4	2	4	8	3	4	9	5	3	3	6	6	3	3	7	8	1
4	8	2	6	6	3	5	4	6	7	5	7	2	1	3	7	8	3	6	7	7	6	0	1	4	4	3	1	2	5	1	9	7	6	8	3	6	1	4	6	5	3	9	1	6	5	1	9	3	1
8	7	2	5	1	1	3	1	1	4	3	9	7	3	8	8	7	4	3	5	4	2	2	0	6	5	3	3	4	8	3	7	8	7	6	8	2	7	2	9	1	9	5	6	8	4	5	4	9	8
1	4	8	4	2	9	2	8	9	2	5	3	9	3	7	4	7	5	6	4	7	6	3	7	0	7	4	8	8	6	5	8	8	8	3	5	9	5	2	9	2	8	6	5	8	2	1	2	8	8
5	4	3	3	8	3	6	2	7	6	5	1	8	2	3	8	7	6	7	2	1	2	3	5	1	0	5	4	7	2	5	9	9	7	6	1	8	3	7	5	6	7	6	2	6	9	3	8	7	2
7	4	7	5	6	9	1	9	3	1	5	9	9	8	2	6	9	5	1	1	6	1	7	6	8	9	0	7	2	6	6	9	4	1	3	2	1	2	1	3	6	9	4	3	1	5	7	7	8	5
2	8	5	3	5	5	6	9	4	9	5	4	6	9	7	5	7	9	3	2	5	9	6	6	5	8	6	0	7	1	4	9	3	7	5	2	5	6	9	8	8	5	8	8	4	9	4	3	4	9
1	3	2	6	1	4	5	6	8	6	6	4	7	7	6	4	2	8	4	9	6	5	6	4	9	6	5	2	0	1	3	6	1	8	2	1	7	9	5	8	5	1	6	3	3	9	7	5	6	2
5	1	6	1	9	3	9	4	3	3	5	2	7	7	9	9	4	2	2	8	2	1	5	1	3	3	6	8	8	0	5	5	1	7	4	4	1	4	1	2	7	9	3	8	7	1	8	6	9	7
1	6	4	2	5	8	5	7	5	3	2	5	7	2	3	1	3	7	5	2	1	6	2	5	7	7	5	3	5	7	0	3	3	7	9	6	9	7	7	7	1	1	4	2	6	9	5	6	4	1
7	6	4	6	1	1	6	7	2	8	8	2	1	4	2	3	7	4	1	4	4	4	1	6	3	8	7	4	4	9	8	0	5	9	7	5	1	8	5	6	2	2	9	6	6	1	7	1	5	4
9	1	9	5	7	2	9	1	9	9	1	7	2	8	6	8	5	7	9	5	6	7	9	1	6	3	2	3	4	6	1	6	0	8	5	4	2	4	8	2	5	9	6	3	9	2	2	5	4	8
5	8	3	7	9	6	1	4	7	9	9	9	2	4	2	6	9	5	9	6	9	8	2	9	8	1	6	5	6	1	2	5	1	0	2	6	7	8	4	6	5	6	4	4	5	7	1	1	2	1
1	6	5	5	8	8	8	2	2	3	2	6	2	5	8	9	8	1	6	1	8	4	8	9	7	5	3	2	8	3	5	4	1	6	0	6	2	3	5	9	6	6	1	5	4	1	3	2	3	5
2	5	7	7	1	1	3	7	6	4	2	9	3	9	6	6	4	9	2	7	1	8	8	3	3	5	9	4	1	2	6	9	3	2	8	0	2	7	6	7	6	4	1	9	9	1	8	5	9	2
7	6	7	9	2	8	5	1	5	2	3	9	6	4	2	6	7	2	8	2	4	8	2	6	1	9	8	5	9	5	1	4	9	6	8	4	0	7	4	1	3	1	4	8	8	5	9	3	4	7
4	3	7	2	7	2	1	8	8	7	1	2	5	5	8	8	6	2	8	7	4	7	9	7	2	8	2	1	7	2	5	1	6	9	6	5	1	0	3	3	9	4	2	5	4	1	4	7	3	2
8	1	5	6	3	6	9	2	1	1	6	3	2	1	5	1	9	4	4	1	4	7	5	1	9	8	9	9	3	6	3	4	6	7	5	3	6	2	0	1	6	8	3	9	9	3	7	8	5	4
5	8	3	6	7	3	1	3	2	4	8	7	6	8	4	3	8	4	9	7	1	4	9	8	3	8	4	1	3	5	5	2	8	3	9	6	5	3	2	0	8	5	4	6	4	2	7	8	4	5
2	7	7	6	3	5	9	9	3	9	8	2	2	5	9	3	2	7	9	3	1	5	3	4	7	8	8	9	7	2	4	7	9	5	7	3	1	4	5	9	0	5	2	1	2	4	6	2	7	3
8	4	9	5	3	8	2	5	5	8	2	8	7	3	9	1	5	8	2	7	7	9	7	8	6	3	4	7	6	4	4	3	1	4	5	1	9	1	7	1	3	0	2	5	5	5	2	6	8	3
6	6	6	7	2	2	2	8	1	3	6	3	6	5	7	5	3	7	7	4	7	5	8	9	9	7	6	3	9	4	3	2	1	4	7	3	6	9	1	5	2	7	0	5	1	9	7	5	1	5
3	7	5	9	7	6	4	1	3	6	7	2	1	1	1	1	4	3	3	7	2	7	1	4	2	6	2	3	4	5	9	4	8	8	8	3	2	2	4	6	1	4	9	0	5	5	5	1	7	5
1	8	5	7	4	1	6	2	4	5	1	4	3	1	8	7	5	8	6	3	7	9	7	9	2	2	2	7	8	9	1	4	3	5	9	2	5	3	8	8	1	7	1	4	0	7	5	1	4	2
4	8	2	4	7	5	6	6	3	4	9	7	2	3	5	6	1	8	6	6	3	8	7	8	4	5	6	1	3	1	2	1	6	7	5	8	8	5	8	2	9	2	5	7	6	0	7	4	2	4
1	9	6	6	9	6	9	7	4	2	7	6	6	1	8	9	9	7	6	9	9	2	3	4	3	8	9	4	7	4	5	8	6	5	6	1	3	7	4	8	9	2	9	4	6	2	0	5	9	5
7	8	2	4	1	2	8	4	5	4	5	5	6	7	8	3	5	9	3	1	7	5	5	8	2	8	9	8	5	6	5	1	3	5	3	3	7	2	3	8	3	6	3	9	4	4	3	0	8	5
9	9	6	7	1	2	7	7	1	3	6	6	1	9	3	6	8	4	3	6	7	3	2	1	9	7	2	5	2	3	4	9	3	7	4	1	2	2	1	6	1	6	7	5	3	6	3	7	0	5
4	1	6	7	4	3	9	3	1	3	1	7	1	5	7	8	4	8	5	7	7	2	5	9	9	7	7	2	2	5	1	3	2	5	9	7	8	4	9	4	3	6	7	7	3	2	7	7	6	0
M6
0	6	4	6	5	3	5	4	8	6	6	1	8	7	8	8	8	4	3	5	5	9	5	7	9	3	3	6	8	4	9	3	3	2	2	8	3	1	7	1	9	9	6	7	5	1	1	5	4	6
6	0	4	2	9	9	4	8	9	2	9	7	8	4	8	9	4	9	9	3	5	4	1	1	9	1	3	9	8	1	5	8	2	5	2	4	5	1	3	5	8	9	1	4	3	7	2	6	1	2
9	8	0	3	1	4	8	3	1	5	9	9	1	5	2	3	6	1	5	1	4	7	9	7	9	6	6	7	2	1	1	1	4	3	7	6	1	7	1	4	7	6	3	5	7	1	6	9	2	9
4	7	8	0	1	6	9	4	7	2	9	4	7	9	3	8	9	6	8	3	3	5	2	8	1	5	7	6	3	1	6	9	5	9	3	4	3	5	5	5	9	3	5	9	4	3	8	1	2	1
2	4	2	8	0	1	4	8	2	4	7	2	6	4	7	8	7	6	4	8	3	8	3	3	4	8	9	6	7	7	1	8	2	4	5	1	9	1	1	6	1	7	7	3	5	8	1	6	2	4
8	3	8	3	6	0	1	3	1	3	9	3	2	2	4	9	3	6	4	6	1	5	3	3	9	9	8	7	4	6	6	3	7	4	5	8	3	3	4	9	3	2	5	8	6	1	2	1	5	9
3	7	1	2	1	2	0	8	4	9	6	6	6	5	9	2	6	2	3	2	9	7	5	6	8	2	2	2	8	7	2	3	1	6	9	1	4	1	4	4	6	3	1	1	6	9	8	6	1	9
8	8	4	6	6	3	8	0	4	3	4	1	4	5	1	4	9	4	3	6	4	8	2	9	2	3	5	5	5	3	1	7	8	5	7	9	5	9	3	5	7	2	7	5	4	9	7	6	6	6
6	8	9	6	6	3	8	6	0	8	6	8	6	1	5	8	1	7	9	2	7	7	9	7	6	7	5	3	5	2	6	4	7	8	3	9	3	9	2	1	3	7	7	4	5	4	6	3	6	5
8	7	1	1	6	3	6	2	8	0	2	6	3	2	9	5	9	8	8	5	5	7	4	3	3	1	7	9	3	3	5	6	3	6	7	6	8	7	7	2	8	4	1	7	4	6	7	1	6	4
9	3	9	8	9	9	5	8	1	3	0	9	9	5	5	6	3	5	3	5	4	3	3	3	7	4	8	1	1	8	9	1	6	8	7	3	8	7	5	5	2	9	6	5	3	9	8	8	9	4
2	3	9	5	9	6	7	2	8	3	8	0	9	5	3	2	5	3	8	9	3	3	3	4	7	2	7	7	3	8	1	3	5	6	9	6	9	2	7	5	3	3	3	5	5	4	6	5	3	9
3	9	2	5	4	1	5	5	3	3	4	3	0	5	2	3	2	6	2	7	9	7	8	9	7	8	7	7	8	2	3	3	5	6	1	1	5	9	3	6	3	9	9	1	3	3	1	5	8	7
2	9	5	6	6	9	3	7	3	5	6	4	5	0	8	5	3	5	1	5	5	5	3	8	7	7	9	6	1	5	7	9	9	6	9	7	8	3	4	7	3	3	4	9	5	5	8	2	8	7
3	9	5	5	5	1	1	1	2	6	1	8	6	6	0	4	3	3	7	4	6	9	9	9	5	7	7	2	3	4	6	3	2	3	1	4	7	5	9	7	2	4	1	1	4	5	8	5	6	6
6	8	8	6	4	8	4	4	9	8	9	5	8	8	7	0	4	3	1	7	4	9	7	7	5	3	4	4	2	4	9	4	8	5	5	5	9	2	1	3	1	7	4	3	1	1	4	1	6	9
2	4	9	5	7	3	6	9	8	8	6	5	8	5	4	5	0	1	6	9	3	3	6	2	2	3	1	9	1	6	3	8	4	4	3	2	7	2	8	7	5	2	6	6	8	6	2	3	8	9
5	9	6	3	1	9	3	5	9	3	7	1	4	3	2	7	2	0	2	5	3	2	6	7	4	7	2	1	7	3	3	6	8	9	8	5	6	4	9	3	7	4	4	1	2	7	4	5	2	3
6	4	4	5	6	1	2	7	8	3	5	5	2	1	6	1	2	4	0	4	5	8	2	2	8	5	7	1	6	8	1	6	1	3	1	3	1	8	3	7	3	6	7	2	9	7	2	1	4	4
3	8	6	7	2	6	7	9	1	8	7	4	1	4	6	1	4	9	2	0	1	8	8	1	9	9	5	6	3	4	1	9	1	9	9	7	5	3	5	2	7	4	3	5	9	1	5	4	6	6
8	5	8	6	9	2	7	7	4	8	2	9	5	8	5	1	4	3	9	8	0	6	3	2	6	2	1	8	5	3	9	5	2	5	5	3	9	2	3	2	3	3	8	9	8	7	9	3	8	1
8	2	8	6	1	2	4	9	9	6	9	2	6	6	8	3	2	4	1	9	3	0	3	9	9	4	4	5	6	2	6	6	2	8	3	7	6	3	8	4	1	8	6	9	5	7	3	6	2	4
8	1	4	3	2	4	2	9	4	2	4	3	9	1	9	3	1	5	2	9	1	6	0	5	4	8	9	8	4	1	6	3	2	8	2	3	4	6	4	5	6	3	2	5	9	4	8	7	8	7
6	6	5	8	4	5	4	4	5	8	9	6	6	2	8	5	7	9	4	7	1	5	9	0	4	7	4	5	2	4	4	7	6	9	7	6	1	3	6	2	4	2	9	9	2	2	5	8	4	8
2	9	1	1	2	3	3	2	3	5	5	1	5	2	4	1	1	6	6	9	8	5	3	5	0	2	6	2	6	8	5	2	8	4	8	8	8	8	8	7	8	8	2	4	5	9	3	7	2	5
9	1	6	3	1	7	2	2	4	9	9	3	5	7	9	7	4	4	5	2	9	8	1	6	8	0	1	7	8	7	7	5	6	8	4	6	6	9	6	6	8	2	9	1	9	8	1	7	8	3
8	2	2	1	7	3	4	4	5	9	7	1	4	3	5	3	2	5	7	1	9	7	3	3	2	5	0	8	2	7	1	7	7	6	5	1	1	7	8	8	9	6	5	5	1	4	2	1	4	2
1	7	8	9	8	4	3	9	7	6	7	8	6	3	8	4	9	5	5	5	1	8	2	3	5	1	5	0	1	1	4	1	8	6	3	5	2	8	5	3	5	8	8	7	4	5	8	7	7	8
5	5	9	5	4	2	5	5	2	6	4	6	5	1	9	4	3	6	2	3	6	7	8	7	9	4	1	4	0	3	4	3	3	3	8	9	4	4	2	2	3	4	4	1	1	8	9	6	1	7
6	8	8	2	5	9	2	1	4	1	3	2	8	3	8	6	2	7	4	1	9	8	9	2	3	7	8	4	5	0	8	7	4	7	3	3	5	7	1	4	4	3	7	8	5	6	5	4	3	4
7	7	4	8	4	6	6	6	4	3	8	1	5	5	1	4	7	3	1	2	9	8	7	8	6	3	1	5	9	9	0	5	4	6	1	7	3	5	3	8	2	9	9	4	9	4	7	8	2	7
6	4	7	6	3	7	9	2	3	9	9	4	9	2	6	3	7	3	3	8	3	7	5	9	1	7	4	4	3	4	8	0	8	8	1	8	8	5	1	7	6	9	9	6	7	8	9	9	5	4
6	2	9	2	9	5	7	3	3	7	3	2	4	9	9	1	7	2	6	1	9	4	7	1	6	5	5	6	2	1	7	5	0	9	7	4	9	1	3	2	8	8	7	9	5	2	9	3	7	2
2	5	2	7	2	3	7	7	1	7	5	4	4	3	5	2	9	6	6	4	1	9	4	2	4	7	9	1	6	9	8	3	2	0	5	8	3	6	4	8	1	4	7	7	7	7	8	2	6	5
3	8	2	9	5	4	1	5	6	2	1	4	5	1	9	2	1	9	6	4	9	5	5	3	4	1	2	8	3	8	2	2	6	9	0	3	5	8	3	4	8	8	4	3	6	6	3	2	6	9
9	3	2	8	6	9	8	1	4	3	8	5	2	5	4	1	2	7	3	7	6	4	8	3	7	2	9	3	4	1	2	6	3	7	8	0	4	4	5	8	5	1	2	7	8	7	5	6	8	6
1	9	7	1	7	2	1	9	5	8	4	2	6	1	7	9	5	6	6	6	2	8	8	4	1	8	8	3	2	2	4	8	8	5	9	9	0	9	9	1	8	5	5	5	6	3	7	8	7	6
4	3	6	3	4	8	2	3	4	1	3	4	5	7	3	4	8	4	1	9	6	3	5	6	5	8	4	2	1	3	5	1	8	9	2	9	9	0	6	4	8	3	3	4	5	3	2	4	8	1
5	7	3	3	4	4	6	4	4	6	7	5	4	5	6	1	7	7	7	9	7	3	1	8	6	4	4	9	8	1	2	6	7	8	2	9	5	1	0	7	9	8	1	5	5	7	8	1	9	7
1	7	6	3	4	3	1	4	8	5	1	8	1	3	7	8	8	2	6	9	5	3	9	4	7	1	5	5	4	8	1	3	6	7	9	6	6	5	9	0	1	4	2	6	1	9	6	2	8	4
7	1	8	8	1	7	4	5	8	6	9	1	2	5	8	3	2	1	8	9	8	6	2	9	7	2	6	2	8	5	9	2	6	8	5	5	3	1	3	5	0	6	9	3	2	2	1	4	3	8
8	2	7	8	2	6	1	7	4	4	7	2	6	3	8	3	8	8	3	3	7	8	5	3	6	7	8	9	9	6	7	2	1	5	5	5	2	6	6	6	5	0	4	4	7	5	6	9	8	3
3	1	9	7	1	6	5	4	3	3	2	6	9	1	4	5	2	3	7	9	4	2	2	2	4	9	4	3	6	5	8	7	4	2	2	9	8	9	4	3	2	1	0	5	4	5	2	1	5	9
9	3	4	3	6	9	4	1	6	1	2	3	8	3	4	5	2	6	1	7	3	8	7	4	6	3	8	1	5	4	8	1	1	9	1	2	7	9	5	4	6	3	7	0	7	9	3	4	4	6
8	1	2	8	9	4	8	5	9	7	2	1	1	6	1	3	7	3	7	4	9	2	9	8	5	3	6	4	8	7	9	8	1	7	8	7	9	7	5	6	4	1	1	4	0	7	2	2	5	3
7	3	2	9	7	4	1	9	7	1	2	1	5	1	9	6	4	8	8	1	2	3	7	7	6	7	5	1	6	8	9	4	1	9	2	8	6	3	5	7	8	2	7	4	5	0	5	5	2	3
2	4	6	7	9	4	7	7	7	9	7	1	2	9	2	2	2	1	9	8	4	6	8	5	7	2	8	4	9	4	9	9	3	4	9	9	5	1	8	6	4	6	8	4	5	3	0	2	1	8
8	4	6	1	2	9	9	2	1	2	8	2	8	3	8	6	1	6	4	4	8	5	6	7	2	1	4	9	1	1	9	8	3	3	7	8	1	6	3	5	4	5	3	7	1	8	8	0	1	5
1	3	5	5	9	5	6	8	6	7	7	4	2	9	1	3	2	4	2	7	4	1	8	9	7	2	4	7	6	6	5	8	2	2	5	7	3	8	3	9	4	9	8	9	8	8	1	8	0	4
9	3	4	3	7	4	5	1	8	6	7	2	3	9	3	4	2	8	9	5	5	1	7	8	7	4	3	8	7	2	7	5	4	7	2	5	1	7	9	7	4	8	2	1	1	1	1	6	4	0
M7
0	3	4	1	6	7	8	9	3	2	6	3	8	2	1	1	9	6	9	8	7	5	4	1	8	6	7	4	2	2	2	7	7	2	8	8	2	8	5	3	9	4	2	7	6	9	7	6	3	3
1	0	2	7	6	3	3	3	4	8	5	9	1	1	6	2	1	1	9	4	6	2	9	8	6	6	8	4	7	6	1	4	9	1	8	2	3	1	9	4	4	5	2	2	8	8	4	3	3	5
7	8	0	2	1	7	1	1	7	8	9	7	8	1	9	6	9	4	3	7	2	5	1	1	1	2	3	6	8	2	9	4	5	2	1	9	9	8	4	3	6	9	9	5	3	7	6	5	5	8
5	5	9	0	7	9	6	9	1	4	7	2	1	5	5	9	2	7	4	1	4	8	2	7	2	4	7	2	8	7	6	5	4	3	1	9	1	4	4	9	5	3	8	2	3	5	9	6	4	6
7	9	6	1	0	2	6	4	3	4	3	5	8	9	3	9	3	8	6	4	9	3	1	4	3	6	3	3	2	1	2	4	7	5	1	7	5	3	3	2	9	7	8	8	1	5	1	9	4	5
6	5	8	8	6	0	1	4	1	6	5	9	9	6	5	3	3	9	3	9	8	8	2	5	8	8	2	6	2	7	1	4	6	1	4	3	7	1	3	4	5	6	3	6	7	3	9	4	3	9
4	5	6	7	5	7	0	5	4	6	5	8	8	6	5	6	8	9	5	4	3	9	5	2	5	4	5	6	9	6	5	4	9	1	7	8	6	6	1	3	6	6	7	2	1	8	9	3	3	4
2	4	5	5	7	7	7	0	3	2	5	1	4	3	1	1	4	5	4	6	1	3	3	5	5	1	2	6	5	9	5	2	6	4	1	8	4	5	1	7	8	6	4	2	9	3	7	3	5	2
3	8	1	3	5	4	9	3	0	4	3	7	2	5	8	2	9	1	1	7	2	1	7	8	3	3	3	8	4	3	8	8	4	3	7	9	2	5	2	6	9	6	1	9	2	4	9	1	3	4
9	7	6	9	3	1	1	1	3	0	3	5	5	5	6	3	3	3	4	9	6	3	9	6	4	3	8	7	2	2	8	1	7	7	1	3	1	6	6	1	7	8	5	7	7	8	3	4	1	3
5	3	6	6	7	6	4	3	5	7	0	1	1	8	7	9	8	7	4	2	4	4	8	8	4	4	4	1	5	2	4	4	2	6	4	6	6	9	3	1	3	3	4	4	2	8	5	6	9	9
6	1	8	6	5	3	2	8	8	3	1	0	3	8	7	5	5	9	7	3	5	7	9	8	9	7	1	3	2	6	6	9	3	5	6	6	5	3	8	1	4	6	9	3	7	1	1	1	1	6
3	1	3	1	4	7	4	3	7	1	8	3	0	3	2	7	1	2	1	3	9	1	7	5	3	3	6	7	3	6	9	6	5	8	9	3	2	9	2	3	4	6	1	2	4	4	9	6	9	2
8	4	8	6	8	6	7	2	1	7	9	4	5	0	1	4	3	3	8	2	8	4	9	7	8	1	5	7	4	1	4	6	2	3	1	2	1	4	6	9	2	1	9	9	4	5	2	6	5	5
1	3	4	2	7	2	9	8	4	3	8	5	2	1	0	9	9	1	2	9	6	6	9	7	6	1	2	5	6	5	4	6	6	3	7	9	2	7	4	5	9	2	6	9	7	1	8	7	4	8
1	8	2	4	1	8	1	3	7	8	2	5	3	2	1	0	8	5	6	9	9	6	6	4	6	3	5	1	6	2	6	3	9	5	9	6	4	5	1	5	6	2	9	5	3	7	6	3	3	4
5	5	1	1	1	6	1	6	4	4	9	2	9	1	4	6	0	9	3	2	9	9	5	4	2	9	4	2	6	8	4	1	4	9	8	7	8	4	6	6	2	3	7	1	2	6	4	8	9	8
3	9	9	7	1	8	2	3	7	8	6	7	8	7	9	7	7	0	3	7	9	1	8	9	1	5	6	6	3	8	2	3	3	4	8	3	1	6	4	8	1	6	2	1	6	9	2	9	1	5
1	1	4	8	9	3	2	4	5	1	1	9	4	9	3	3	6	8	0	6	4	2	3	5	8	6	7	8	1	9	6	9	6	2	8	6	6	5	9	7	1	9	2	3	6	7	7	1	3	2
9	5	8	2	7	7	8	6	3	9	7	1	4	2	8	3	7	9	5	0	8	9	8	7	4	9	2	2	1	4	8	5	1	5	7	1	6	3	8	8	3	8	7	3	4	5	6	1	4	8
3	1	9	1	4	8	9	3	6	5	7	7	6	9	7	1	1	7	4	9	0	8	9	8	3	4	1	8	2	3	8	9	4	4	5	3	1	6	9	6	4	4	2	9	3	6	2	2	1	6
9	1	6	7	9	9	1	9	7	6	3	8	5	3	7	8	3	7	4	3	2	0	1	5	5	1	2	5	8	6	6	1	6	4	7	9	3	4	5	2	9	4	9	9	9	9	7	3	7	6
1	5	6	5	9	2	4	6	8	8	1	6	9	9	8	2	8	7	8	5	8	5	0	8	8	8	8	4	2	3	6	9	3	3	8	1	6	7	8	3	7	5	4	3	1	8	6	6	9	9
5	6	7	5	4	6	4	7	7	8	7	8	4	1	3	5	5	7	1	7	3	1	2	0	7	5	5	6	8	2	1	9	6	5	1	5	4	8	3	7	1	1	8	9	1	6	2	5	7	8
3	8	8	2	5	6	2	1	4	8	3	6	3	8	4	3	3	7	9	6	9	1	3	6	0	1	1	4	3	4	9	1	6	5	4	3	8	7	9	6	2	8	9	4	5	7	9	1	9	6
6	5	9	2	3	8	4	8	8	4	5	5	5	9	9	9	1	5	1	1	8	9	4	5	2	0	2	2	6	8	4	6	2	5	2	7	6	6	5	1	6	9	1	6	6	3	5	5	5	6
3	5	8	2	9	7	1	9	5	4	9	8	3	3	9	2	2	7	9	8	8	5	9	9	6	1	0	9	2	5	1	5	3	9	2	9	7	8	5	2	2	9	7	4	6	6	8	2	4	9
1	3	5	7	8	2	9	6	4	3	4	9	2	7	3	8	8	1	4	5	5	4	9	2	3	4	7	0	6	1	7	6	6	6	9	2	1	9	6	9	9	4	1	7	8	3	4	2	8	2
4	9	1	8	4	5	5	9	9	6	2	7	8	1	2	8	3	4	7	9	4	6	1	8	6	5	5	7	0	2	9	9	1	3	4	9	9	5	7	9	9	9	9	6	2	1	5	3	1	9
9	7	1	9	4	3	7	6	5	9	8	2	5	8	2	3	5	3	9	3	1	6	6	8	3	1	1	5	2	0	7	9	9	4	3	4	3	6	7	3	7	1	7	8	2	4	3	2	8	2
6	9	2	9	3	4	7	1	1	6	8	1	9	9	2	4	3	1	5	4	4	7	3	1	8	5	1	3	3	7	0	2	4	2	6	4	6	5	9	6	1	8	1	2	8	3	2	9	6	3
7	9	3	2	6	3	8	3	1	5	9	4	7	2	1	7	3	3	1	9	9	1	8	1	5	7	3	7	3	6	7	0	5	4	4	1	6	3	5	3	1	1	3	7	3	4	2	2	8	2
2	7	8	4	4	2	1	1	7	4	4	7	1	5	3	6	8	9	1	6	2	8	2	4	8	9	2	6	8	6	2	4	0	2	3	3	2	6	4	8	6	4	6	8	4	1	6	3	1	4
9	1	5	5	3	1	6	2	3	5	9	8	4	5	9	6	8	3	5	4	6	7	9	6	5	8	9	6	8	8	9	9	1	0	6	7	3	3	7	2	6	9	9	7	9	5	7	7	5	4
5	7	3	1	9	6	7	9	7	8	1	8	8	1	2	8	7	5	1	6	8	5	7	9	7	6	5	9	7	5	9	7	7	2	0	2	8	1	4	4	9	8	7	8	6	7	1	9	6	1
2	9	7	4	8	9	8	2	3	7	8	5	9	9	4	3	6	1	4	3	6	9	1	2	4	7	6	6	6	1	6	3	1	1	6	0	4	4	8	5	1	7	1	1	2	8	5	5	5	7
3	6	4	7	8	8	8	8	5	9	2	4	2	7	8	8	8	8	9	1	5	8	5	7	5	8	9	3	6	3	4	3	3	2	8	8	0	4	2	3	1	3	2	3	5	1	6	9	9	6
4	2	9	6	3	8	8	7	2	1	9	1	4	9	4	9	8	5	2	1	4	3	5	5	4	3	5	2	7	8	5	6	7	4	8	3	4	0	8	9	9	1	8	8	6	5	9	1	7	4
9	8	8	7	2	3	4	2	1	4	2	2	3	4	4	9	7	5	8	9	6	8	6	8	5	3	3	9	9	8	2	7	3	6	3	2	3	2	0	8	6	8	4	6	2	1	6	4	6	8
4	3	9	4	8	3	4	8	2	7	8	4	8	2	5	3	4	3	6	5	6	6	4	8	3	8	2	8	5	7	7	1	2	1	1	2	9	5	9	0	2	5	6	1	4	9	6	6	9	8
2	2	8	5	1	6	5	3	4	9	8	4	4	9	9	3	9	6	7	6	4	7	2	9	5	2	2	6	8	9	4	6	8	5	9	6	2	9	3	7	0	5	6	5	9	8	3	1	8	3
6	5	4	1	8	6	4	2	6	6	9	9	4	9	1	5	4	4	4	6	6	6	6	7	2	7	7	3	5	4	1	9	4	4	8	9	4	4	3	2	6	0	3	7	8	6	5	6	9	8
5	6	2	3	1	2	3	5	5	5	7	6	4	1	9	2	2	8	5	7	1	2	9	9	9	2	1	7	8	6	4	1	5	1	6	1	3	1	3	2	5	4	0	7	3	2	8	1	6	4
3	6	9	9	4	8	6	8	5	9	5	9	2	4	8	4	8	2	8	1	4	9	6	3	5	8	6	5	2	3	8	6	2	2	3	8	2	5	7	2	3	4	9	0	6	3	1	9	2	9
2	6	2	5	6	7	2	8	9	5	6	8	4	1	9	8	3	1	8	7	3	8	1	9	1	9	2	8	9	4	3	7	1	5	6	4	1	4	4	9	9	9	3	4	0	3	7	7	4	5
5	3	2	3	7	4	2	3	6	6	8	2	7	5	6	5	4	2	3	6	5	1	4	2	7	1	4	5	6	5	7	2	9	3	2	9	2	7	9	2	6	2	8	9	4	0	8	3	6	4
1	7	2	2	8	6	8	9	8	4	8	7	4	1	4	6	2	8	5	8	6	1	6	2	9	5	4	5	7	2	5	5	4	8	7	6	6	7	8	6	3	5	8	3	7	6	0	8	7	5
6	2	9	5	7	8	1	7	4	7	1	1	4	4	8	3	8	2	8	8	4	7	7	5	9	3	1	2	7	9	7	7	4	1	5	5	3	2	7	6	7	9	6	7	6	8	4	0	1	6
3	5	8	8	8	2	4	8	4	6	6	1	9	1	3	3	1	4	6	9	4	6	4	9	1	8	2	4	6	4	1	5	1	1	7	2	2	3	1	2	9	2	4	3	4	8	1	2	0	5
2	7	4	3	3	4	2	1	6	2	5	7	8	7	8	1	7	5	9	3	8	5	8	2	2	3	1	3	5	5	9	3	3	4	3	9	5	6	5	9	4	8	8	3	9	7	8	2	5	0
M8
0	2	5	6	1	3	5	7	1	2	7	5	6	7	9	3	7	3	4	5	5	5	7	3	5	4	5	6	8	5	6	1	2	2	5	4	8	3	8	7	7	3	9	3	4	4	1	5	5	5
8	0	5	3	2	8	4	7	6	6	4	6	7	2	2	2	1	7	3	6	2	4	6	5	3	5	1	3	5	4	7	2	3	5	5	9	3	5	6	1	6	5	2	6	2	4	4	9	2	3
7	1	0	3	7	5	7	2	3	3	7	2	7	8	3	6	7	4	6	2	4	9	9	7	6	1	7	7	9	9	4	6	9	1	7	3	9	8	9	3	2	9	3	5	8	5	8	4	9	2
6	6	1	0	8	8	5	7	2	5	2	8	5	4	4	1	1	5	6	3	5	2	1	6	1	3	6	3	5	9	1	7	3	8	9	7	3	6	2	4	9	9	7	2	5	5	3	1	5	8
1	9	8	7	0	6	6	7	2	8	6	5	3	2	6	9	6	2	9	5	4	1	6	8	3	3	8	3	2	8	3	5	5	4	8	7	1	1	1	5	6	6	2	1	2	1	4	1	1	9
6	3	4	7	3	0	7	9	9	8	3	3	6	5	3	9	6	9	5	8	2	1	9	1	2	3	8	2	7	1	3	5	4	1	9	4	3	7	5	9	1	7	6	1	9	3	4	4	3	9
7	1	6	8	8	9	0	3	1	4	1	2	8	8	9	2	1	3	3	1	1	5	8	8	3	7	8	7	7	3	9	8	5	7	1	9	8	3	8	3	7	1	6	3	7	7	8	5	6	3
1	6	1	9	8	7	8	0	7	2	1	8	1	9	1	2	1	4	5	4	5	4	1	2	3	5	4	3	8	2	5	3	6	4	1	9	5	1	1	1	8	2	6	7	7	6	2	4	8	8
3	4	9	1	2	2	6	9	0	2	9	5	6	4	9	3	7	7	8	8	2	5	9	2	9	1	7	6	2	5	6	5	4	6	5	3	6	5	5	3	2	7	3	8	9	3	9	9	2	2
2	2	3	7	9	6	9	7	4	0	1	2	4	8	3	5	8	8	3	5	1	9	6	7	3	3	7	9	8	8	5	9	4	4	6	8	2	9	5	8	9	4	8	5	9	4	4	8	1	2
1	3	6	8	8	5	6	6	6	5	0	1	8	3	4	7	4	4	2	8	1	5	8	7	3	8	7	1	2	8	1	4	1	8	7	5	7	1	7	5	6	8	4	9	2	3	5	8	5	4
7	5	9	7	9	1	2	2	2	9	1	0	8	4	4	6	1	5	6	7	6	6	6	4	4	5	8	8	8	1	6	2	2	8	1	7	1	8	6	9	1	2	5	9	4	3	9	6	4	3
3	3	5	1	2	2	7	5	4	1	6	5	0	5	1	9	1	6	6	2	2	9	7	2	1	3	4	7	4	3	4	7	6	7	2	8	6	5	6	3	6	4	4	9	3	8	7	7	7	1
4	1	2	4	1	9	3	2	9	4	6	9	9	0	1	3	4	8	5	8	6	4	3	4	7	8	5	3	8	3	2	4	7	4	3	9	3	2	6	2	8	3	7	2	7	2	8	9	7	6
6	8	5	2	2	9	2	1	5	5	6	4	6	4	0	7	1	6	3	7	7	9	2	4	4	3	5	9	1	3	5	2	7	1	7	7	8	7	1	8	4	3	4	9	5	2	4	5	5	7
8	4	6	5	7	8	8	2	3	9	9	2	5	4	4	0	6	2	8	5	8	9	7	4	2	4	5	7	6	7	3	7	2	9	1	5	6	3	3	6	8	6	6	1	4	8	2	5	2	6
4	4	5	1	9	5	5	6	7	5	4	9	7	8	5	8	0	2	5	2	2	8	8	2	7	2	9	1	2	1	3	5	3	3	8	3	9	8	7	3	1	3	4	7	6	3	7	2	2	3
7	9	2	9	2	8	2	2	3	5	4	1	3	4	3	7	3	0	5	2	6	3	9	2	8	2	4	4	6	1	7	8	5	6	2	4	6	7	6	6	4	7	1	3	1	4	5	5	6	4
9	9	5	2	3	6	8	5	2	6	3	6	6	2	8	4	1	7	0	6	9	8	3	9	3	5	6	9	1	4	3	5	8	6	1	3	3	7	3	7	6	2	1	4	7	1	4	1	8	3
3	2	6	3	3	3	9	7	4	9	9	7	2	8	6	5	8	2	4	0	9	4	5	4	5	3	5	2	5	5	8	5	4	1	1	1	2	5	4	1	7	3	1	2	9	2	2	7	1	1
1	1	2	5	3	4	7	8	6	9	2	1	8	4	6	2	7	7	3	5	0	3	6	1	2	6	4	7	1	5	4	8	1	4	9	1	3	8	6	5	4	8	5	3	7	2	4	7	5	1
8	7	5	5	6	9	1	9	3	4	5	8	9	3	6	1	5	7	7	7	1	0	6	6	3	7	9	6	2	8	4	4	7	5	9	1	7	1	2	8	4	4	3	9	1	7	8	2	8	2
8	2	5	9	2	2	9	9	4	8	6	7	8	7	7	8	3	5	2	3	7	3	0	4	4	9	5	7	5	2	5	7	9	4	1	4	6	4	6	3	7	7	3	5	7	2	9	9	6	1
1	3	7	7	4	5	2	5	1	4	8	1	9	6	1	7	2	5	5	8	7	6	1	0	8	3	4	3	1	7	5	8	3	7	8	8	4	3	4	4	4	4	3	8	7	5	8	6	1	7
9	2	1	3	2	4	8	3	8	2	8	6	4	2	4	9	9	4	3	7	7	9	7	9	0	6	3	1	5	2	4	5	9	3	5	9	8	6	6	7	4	9	1	7	4	9	2	2	5	1
9	1	7	3	9	6	8	3	5	9	8	2	3	2	4	3	3	6	3	4	8	2	4	1	2	0	4	7	3	4	9	3	9	9	7	3	9	1	3	1	1	8	7	9	8	8	1	9	2	6
3	4	3	7	2	8	9	6	4	3	9	1	6	7	6	9	5	5	6	4	7	5	7	6	5	9	0	9	7	2	8	5	5	5	7	8	2	5	3	4	5	1	7	2	6	4	2	6	6	5
3	2	4	1	5	5	5	2	2	6	4	6	3	1	5	8	3	9	6	9	8	2	3	2	9	6	1	0	8	4	6	1	4	7	9	8	3	5	7	2	2	6	6	3	9	1	9	8	3	7
5	9	3	3	6	6	5	5	7	6	2	5	7	1	8	9	1	9	2	4	5	5	7	7	4	5	5	2	0	7	4	9	9	5	1	9	4	9	1	3	3	4	1	8	8	4	9	8	9	6
4	7	1	8	6	8	6	9	3	6	6	3	5	1	7	9	7	7	5	3	5	5	9	1	4	2	8	3	8	0	6	8	9	1	8	1	4	5	9	7	6	6	5	9	7	4	2	1	8	7
2	1	6	9	9	4	7	3	3	4	5	4	3	7	6	3	2	8	8	5	7	3	7	4	5	8	5	7	8	6	0	5	5	8	7	6	5	9	3	3	2	5	7	4	1	6	7	1	1	5
3	5	2	8	6	8	5	5	4	4	2	1	3	2	7	1	5	9	4	8	7	7	8	9	1	7	6	3	9	7	3	0	6	5	6	9	3	9	3	5	1	7	6	5	9	2	2	5	3	8
8	9	4	2	9	5	6	1	6	9	2	6	3	7	1	9	3	5	5	8	7	2	8	5	6	5	8	9	8	4	1	9	0	7	8	1	7	3	5	7	7	3	1	5	8	5	3	5	2	4
8	4	3	8	8	2	3	1	4	2	6	9	2	5	8	5	6	3	2	7	9	1	1	5	9	7	8	2	2	5	3	7	8	0	2	2	5	9	7	3	2	4	7	2	8	2	1	3	1	2
7	5	8	1	8	6	3	1	3	7	1	3	6	2	8	7	1	4	3	7	8	8	4	9	4	6	2	2	9	1	3	5	3	3	0	8	6	7	1	1	7	9	8	3	6	2	5	9	7	5
7	4	4	9	4	5	3	3	7	8	1	3	3	6	5	3	9	2	6	9	3	5	7	7	3	7	8	7	9	4	3	4	3	5	9	0	4	9	6	3	6	6	5	5	3	2	4	7	6	9
3	7	8	6	6	5	7	4	6	6	6	6	2	8	4	8	9	3	6	5	2	6	2	4	2	1	9	6	8	2	3	6	9	6	6	5	0	6	2	5	5	9	4	1	4	3	3	8	5	6
3	5	5	8	3	4	8	8	2	4	1	1	7	6	5	6	7	7	8	4	4	5	7	2	8	5	2	2	3	9	1	1	6	6	5	8	2	0	4	2	4	5	7	1	8	8	7	9	4	5
1	4	7	6	4	4	6	9	1	5	6	9	3	6	2	9	8	5	4	7	3	4	1	9	7	8	7	3	6	7	7	3	9	6	2	8	4	8	0	5	3	8	6	7	3	5	2	6	7	6
6	5	1	4	5	2	8	4	2	5	2	8	1	8	3	4	1	3	7	6	5	6	6	2	6	8	6	6	7	7	4	6	3	9	9	2	6	7	2	0	6	7	4	4	6	6	4	4	5	4
1	6	4	5	3	3	2	3	9	4	7	3	2	2	2	3	4	6	5	9	3	1	1	2	5	3	9	8	8	8	2	9	7	5	4	3	3	8	6	3	0	7	1	2	9	3	3	1	5	4
3	3	5	3	1	7	5	9	2	5	5	1	4	4	1	9	8	4	4	3	3	7	8	1	3	4	6	1	7	4	3	2	4	6	4	2	2	2	9	5	6	0	7	8	4	8	1	1	8	8
4	9	1	2	4	2	4	1	4	6	9	5	7	9	9	4	9	7	6	7	2	9	7	2	7	8	1	6	1	2	6	5	5	5	7	1	4	2	8	2	7	8	0	1	4	3	5	4	1	7
8	3	5	3	4	2	6	3	6	6	5	2	3	8	3	3	4	9	4	8	5	8	8	9	5	2	2	5	7	8	2	7	7	8	5	1	3	3	1	8	3	3	9	0	2	1	5	3	3	2
9	7	4	5	2	2	1	7	5	5	4	1	3	8	1	7	2	5	1	7	9	3	6	1	8	1	6	9	9	4	3	2	8	8	7	5	6	7	8	6	7	7	3	1	0	7	9	7	8	2
3	9	6	3	7	5	9	6	2	5	1	7	9	4	8	7	4	7	3	9	8	8	3	5	5	3	5	9	9	1	5	9	2	8	5	2	6	2	3	6	4	1	5	8	9	0	7	8	9	8
9	6	6	4	4	1	5	9	6	6	5	1	8	9	4	8	4	8	9	5	8	9	3	6	3	7	4	3	7	4	8	5	1	1	7	1	2	9	6	3	1	6	1	9	7	3	0	7	5	9
5	4	9	6	5	8	8	3	6	2	2	1	3	8	9	6	8	6	7	9	3	7	6	9	2	4	2	6	7	2	5	6	5	5	7	2	9	8	7	8	2	9	7	5	9	5	1	0	2	8
1	7	1	1	6	8	8	2	2	7	8	8	1	7	8	6	6	8	9	6	7	1	1	5	2	5	3	8	3	1	2	1	8	9	4	9	7	8	1	8	8	3	7	7	7	5	7	1	0	5
2	9	6	1	3	7	3	2	7	4	5	1	8	2	8	7	1	8	7	7	5	2	5	4	2	8	7	6	6	4	1	1	2	3	4	5	9	8	3	1	4	3	6	4	4	4	6	9	4	0
M9
0	7	9	2	3	1	9	3	5	1	2	3	8	1	6	7	8	2	9	9	3	9	6	9	9	8	8	2	3	2	4	8	7	2	7	2	7	5	1	9	7	2	5	4	7	8	4	1	9	1
8	0	9	5	1	6	5	7	6	6	4	3	9	1	5	7	1	6	2	3	3	1	6	2	6	9	6	2	5	8	2	9	7	2	6	8	6	8	5	5	8	6	8	7	8	2	8	4	8	6
4	3	0	9	4	5	8	6	9	6	4	3	3	3	6	9	5	8	2	5	2	2	6	7	5	7	3	1	2	6	8	9	3	7	1	3	9	2	2	8	9	3	8	1	6	3	8	9	9	7
5	1	7	0	2	5	7	9	2	1	9	2	3	2	1	8	4	4	7	6	6	4	2	2	6	7	6	7	7	7	8	9	3	5	1	8	4	6	5	5	3	4	3	1	4	8	1	7	3	5
9	8	2	4	0	5	3	6	4	8	2	4	4	4	7	9	9	9	4	8	5	8	9	5	2	4	5	1	3	2	2	1	2	2	9	4	5	2	6	2	4	5	1	5	1	1	9	7	3	2
2	3	2	9	1	0	1	7	2	9	4	2	5	7	6	2	2	8	3	8	4	6	7	3	3	6	4	4	8	8	2	2	1	3	4	2	9	4	5	5	7	6	2	3	8	6	8	3	9	7
1	3	9	7	4	3	0	1	6	1	7	8	8	7	8	2	4	4	1	5	7	4	5	7	4	3	5	5	6	7	8	3	7	4	2	7	5	5	5	3	7	3	1	4	3	8	4	6	2	9
7	1	8	2	4	2	2	0	2	9	7	7	2	4	2	7	2	4	5	5	3	4	6	2	9	2	9	7	1	2	9	5	7	6	6	5	6	6	9	3	1	7	4	7	5	2	1	3	7	8
7	1	5	4	6	3	5	9	0	3	6	3	2	1	7	9	2	3	4	5	6	7	1	4	2	1	8	9	5	9	8	5	7	7	8	5	9	8	8	3	8	3	5	1	3	4	4	2	1	3
5	7	7	4	5	1	9	1	8	0	7	5	2	6	5	9	2	4	9	4	6	4	4	8	2	6	4	2	8	2	3	1	1	4	1	2	4	4	9	4	3	8	2	1	6	3	1	2	9	3
6	6	5	6	1	5	1	8	9	6	0	8	3	3	2	4	1	6	2	6	4	6	5	4	8	8	2	6	8	5	6	1	9	2	9	7	5	8	5	7	3	1	3	9	9	6	2	2	4	4
4	4	8	7	1	9	8	2	6	9	5	0	9	1	6	3	6	2	7	2	7	5	7	9	5	6	7	8	3	6	4	1	5	2	5	6	5	2	7	8	8	9	8	8	6	3	3	6	7	3
7	2	9	3	1	9	5	9	6	6	4	5	0	5	1	4	8	4	8	3	9	8	2	5	7	9	4	9	1	6	7	7	8	9	2	9	9	8	2	4	5	8	6	4	6	8	2	2	3	4
9	8	8	5	5	9	5	3	2	8	5	4	2	0	6	5	5	3	9	6	5	9	4	4	9	2	9	2	3	4	3	1	9	4	1	2	2	2	9	6	6	6	6	9	8	6	4	7	6	6
7	5	4	2	7	7	2	8	4	5	6	6	2	6	0	5	3	6	5	5	3	6	3	9	1	6	4	1	9	6	1	3	9	3	2	5	2	3	5	8	6	1	9	1	8	4	2	3	6	9
8	3	9	7	6	6	5	9	7	6	5	5	5	6	7	0	3	1	6	8	1	4	9	7	7	8	7	8	5	3	6	1	4	7	6	2	5	6	7	8	7	1	1	3	3	5	6	4	9	8
9	5	2	2	9	5	5	3	4	8	4	5	6	9	2	5	0	7	4	8	1	5	5	4	6	4	8	7	9	2	9	8	5	8	2	9	5	7	7	8	6	6	5	6	4	5	7	1	2	2
4	4	1	9	1	8	9	6	1	2	9	2	4	8	1	8	3	0	5	7	5	3	6	3	3	1	2	5	5	2	9	1	4	7	2	9	3	3	3	4	1	5	5	2	5	2	1	4	7	7
3	3	3	6	8	9	7	5	9	8	5	2	4	6	6	4	7	5	0	3	5	2	7	2	2	2	6	8	7	3	1	6	9	5	5	9	1	8	2	1	7	9	9	7	1	8	4	5	7	3
2	2	9	4	6	5	6	2	5	2	2	1	3	3	9	1	5	5	4	0	5	1	9	9	3	5	9	4	7	2	6	8	7	4	5	3	2	3	2	8	3	8	1	5	8	6	6	3	2	4
8	7	8	4	1	1	1	7	3	9	8	8	3	2	4	2	5	5	8	5	0	2	5	5	5	2	3	8	8	7	8	7	9	7	4	3	7	3	3	6	4	4	6	4	4	3	7	2	8	6
7	4	8	7	5	8	3	1	1	3	8	7	3	3	2	1	8	6	8	9	6	0	2	3	4	1	1	9	4	1	7	3	9	4	8	3	4	6	4	9	4	1	9	4	4	5	9	7	5	1
7	6	3	2	3	9	9	5	4	8	8	2	1	6	1	4	8	7	8	8	5	9	0	7	1	6	7	1	2	3	2	7	1	3	4	8	1	3	9	8	2	7	5	7	6	8	5	6	5	9
6	1	1	2	9	4	1	9	1	9	3	5	2	4	2	7	1	3	4	7	7	6	8	0	5	4	7	5	4	6	2	2	5	8	1	9	9	1	9	4	3	8	8	5	5	9	3	2	3	3
7	5	4	6	1	3	6	4	3	5	5	6	6	7	8	2	2	6	3	8	7	4	8	5	0	3	8	6	9	6	8	3	4	3	3	8	7	8	6	9	3	6	6	7	1	1	1	8	8	8
1	5	1	1	1	6	8	6	9	7	2	3	4	5	1	3	2	9	3	4	4	4	1	6	6	0	9	2	3	2	5	1	8	9	4	2	2	3	6	6	7	9	5	7	4	2	7	1	3	2
5	9	3	2	4	8	6	4	7	3	6	4	4	2	2	4	4	6	4	5	6	8	3	5	1	7	0	6	9	6	5	1	6	6	1	1	9	3	9	2	8	3	6	5	3	3	5	8	4	4
7	8	2	9	4	6	8	9	8	2	8	7	1	6	7	2	9	9	1	3	7	9	9	3	1	1	8	0	2	1	2	9	2	7	6	4	1	8	7	5	6	9	5	7	9	4	1	7	3	6
4	7	6	7	8	6	2	6	1	9	6	3	8	9	6	6	1	8	3	3	6	8	7	5	6	4	9	5	0	8	8	2	3	8	1	8	8	1	8	6	2	2	1	4	3	3	6	7	5	9
4	5	4	4	5	9	2	1	5	1	2	5	4	2	6	4	6	9	6	8	4	4	4	2	9	4	9	7	7	0	5	1	4	3	6	7	6	6	1	4	8	1	5	7	8	7	5	7	5	2
2	3	7	6	3	9	7	4	2	7	2	5	2	4	4	7	4	2	8	1	7	4	3	4	5	3	8	9	6	1	0	1	8	2	8	4	1	9	2	3	5	5	7	9	9	7	8	8	6	2
6	8	9	2	3	2	1	7	4	7	6	9	5	4	7	8	5	8	2	7	6	7	8	4	6	6	2	7	2	6	7	0	5	3	7	3	2	3	7	8	3	5	7	9	3	3	6	6	4	8
2	7	3	4	2	2	2	8	9	2	4	5	4	5	4	2	6	1	8	3	9	8	3	4	7	4	9	1	7	3	5	2	0	7	9	9	8	4	3	7	3	8	3	1	6	2	1	8	7	2
4	2	2	7	4	5	7	3	2	1	8	6	8	9	4	1	6	8	9	6	5	1	8	5	5	5	4	4	5	7	5	8	4	0	8	8	9	3	9	7	5	7	1	9	4	6	2	2	9	1
3	7	5	3	5	6	2	8	1	2	1	5	7	1	5	9	6	7	6	1	8	2	5	6	1	3	8	3	5	6	1	3	5	9	0	1	5	8	5	6	7	6	6	5	7	3	3	2	4	2
4	3	2	7	7	8	1	9	1	9	7	1	6	1	5	1	3	7	2	1	3	4	2	7	1	5	3	8	1	3	6	9	4	9	9	0	7	5	1	5	7	7	4	3	8	6	7	6	2	5
6	5	5	9	5	3	4	9	5	3	3	4	1	9	5	9	1	1	9	3	8	5	6	5	9	1	6	9	1	1	8	9	2	1	9	6	0	2	5	5	1	9	6	7	6	3	4	3	3	6
4	2	4	4	5	8	5	4	1	1	1	6	6	4	2	3	7	4	5	8	9	9	9	5	7	9	9	7	3	2	5	9	2	3	9	8	8	0	5	6	4	1	6	7	4	8	8	5	2	6
2	9	9	7	8	2	3	2	6	9	5	6	8	6	8	1	5	7	7	3	1	1	5	4	6	7	5	6	6	9	7	1	8	6	3	3	4	9	0	8	8	1	2	8	7	2	4	6	5	5
1	5	1	9	2	4	4	1	9	4	4	9	6	3	7	7	1	8	8	7	6	3	8	6	4	4	7	1	8	9	7	2	8	1	8	7	1	5	2	0	1	6	5	2	5	6	4	4	8	3
8	6	2	1	1	6	5	7	5	9	7	4	1	1	7	8	5	2	8	1	4	4	2	7	7	4	7	7	3	4	1	8	6	9	1	6	3	6	5	9	0	3	4	8	7	5	8	7	2	9
6	1	7	4	6	2	8	9	1	4	6	5	9	3	3	8	2	9	9	2	1	5	4	7	7	9	2	5	9	2	9	9	7	2	2	1	2	4	5	6	7	0	9	9	3	9	8	5	2	5
4	1	7	9	9	3	2	8	1	2	5	5	2	5	1	1	9	1	5	1	1	2	6	5	4	4	9	2	4	2	7	5	8	4	2	9	4	3	9	3	7	8	0	5	7	4	3	3	3	3
2	3	3	4	8	1	7	4	3	5	9	9	4	6	4	2	8	4	5	9	8	1	1	9	4	9	4	7	8	4	9	2	7	4	3	3	3	3	6	1	8	5	7	0	8	3	4	5	1	5
4	9	8	7	9	9	7	8	8	3	4	9	9	7	6	5	2	5	3	6	6	6	3	4	7	3	5	3	4	4	3	2	1	1	9	8	1	8	2	1	3	5	8	5	0	2	3	8	5	7
2	2	2	1	9	3	9	4	6	2	6	7	3	8	6	4	8	8	3	5	3	2	7	4	5	1	3	8	3	9	2	2	1	3	1	2	3	1	5	5	9	9	1	2	7	0	8	4	2	8
3	2	1	6	3	7	2	9	3	7	8	4	3	3	5	8	8	1	3	5	2	9	2	9	5	1	1	2	2	3	2	2	5	9	9	3	4	4	5	7	8	9	1	3	4	2	0	9	9	7
6	5	4	5	1	1	4	8	8	7	1	1	4	1	9	8	8	5	5	3	3	5	1	8	5	1	7	4	4	3	7	2	5	5	2	8	4	4	3	1	1	8	8	8	3	6	1	0	3	5
6	1	1	8	7	4	3	7	9	4	1	1	4	9	5	7	9	5	4	7	7	1	1	2	3	9	7	9	5	2	7	8	7	8	5	2	3	5	8	6	7	2	9	4	3	5	5	4	0	7
4	9	2	1	3	5	1	9	9	2	7	3	6	8	6	2	8	9	5	7	4	2	8	1	6	6	3	7	8	5	5	9	7	1	4	9	8	7	6	2	4	5	4	5	4	2	8	9	1	0
