50  10  1
10
	0	51	1	49	2	57	3	24	4	54	5	69	6	79	7	83	8	54	9	64
	0	54	1	1	2	49	3	33	4	100	5	88	6	54	7	46	8	17	9	95
	0	70	1	13	2	50	3	11	4	6	5	3	6	79	7	68	8	73	9	59
	0	74	1	87	2	22	3	72	4	77	5	72	6	85	7	29	8	18	9	37
	0	39	1	41	2	65	3	36	4	16	5	14	6	61	7	21	8	16	9	30
	0	14	1	49	2	96	3	27	4	27	5	11	6	56	7	28	8	90	9	59
	0	34	1	35	2	79	3	56	4	71	5	85	6	15	7	67	8	29	9	57
	0	97	1	66	2	66	3	55	4	5	5	37	6	91	7	15	8	32	9	89
	0	63	1	8	2	96	3	6	4	7	5	42	6	44	7	8	8	53	9	85
	0	45	1	4	2	33	3	48	4	26	5	36	6	78	7	19	8	18	9	77
	0	16	1	33	2	98	3	15	4	47	5	5	6	52	7	23	8	53	9	72
	0	93	1	31	2	80	3	31	4	8	5	21	6	75	7	44	8	20	9	24
	0	88	1	65	2	93	3	83	4	64	5	17	6	5	7	16	8	80	9	94
	0	76	1	97	2	6	3	100	4	23	5	31	6	1	7	26	8	77	9	89
	0	65	1	40	2	96	3	37	4	6	5	40	6	38	7	79	8	1	9	81
	0	90	1	80	2	60	3	100	4	77	5	56	6	9	7	78	8	78	9	37
	0	71	1	22	2	27	3	48	4	93	5	65	6	93	7	61	8	57	9	95
	0	47	1	6	2	74	3	84	4	61	5	49	6	40	7	64	8	21	9	88
	0	22	1	69	2	12	3	1	4	74	5	61	6	38	7	57	8	29	9	79
	0	75	1	93	2	3	3	100	4	53	5	78	6	5	7	98	8	52	9	56
	0	50	1	28	2	23	3	23	4	7	5	86	6	80	7	62	8	39	9	21
	0	36	1	85	2	5	3	85	4	64	5	11	6	46	7	56	8	10	9	99
	0	69	1	83	2	97	3	27	4	86	5	17	6	80	7	61	8	100	9	35
	0	62	1	66	2	22	3	76	4	64	5	64	6	77	7	40	8	14	9	21
	0	15	1	20	2	9	3	32	4	50	5	71	6	43	7	37	8	98	9	35
	0	23	1	68	2	58	3	67	4	16	5	37	6	89	7	50	8	82	9	98
	0	70	1	75	2	6	3	45	4	26	5	35	6	22	7	31	8	77	9	55
	0	95	1	22	2	41	3	56	4	10	5	19	6	93	7	34	8	68	9	9
	0	60	1	84	2	4	3	30	4	4	5	22	6	75	7	70	8	37	9	64
	0	77	1	17	2	42	3	81	4	87	5	45	6	21	7	36	8	45	9	1
	0	85	1	54	2	25	3	14	4	47	5	16	6	55	7	62	8	99	9	43
	0	77	1	56	2	69	3	32	4	71	5	26	6	4	7	53	8	85	9	24
	0	13	1	15	2	28	3	71	4	72	5	81	6	29	7	24	8	72	9	49
	0	76	1	30	2	60	3	74	4	77	5	97	6	20	7	73	8	5	9	2
	0	67	1	34	2	29	3	9	4	71	5	43	6	42	7	74	8	31	9	78
	0	30	1	51	2	60	3	48	4	43	5	43	6	52	7	65	8	76	9	39
	0	54	1	86	2	55	3	48	4	45	5	67	6	93	7	22	8	5	9	92
	0	65	1	9	2	30	3	3	4	3	5	3	6	20	7	21	8	28	9	67
	0	47	1	31	2	62	3	53	4	75	5	95	6	77	7	37	8	6	9	89
	0	92	1	48	2	51	3	96	4	15	5	63	6	67	7	96	8	87	9	93
	0	5	1	26	2	88	3	78	4	53	5	15	6	98	7	71	8	77	9	12
	0	35	1	78	2	92	3	60	4	4	5	84	6	16	7	79	8	29	9	90
	0	88	1	72	2	63	3	12	4	51	5	67	6	86	7	59	8	32	9	42
	0	42	1	64	2	82	3	16	4	70	5	32	6	34	7	94	8	35	9	50
	0	11	1	98	2	66	3	52	4	91	5	25	6	50	7	50	8	98	9	11
	0	43	1	60	2	90	3	98	4	92	5	93	6	53	7	26	8	92	9	96
	0	33	1	97	2	12	3	41	4	53	5	93	6	54	7	18	8	3	9	32
	0	53	1	78	2	99	3	100	4	18	5	15	6	53	7	1	8	65	9	7
	0	94	1	91	2	9	3	34	4	32	5	15	6	5	7	56	8	63	9	40
	0	54	1	13	2	43	3	70	4	21	5	83	6	96	7	78	8	27	9	13
SSD
M0
0	28	103	16	116	31	100	103	83	82	97	101	79	41	13	78	34	87	41	59	80	117	18	106	27	24	100	77	122	55	98	28	21	113	81	119	49	102	48	62	105	6	74	6	100	5	57	105	97	114
36	0	106	106	85	117	122	18	1	81	2	59	112	117	22	74	45	78	2	71	88	17	1	27	31	78	13	86	67	83	124	67	21	53	7	110	18	78	122	72	13	91	92	56	105	15	45	118	25	27
65	112	0	124	104	19	12	82	24	53	116	105	35	99	60	122	96	17	52	87	53	107	117	66	84	106	65	43	9	60	7	46	65	112	106	104	83	83	67	60	92	21	84	74	95	52	99	29	2	45
23	98	119	0	73	56	21	33	12	108	6	57	82	121	19	38	94	112	58	24	31	47	96	110	23	72	121	59	58	118	13	57	26	113	118	29	10	8	91	53	117	20	25	102	62	9	18	117	114	64
26	44	66	28	0	49	43	6	102	94	79	2	83	13	10	44	42	97	81	27	64	93	24	68	71	75	74	6	118	35	58	52	27	57	62	15	55	7	1	2	14	36	48	73	119	12	58	83	28	120
124	100	38	73	97	0	96	101	82	14	99	61	101	69	59	65	84	47	70	19	35	111	7	80	64	93	21	8	29	107	29	44	33	57	79	86	55	66	25	12	41	71	89	102	42	64	66	119	52	12
46	31	53	19	104	19	0	114	77	22	64	4	19	42	65	64	75	55	88	41	113	12	21	19	12	24	46	96	38	26	11	39	23	124	51	85	11	92	109	75	102	62	13	38	107	57	66	80	48	111
18	13	68	53	34	33	84	0	13	99	43	63	44	58	9	67	106	6	7	18	103	72	29	4	60	110	29	18	37	25	79	21	80	71	55	25	109	21	46	25	94	6	80	44	1	84	59	58	37	46
48	112	111	65	4	104	111	23	0	36	101	92	48	70	86	34	37	105	95	103	18	92	55	113	40	70	91	52	40	48	81	81	40	43	9	51	64	104	89	124	73	35	38	109	115	74	12	40	54	81
37	45	124	29	9	98	12	41	18	0	3	2	92	22	23	79	54	66	71	104	6	4	60	117	45	88	3	88	117	110	37	103	2	120	34	5	37	82	8	13	61	93	60	47	70	63	14	99	122	34
33	41	77	4	61	47	123	93	83	75	0	114	124	80	13	116	12	6	12	116	79	108	43	118	43	81	8	118	62	78	8	16	56	9	40	16	107	79	35	122	98	65	65	113	90	94	81	27	20	109
64	93	45	95	12	112	45	72	90	9	51	0	105	57	108	41	37	82	86	70	119	36	55	104	61	47	48	95	1	77	64	94	82	18	112	7	99	109	112	110	65	6	24	110	106	95	1	44	117	89
4	8	121	40	105	68	86	14	110	26	86	116	0	38	78	124	47	19	105	56	61	100	79	119	88	79	118	86	67	22	10	88	46	53	22	81	71	119	25	54	83	4	66	10	35	110	83	24	11	101
92	82	1	101	119	67	53	100	4	42	13	106	27	0	123	2	93	75	49	58	111	90	29	1	64	75	47	14	48	111	31	85	101	80	101	93	56	106	19	114	25	116	92	66	41	75	112	72	55	119
10	92	13	86	102	14	15	84	95	79	95	59	109	12	0	76	44	94	40	71	121	106	114	48	109	99	84	90	30	32	60	66	90	2	44	43	38	14	122	86	51	44	104	101	89	61	94	36	68	98
71	45	73	114	24	124	55	43	19	122	30	70	84	75	34	0	122	69	88	53	29	78	22	104	28	58	18	10	26	78	59	100	82	80	40	77	104	62	94	76	25	43	111	110	6	76	107	110	26	108
78	68	65	10	72	48	50	5	24	17	104	20	49	73	71	114	0	36	78	36	79	59	96	13	50	8	71	77	34	6	89	47	6	105	97	64	46	123	109	108	104	30	78	113	43	104	32	22	6	54
102	19	48	3	86	96	28	114	107	113	18	62	102	76	19	56	115	0	116	71	71	67	69	111	47	52	81	86	22	8	74	121	31	5	65	71	45	65	107	63	90	54	30	31	16	17	63	59	104	46
91	92	71	118	44	4	67	64	122	26	46	16	48	108	69	95	85	5	0	64	100	122	84	72	16	79	11	53	62	12	73	94	23	5	122	40	15	13	101	59	10	68	53	118	62	69	25	63	15	18
77	76	60	88	117	50	114	105	90	58	79	109	43	33	7	27	50	26	54	0	74	74	96	49	83	49	3	11	73	85	71	108	72	22	103	111	69	36	116	112	36	86	111	19	99	103	93	40	100	13
91	81	72	59	104	111	47	83	34	87	49	37	70	53	113	74	55	93	124	57	0	93	43	15	9	117	70	31	53	116	118	69	30	53	117	93	41	114	20	54	41	120	4	45	38	76	102	29	96	99
19	58	117	32	79	21	56	50	32	11	94	108	71	54	120	118	109	94	99	9	111	0	34	121	118	85	38	28	23	94	106	76	39	77	41	3	85	39	122	115	83	65	76	91	116	53	73	54	124	47
27	35	25	119	4	89	80	17	64	103	9	68	35	5	63	4	116	91	13	5	101	14	0	86	66	73	64	102	53	47	104	47	100	85	118	3	43	71	21	5	94	89	22	47	21	29	124	117	84	68
109	48	80	76	19	2	45	29	66	71	13	47	47	118	108	83	92	12	23	56	60	90	101	0	14	71	71	28	78	56	37	28	53	3	32	10	4	85	94	119	24	61	69	78	43	32	84	86	79	44
100	95	113	38	105	56	41	75	51	120	72	45	37	91	93	62	32	55	53	108	75	22	74	42	0	55	104	32	90	70	98	1	32	44	62	114	101	19	89	59	15	1	35	51	89	95	83	82	52	94
119	108	50	104	95	2	40	32	22	37	1	91	6	19	85	96	116	17	86	116	69	10	27	98	87	0	80	66	73	107	34	79	120	3	14	58	38	41	59	114	44	93	102	47	45	96	49	78	116	97
115	19	12	96	20	36	64	49	2	101	92	70	78	97	113	18	78	96	54	51	55	111	48	37	53	14	0	88	78	2	107	65	108	45	112	13	12	20	119	34	22	57	75	34	48	90	32	55	122	72
69	30	52	107	35	47	26	111	63	15	87	30	112	9	23	26	22	1	17	123	20	60	62	13	118	39	44	0	66	27	31	42	106	68	37	80	13	45	80	62	26	107	124	55	32	6	114	105	118	91
53	47	2	5	109	56	36	114	9	107	117	74	104	19	2	2	97	35	1	86	105	103	69	62	107	88	25	45	0	31	15	95	104	69	27	4	7	67	95	69	74	103	90	105	11	69	63	43	90	52
53	108	12	120	63	42	96	33	93	20	83	7	49	65	32	24	116	40	113	107	102	80	10	118	16	5	18	72	77	0	104	120	67	4	52	83	41	59	17	3	107	23	23	70	24	27	102	38	84	86
74	70	71	78	64	59	108	79	37	123	111	106	21	68	5	122	108	93	70	39	95	78	49	5	33	50	37	34	116	97	0	120	68	4	33	91	105	39	115	14	29	43	78	41	89	90	98	49	2	106
121	80	33	27	122	82	92	44	38	109	47	107	3	69	57	31	63	89	95	48	69	35	34	106	99	67	105	75	65	81	98	0	60	26	109	22	88	58	68	12	44	20	31	63	37	108	69	32	41	8
31	41	36	67	5	63	57	4	1	3	74	13	57	104	38	77	109	70	79	65	3	35	14	78	68	94	79	84	77	85	100	120	0	46	14	99	6	18	10	92	77	5	23	26	49	2	72	42	77	75
70	76	71	15	112	57	15	94	46	121	41	2	45	82	63	54	40	107	34	53	65	30	74	96	48	79	97	14	43	4	109	42	122	0	57	7	121	115	17	102	83	92	15	26	70	98	42	32	18	103
81	53	100	93	54	99	23	104	97	20	14	41	38	44	86	30	24	56	96	90	107	86	115	49	72	28	82	48	89	6	66	16	67	90	0	31	11	95	99	7	110	33	118	119	79	66	32	76	50	4
30	99	7	39	55	121	123	70	99	37	54	19	120	118	45	12	50	105	29	80	118	2	2	47	10	23	31	66	9	44	22	50	113	50	9	0	13	70	14	42	121	108	6	15	54	47	9	38	12	89
90	35	50	46	64	106	19	122	110	8	71	66	63	115	116	121	2	38	101	36	56	49	54	110	4	65	101	114	113	47	64	118	13	89	43	117	0	103	21	36	79	92	103	47	80	2	78	56	120	19
86	120	80	115	29	34	102	121	75	124	58	99	81	67	45	37	53	91	38	8	109	28	63	1	28	17	87	14	114	122	52	50	69	5	49	39	12	0	61	20	22	29	18	24	51	102	69	35	85	81
95	108	20	3	9	73	65	98	59	28	48	10	97	112	54	75	59	13	27	43	103	111	63	17	107	63	91	28	19	124	87	10	76	102	110	98	82	48	0	86	121	60	5	93	1	34	122	123	117	82
8	7	62	88	68	52	119	26	14	11	106	14	107	112	91	47	13	101	65	65	116	64	14	88	25	52	34	14	31	111	8	116	45	11	26	33	18	118	30	0	87	118	16	41	55	27	111	8	16	51
47	84	110	94	69	52	16	7	121	7	17	38	6	105	72	105	50	32	41	30	87	48	39	31	103	113	41	52	46	112	111	30	102	110	86	114	121	1	24	26	0	38	25	49	97	54	70	106	13	112
72	54	111	107	88	58	62	62	64	22	106	11	57	79	101	27	109	71	122	60	111	100	65	78	22	18	38	14	111	119	65	41	32	104	84	25	51	5	56	95	84	0	74	114	113	43	36	18	59	70
109	6	48	120	40	17	62	13	104	67	26	109	5	30	31	61	57	86	7	72	44	14	75	73	48	2	93	71	90	124	39	121	80	87	71	2	67	56	97	91	17	17	0	118	120	25	19	8	80	120
68	43	25	23	96	37	9	70	71	76	65	98	114	39	35	78	8	63	88	88	16	85	58	112	99	77	124	63	116	124	27	87	45	72	18	98	122	57	74	42	4	73	121	0	31	26	105	99	35	95
27	77	70	13	93	43	24	26	73	26	121	3	12	103	89	97	103	21	103	68	5	34	15	106	102	14	107	115	17	123	93	120	40	26	31	71	103	5	35	11	39	25	69	77	0	30	34	95	118	93
116	58	70	40	106	67	63	70	61	38	114	28	55	112	40	2	102	48	124	14	109	79	20	38	122	22	86	18	56	38	70	71	122	36	45	111	89	51	59	16	9	29	97	123	111	0	36	1	10	86
6	13	15	101	116	23	24	121	88	120	43	54	64	98	14	93	41	70	87	112	94	34	112	24	29	109	15	29	23	91	106	119	95	111	86	56	7	114	79	117	121	117	25	51	30	42	0	95	69	14
5	123	10	102	51	46	73	108	42	19	58	68	86	34	79	62	77	1	4	10	16	51	10	94	110	112	90	8	52	61	76	72	115	44	70	4	53	8	48	79	7	55	94	7	77	105	79	0	87	101
70	53	35	77	43	118	97	103	60	105	31	97	104	5	16	80	89	36	1	108	78	13	123	86	22	51	9	94	81	95	29	32	23	21	19	24	45	65	91	69	97	51	96	83	115	102	79	107	0	38
108	75	39	94	81	44	85	45	106	84	107	45	89	55	2	5	53	49	84	57	19	31	80	59	21	40	105	58	107	50	65	87	66	107	41	31	40	10	28	105	84	82	26	27	7	14	50	76	123	0
M1
0	109	113	88	71	114	50	9	3	33	73	92	114	25	102	100	18	2	65	118	100	60	32	37	75	61	73	3	35	62	2	88	38	89	93	33	114	36	115	112	2	86	87	74	83	31	30	104	27	65
63	0	102	23	105	65	26	61	46	36	24	92	35	87	59	58	26	7	44	90	106	11	17	41	48	61	60	84	26	63	45	114	3	112	107	114	47	63	113	43	21	20	87	86	77	72	48	24	105	91
35	111	0	8	61	94	36	105	99	50	49	28	78	32	6	47	45	22	109	33	57	69	38	61	64	12	35	13	5	29	105	42	83	54	91	39	66	72	45	33	117	119	19	107	107	92	3	80	67	117
39	79	51	0	16	82	78	26	64	68	100	90	18	55	75	98	35	117	121	45	32	17	66	100	40	23	19	94	44	115	10	14	51	106	70	17	54	104	72	76	82	51	27	69	71	78	91	3	45	76
42	113	32	46	0	31	94	29	76	73	12	119	61	19	97	114	68	12	25	14	48	6	75	103	86	39	88	38	85	8	40	37	27	85	105	109	118	90	84	3	57	13	119	93	7	65	30	107	100	26
114	77	4	54	74	0	110	13	62	79	56	68	13	81	98	77	27	79	33	112	119	122	76	76	11	83	33	78	8	27	92	56	106	46	34	76	106	60	33	29	80	6	56	96	71	123	75	10	13	61
45	48	82	74	57	109	0	48	101	43	106	106	55	15	84	115	50	22	14	13	87	1	73	9	115	8	73	49	42	75	32	59	49	120	89	31	118	80	116	36	33	22	124	19	85	79	11	33	79	35
82	89	25	88	65	69	64	0	49	103	87	87	90	22	49	12	85	42	104	123	100	45	70	18	33	124	56	87	3	82	85	57	47	66	111	55	67	41	40	40	107	124	102	13	121	35	111	12	119	104
30	25	19	77	49	105	56	50	0	53	36	8	97	115	124	8	16	70	49	32	20	6	15	27	28	35	74	55	48	119	86	9	118	123	69	61	9	56	4	112	52	120	29	81	26	87	23	96	124	43
70	26	9	108	118	67	34	103	29	0	37	87	65	114	13	67	37	70	23	118	104	77	13	110	20	45	92	12	83	85	96	104	71	117	37	124	46	15	29	70	50	11	97	103	57	73	124	77	13	28
24	51	15	99	110	36	37	63	45	124	0	56	118	20	60	33	7	2	96	74	26	5	19	17	32	27	96	78	34	63	43	3	11	6	58	39	4	49	94	109	63	77	106	75	23	104	111	20	118	54
16	4	5	3	90	48	104	2	113	101	40	0	26	124	51	23	106	6	110	3	13	7	73	29	90	123	82	44	71	23	86	22	26	83	77	91	71	77	86	119	80	1	94	104	64	3	36	11	38	119
94	97	103	72	42	69	115	16	10	27	114	76	0	1	100	69	112	96	80	51	101	101	93	83	30	20	87	83	122	50	108	82	112	38	67	86	47	28	47	73	46	37	33	37	70	117	53	35	29	42
51	72	114	87	45	90	19	85	67	91	75	25	16	0	94	58	45	102	21	17	70	76	15	29	85	96	116	73	5	16	96	116	76	116	57	25	64	121	65	88	116	94	76	90	102	120	4	17	26	52
5	24	106	21	5	73	72	96	111	42	69	67	122	23	0	45	48	94	68	77	94	107	28	57	66	3	43	15	3	58	34	71	45	54	62	102	1	114	91	33	10	7	81	54	99	56	8	99	24	63
63	72	113	75	55	96	99	65	76	80	52	82	19	80	122	0	97	84	46	9	52	42	122	32	17	58	41	67	37	63	72	6	8	30	20	82	87	60	43	31	60	98	82	102	93	114	9	106	108	120
78	43	35	57	115	79	85	110	75	115	27	48	102	114	15	73	0	42	28	23	104	74	44	15	37	15	50	58	77	117	101	99	32	114	100	39	69	29	40	10	19	40	81	60	53	14	5	85	124	35
107	19	52	111	44	58	86	85	106	18	24	99	123	124	11	95	57	0	52	59	1	21	63	79	30	112	117	33	56	111	15	71	45	102	98	64	69	30	49	84	90	45	81	56	81	92	29	77	111	41
70	56	36	101	1	107	103	48	3	52	42	30	10	6	22	49	45	99	0	109	96	73	10	39	82	58	16	119	90	72	84	29	55	100	13	13	81	54	60	32	42	92	36	85	14	72	101	61	106	25
44	9	61	71	111	26	122	79	101	75	105	58	86	116	107	32	56	49	105	0	58	37	49	62	83	25	110	99	116	110	38	65	91	78	42	85	86	29	111	9	97	2	121	33	78	96	39	80	18	112
8	41	78	31	103	15	122	40	96	106	102	116	100	90	55	61	99	50	16	44	0	68	25	13	14	107	55	17	80	116	109	91	32	124	97	31	53	103	121	52	93	79	13	26	32	47	99	114	21	69
61	110	83	6	17	48	49	67	8	49	85	65	82	50	88	123	84	63	5	47	44	0	37	57	28	78	52	100	78	12	99	38	80	66	99	87	122	24	122	3	91	14	16	113	4	12	72	102	103	29
49	57	22	9	64	37	90	98	12	19	43	122	101	115	8	109	65	19	79	22	105	7	0	76	102	48	121	77	40	99	71	29	54	92	22	74	54	68	5	97	26	25	67	68	107	97	54	95	82	69
104	124	51	58	55	98	86	71	22	79	59	80	41	107	5	24	105	91	35	56	40	63	94	0	6	101	53	15	72	80	81	94	27	89	96	92	119	4	44	61	47	55	79	90	98	103	46	72	30	31
48	120	106	84	57	73	30	62	49	23	21	94	72	104	79	112	42	66	122	68	105	31	107	44	0	47	30	124	28	40	41	24	38	7	45	120	67	79	16	93	91	8	60	75	43	43	38	100	79	101
81	99	76	29	34	47	17	104	28	12	5	33	44	23	11	117	104	72	28	62	7	106	37	30	58	0	124	50	91	45	64	37	123	62	27	93	119	15	78	79	20	107	123	25	84	57	22	99	117	38
8	116	121	38	21	79	120	75	69	36	55	117	50	52	47	120	81	43	114	77	79	45	91	49	84	3	0	1	29	121	97	83	21	45	96	51	14	77	101	54	46	67	94	18	97	115	83	23	61	12
87	57	108	95	55	15	6	27	26	80	3	25	65	55	45	123	90	81	116	60	67	11	33	40	120	58	43	0	45	106	40	124	12	124	45	28	84	84	12	11	93	106	117	118	37	82	32	41	7	84
118	65	45	20	68	99	40	56	121	110	104	114	51	117	100	40	111	41	49	58	81	96	62	55	25	111	67	119	0	106	4	30	48	6	110	20	83	80	61	7	17	25	52	37	118	95	38	116	78	94
8	31	109	118	49	96	106	83	62	6	40	78	118	98	66	14	38	18	86	51	111	15	45	78	90	62	23	51	69	0	96	96	12	72	113	77	49	32	117	43	70	22	93	99	90	8	69	81	98	39
111	63	10	70	21	102	85	43	6	123	8	87	26	64	66	39	46	3	70	83	58	72	5	13	51	73	119	111	116	24	0	20	89	38	5	12	10	119	77	94	74	46	109	20	31	86	59	16	117	118
11	31	119	109	75	26	28	77	2	107	57	115	61	94	75	77	102	13	3	38	33	25	68	89	61	103	31	31	24	48	54	0	38	52	56	60	98	107	18	31	98	68	82	37	13	95	72	36	50	7
118	124	14	77	36	5	23	78	113	28	60	11	37	1	50	37	45	75	111	21	107	80	23	100	38	58	75	17	10	49	68	72	0	85	79	45	121	35	86	84	28	116	32	74	57	33	17	69	77	47
86	119	94	41	82	107	67	53	66	21	74	18	96	34	107	68	70	14	122	46	107	116	43	18	113	42	64	21	73	49	116	14	19	0	104	30	60	38	92	79	45	72	11	7	16	71	15	4	1	55
61	88	88	86	64	27	59	35	8	43	43	46	109	52	46	49	55	75	25	42	68	18	21	27	31	35	105	23	121	104	90	115	91	74	0	51	12	103	22	74	123	85	116	70	95	39	114	20	103	97
31	38	38	103	28	73	69	15	121	67	35	5	83	68	89	13	59	65	91	13	91	103	19	88	18	9	40	37	110	86	114	117	119	73	63	0	124	24	8	29	90	85	116	99	105	72	68	61	124	73
9	6	46	65	31	51	26	93	68	108	99	54	48	13	10	112	98	2	31	64	95	48	85	108	23	114	32	29	124	122	105	67	1	29	65	38	0	75	113	104	48	17	58	9	38	107	108	54	80	75
81	79	97	67	86	25	110	114	14	57	119	45	114	23	42	32	32	34	2	44	43	104	77	54	58	90	112	117	86	40	17	83	3	4	91	119	41	0	6	120	24	14	120	89	40	5	77	48	86	106
19	88	81	110	2	108	60	61	87	31	81	10	16	90	72	62	17	30	34	122	70	31	68	112	77	13	93	14	102	60	17	65	64	71	48	30	95	58	0	98	50	31	2	28	69	41	18	112	26	60
40	57	108	85	93	118	93	76	44	89	112	71	99	46	65	71	118	13	77	6	78	37	44	119	64	10	81	60	65	16	6	51	19	23	89	114	47	103	23	0	53	45	66	27	86	112	14	111	42	40
11	96	51	57	53	92	92	86	107	114	26	47	90	83	16	1	103	95	43	116	9	122	111	80	81	107	13	95	8	52	82	39	38	117	122	118	3	31	105	19	0	51	114	27	77	12	64	78	43	57
97	80	14	2	27	23	45	98	81	101	91	105	81	26	84	55	111	57	123	51	101	104	14	95	30	36	66	74	95	95	92	106	3	5	62	55	24	95	40	102	54	0	109	68	8	117	63	39	109	113
16	46	44	79	78	57	20	60	36	101	70	48	25	114	62	35	44	70	75	64	58	120	107	8	57	43	30	45	108	34	86	97	106	92	8	25	54	88	8	31	21	67	0	31	13	55	92	73	109	123
83	24	3	53	48	24	51	97	81	111	97	58	91	84	102	7	84	27	28	101	1	14	22	115	23	110	51	100	25	124	76	115	9	44	105	13	37	40	45	20	47	58	101	0	36	2	40	108	95	77
117	89	81	19	20	113	84	76	80	68	55	56	41	103	88	114	86	45	39	9	119	102	121	104	45	105	19	73	102	32	70	113	102	118	21	73	33	13	72	7	82	68	43	96	0	109	48	59	31	33
28	22	89	1	87	86	89	115	6	87	7	9	105	78	97	108	56	110	47	86	54	112	22	2	25	39	74	79	79	116	122	72	43	17	108	73	117	106	14	60	40	51	19	84	2	0	88	45	73	3
86	32	112	75	120	123	92	7	123	60	39	59	46	116	73	114	123	103	124	61	11	61	35	44	72	96	115	81	16	81	113	90	96	70	69	38	24	116	102	53	105	16	38	37	82	102	0	89	46	104
65	96	38	10	90	67	76	43	118	104	21	100	70	28	111	82	39	66	33	7	101	26	49	21	49	90	1	30	29	103	54	16	65	78	47	76	10	54	37	82	104	15	59	25	110	46	16	0	25	18
112	27	16	103	99	102	11	33	47	6	17	83	31	9	77	4	60	86	67	24	10	49	40	93	23	2	50	38	82	34	71	40	116	115	6	73	53	39	67	107	98	45	118	62	93	67	51	111	0	58
33	99	15	68	82	115	16	19	92	3	49	103	58	37	97	14	20	68	8	112	32	40	57	20	50	106	124	68	42	115	77	113	16	49	34	109	74	116	71	103	16	38	78	11	12	24	10	15	87	0
M2
0	53	78	122	98	3	57	53	19	76	41	41	31	113	40	44	40	52	60	5	61	75	100	92	18	5	44	11	103	55	52	104	42	68	8	46	104	11	53	26	13	70	67	30	39	56	98	66	112	6
119	0	120	48	5	87	15	38	73	101	118	72	67	80	44	112	110	65	89	8	97	4	102	32	76	72	105	104	119	52	46	117	63	39	69	11	20	33	111	77	113	20	28	68	36	29	120	28	58	68
82	114	0	24	15	39	19	31	34	25	48	19	34	4	67	17	65	79	22	92	80	85	78	67	51	116	22	107	38	20	19	50	9	92	76	29	81	49	100	69	42	98	100	14	6	105	98	42	122	2
123	43	18	0	103	45	73	61	68	24	89	80	80	67	110	54	62	14	82	93	65	98	21	50	70	24	29	10	47	101	72	57	53	80	49	23	46	48	91	25	122	72	83	79	39	34	23	44	49	20
6	82	102	21	0	39	120	114	114	27	41	45	94	53	16	71	1	16	43	6	98	30	31	77	73	106	42	33	30	81	117	107	34	99	97	18	65	100	53	87	78	15	54	96	95	64	67	13	89	75
42	38	20	120	27	0	36	92	91	54	102	45	87	86	34	88	18	80	3	120	3	8	28	25	41	79	93	1	70	78	79	22	91	3	35	75	39	74	33	101	12	30	59	69	105	62	119	64	17	115
89	13	114	8	31	102	0	66	103	83	84	44	93	89	69	29	48	104	93	37	94	36	108	8	92	119	95	82	80	27	60	84	54	22	9	4	60	121	114	96	70	12	118	95	77	107	98	80	70	65
92	60	119	67	25	10	67	0	21	118	101	99	35	23	59	17	7	65	61	35	9	22	51	2	97	8	93	45	67	72	46	104	73	28	5	44	83	51	113	109	30	10	4	4	42	120	10	15	88	76
121	39	82	71	16	124	89	29	0	40	60	21	49	74	78	124	47	85	123	96	41	84	81	60	18	17	99	67	113	106	78	25	4	95	40	39	40	118	121	8	89	73	110	15	58	47	60	52	110	92
99	48	9	99	48	54	18	3	116	0	121	110	1	5	37	120	89	114	6	116	27	6	25	96	92	106	88	98	71	13	26	119	12	75	64	2	4	33	101	12	82	85	87	66	70	107	56	17	32	80
42	19	74	118	89	83	4	8	29	17	0	107	41	54	38	27	16	76	100	59	10	70	5	13	83	89	30	47	95	106	93	47	111	16	2	13	10	48	88	100	75	112	3	97	17	109	21	19	120	73
43	66	37	100	4	59	112	123	21	18	67	0	45	71	85	121	98	100	8	55	25	24	60	114	113	94	84	81	1	36	66	77	99	101	119	1	111	16	122	98	53	31	46	17	70	105	42	11	19	11
16	88	43	56	69	108	48	49	90	16	1	116	0	67	60	7	80	101	116	44	52	113	18	110	22	49	79	91	43	8	38	65	84	35	22	28	102	73	86	54	94	115	121	93	111	121	103	78	67	63
58	117	123	78	17	23	50	48	31	106	46	25	75	0	79	82	105	99	52	82	31	4	12	54	14	91	102	57	24	103	29	60	94	75	75	120	70	44	13	20	44	43	75	89	78	105	86	49	57	19
91	42	32	112	44	98	119	9	64	55	15	67	6	87	0	78	2	60	59	31	95	44	53	13	53	48	87	104	98	41	63	12	59	22	30	52	90	21	118	117	103	101	22	35	113	86	86	63	123	117
81	34	90	76	121	38	16	36	20	110	9	81	107	6	77	0	117	96	78	38	55	99	48	120	52	61	95	97	31	29	12	57	66	83	39	124	64	40	54	31	13	57	48	31	28	78	116	12	56	43
105	103	3	123	54	73	90	95	30	110	30	44	54	1	2	86	0	15	89	80	92	100	88	41	56	70	90	6	26	91	7	38	50	14	111	91	117	8	116	103	106	120	105	82	44	112	106	44	114	66
51	65	37	68	71	21	65	25	103	72	37	87	35	41	48	68	60	0	40	104	9	48	66	20	96	22	118	99	24	106	89	69	56	124	82	101	79	5	65	71	83	95	93	103	58	25	66	94	44	117
64	79	11	60	43	73	6	34	123	63	41	62	59	102	108	101	60	106	0	106	57	1	1	113	78	112	3	120	111	17	1	100	7	120	7	72	110	60	69	97	54	16	73	82	117	24	118	106	67	48
98	104	40	115	96	55	52	109	44	57	7	71	77	33	118	39	70	102	50	0	105	124	68	106	20	49	108	118	81	26	68	34	90	90	4	32	37	37	46	1	117	72	67	6	57	15	19	23	16	52
117	122	7	48	59	73	43	69	120	118	104	107	21	64	98	67	88	4	104	69	0	47	21	103	86	18	107	79	3	122	84	115	79	108	88	54	83	35	77	47	120	36	2	114	23	2	16	105	110	123
68	119	2	89	70	88	120	63	15	16	109	44	94	25	123	48	101	124	41	34	99	0	52	98	62	102	36	61	59	47	13	21	99	108	99	84	29	92	27	119	28	13	22	29	115	16	47	4	10	83
59	48	38	107	9	54	74	91	66	11	124	115	88	71	111	21	22	4	40	17	55	58	0	24	89	27	85	55	112	105	8	48	97	36	42	106	58	51	75	112	90	55	38	15	102	98	4	109	98	77
15	122	13	114	70	81	65	112	99	91	69	118	21	69	100	72	28	116	15	117	30	8	53	0	2	63	57	62	50	33	21	25	45	59	98	105	81	73	20	89	9	25	86	123	122	23	84	67	21	73
20	32	79	72	7	12	55	5	86	98	71	93	1	2	43	18	110	60	9	17	77	15	95	61	0	38	59	24	89	82	112	75	61	89	23	114	12	23	79	16	36	75	113	33	88	59	122	25	88	124
3	11	11	30	27	32	40	78	83	95	18	30	121	15	64	46	12	82	67	12	74	85	80	4	59	0	52	20	58	124	34	31	54	45	6	71	72	15	122	43	99	79	108	74	123	121	83	94	58	11
25	117	92	21	112	65	112	60	112	109	90	12	76	46	9	35	95	123	63	74	75	27	4	101	75	122	0	38	31	111	101	114	17	38	71	51	22	100	43	28	41	69	48	100	56	120	22	47	57	60
1	29	4	124	79	76	6	4	121	51	36	17	102	29	15	27	122	90	10	75	69	9	98	20	1	12	47	0	96	40	47	58	114	68	35	58	26	36	115	70	19	2	44	93	57	52	60	98	78	124
78	124	88	76	76	5	57	98	102	41	26	116	87	94	30	103	64	73	64	111	50	120	118	36	2	47	77	93	0	41	101	83	85	50	84	93	122	9	79	17	71	1	113	14	86	66	84	8	36	16
87	49	22	72	35	41	95	13	15	9	63	1	90	118	49	80	62	66	20	96	68	104	120	67	106	7	96	81	59	0	57	84	79	96	63	111	8	112	21	23	20	2	121	107	39	120	62	91	36	63
12	79	14	14	21	40	14	4	37	107	51	33	118	121	110	51	92	100	66	77	35	6	68	33	25	65	82	106	103	73	0	73	45	83	118	70	7	84	97	33	58	100	22	91	11	63	56	6	104	21
85	93	76	58	75	56	26	39	88	123	76	110	11	17	47	85	77	83	64	108	29	42	40	31	55	16	104	71	77	77	119	0	9	40	69	56	54	111	112	41	74	18	109	43	11	81	105	62	95	26
7	124	24	42	66	111	1	113	85	40	3	34	54	34	118	66	108	12	109	88	92	31	1	13	53	5	35	118	120	42	95	34	0	55	53	9	66	106	78	19	40	8	30	25	59	81	120	60	16	84
112	54	76	82	89	30	40	43	74	98	114	7	14	89	50	75	11	107	124	17	12	58	119	63	20	110	68	94	102	71	120	8	77	0	85	115	18	80	82	13	114	98	46	96	4	86	107	24	50	83
109	88	8	3	54	76	103	71	41	10	70	37	37	110	21	46	24	92	67	9	46	30	124	35	31	121	13	75	82	31	97	31	49	47	0	16	33	29	73	54	102	27	113	26	58	121	96	29	84	54
114	124	22	18	4	4	80	12	32	105	124	93	26	95	37	78	62	80	104	94	86	37	23	87	22	20	8	13	62	69	58	107	10	65	35	0	59	40	2	39	4	78	16	84	123	89	54	85	95	41
97	109	75	35	120	98	49	32	29	56	47	121	66	5	111	76	115	106	69	56	70	80	79	44	21	8	54	53	122	81	115	110	64	84	7	24	0	72	84	42	98	66	80	89	15	78	11	108	83	106
63	36	33	104	106	118	120	63	30	44	2	82	104	25	119	81	80	16	99	106	96	6	88	66	34	29	107	46	88	13	21	96	120	34	20	72	9	0	56	33	2	116	25	22	98	35	77	12	104	44
63	121	8	112	59	23	124	79	29	20	49	46	107	100	123	17	100	1	16	39	10	39	109	61	80	77	97	51	22	77	66	64	75	16	11	94	6	84	0	7	83	30	119	48	116	44	3	79	4	112
28	48	60	28	55	79	113	69	8	17	3	100	76	4	120	65	21	44	119	78	109	17	115	121	33	17	84	93	5	83	102	32	90	104	45	90	31	17	104	0	124	31	50	41	50	116	57	88	10	65
113	121	67	97	124	78	45	6	61	29	22	104	109	101	37	119	68	80	110	74	69	69	33	115	29	115	102	23	94	106	98	18	42	25	68	78	94	77	66	42	0	48	81	86	21	109	57	17	108	18
112	57	75	50	121	102	108	43	100	107	93	89	84	107	61	101	111	110	115	101	49	100	20	103	45	43	67	14	43	73	115	106	75	79	83	65	83	44	107	69	41	0	34	96	117	73	28	67	14	28
29	56	117	11	90	69	114	22	13	29	104	25	21	14	59	13	11	55	9	103	93	87	89	34	96	22	107	16	62	96	69	30	90	31	25	57	3	71	101	40	112	36	0	22	111	15	116	47	81	114
107	69	38	12	25	100	99	1	78	92	1	1	26	8	110	116	77	1	116	80	37	94	48	79	66	4	54	44	50	65	48	85	14	97	72	84	25	105	54	75	72	84	5	0	97	46	16	123	114	17
13	70	90	102	10	46	17	65	22	122	64	5	53	41	52	79	113	95	124	68	119	17	14	28	73	25	70	37	101	35	21	79	67	5	76	29	22	81	25	75	24	102	115	113	0	26	50	71	21	51
80	93	13	40	29	9	69	26	75	96	66	95	45	76	28	89	87	107	84	66	2	72	111	60	47	78	71	69	51	9	85	13	76	104	92	27	54	117	38	17	62	70	20	28	94	0	83	34	44	64
27	34	88	76	119	32	36	30	46	11	90	8	37	56	13	88	45	45	122	106	20	121	93	35	95	94	121	105	22	51	62	13	80	22	42	2	1	42	85	15	72	9	70	117	9	120	0	110	79	78
108	7	123	12	104	38	61	116	53	51	115	56	67	65	90	36	69	16	19	40	66	70	106	52	77	61	67	85	4	30	88	19	25	114	93	11	117	105	99	39	98	62	20	30	103	17	34	0	65	74
109	46	58	2	80	57	91	45	64	27	107	85	34	112	80	35	22	49	51	9	32	1	106	121	94	78	95	87	46	36	112	62	57	49	117	90	60	7	9	54	26	30	100	30	56	101	2	11	0	59
76	40	100	34	12	26	79	40	35	85	108	73	118	25	58	101	43	28	44	57	116	86	62	90	95	17	36	66	87	49	71	69	57	123	60	53	18	92	115	109	120	14	35	58	9	49	93	121	91	0
M3
0	91	47	97	62	69	90	99	104	120	82	78	56	12	91	29	48	72	24	11	49	63	67	87	54	78	22	5	14	81	72	6	56	104	3	61	38	40	100	92	47	103	59	21	75	81	72	50	30	23
100	0	57	28	34	82	80	37	31	5	80	23	43	27	26	98	106	36	56	8	45	115	55	29	91	13	113	39	98	15	4	33	105	117	72	18	63	1	16	11	57	78	118	3	8	118	90	54	9	116
43	75	0	92	102	46	12	16	25	117	49	55	49	22	10	72	2	36	103	47	99	21	27	22	122	120	124	73	8	116	56	89	62	87	113	28	90	71	73	115	82	85	39	92	56	119	86	41	23	35
9	94	96	0	43	122	99	48	2	19	112	108	32	37	120	34	107	13	38	48	84	25	60	83	108	18	3	45	74	65	3	45	9	100	28	25	103	71	19	48	95	17	25	85	22	104	120	40	3	55
18	7	109	41	0	76	82	71	79	104	26	45	46	64	32	124	16	8	106	44	10	65	101	23	32	108	106	35	39	100	57	21	40	78	66	119	30	72	41	25	19	114	10	77	51	77	40	29	30	31
2	30	58	83	94	0	75	56	63	92	27	44	66	35	17	36	42	14	36	13	12	83	59	88	28	12	101	29	14	96	95	64	58	61	49	76	96	71	82	39	114	87	89	122	16	19	74	4	70	74
98	123	44	111	56	120	0	112	47	58	99	89	77	53	57	14	74	35	32	60	108	39	9	13	17	72	76	69	23	5	45	38	40	122	104	119	64	65	27	37	11	21	59	13	75	109	87	34	22	119
6	113	67	109	72	33	54	0	87	7	89	35	95	32	30	15	119	62	124	37	48	49	122	45	75	2	112	31	73	6	92	72	8	66	75	90	120	44	101	2	4	62	57	10	117	100	97	46	49	86
1	34	12	10	87	50	64	69	0	87	104	108	50	3	83	100	16	71	106	67	66	44	41	79	67	75	2	66	33	2	116	67	6	119	93	2	60	53	47	92	77	4	54	108	104	40	103	120	19	35
74	110	114	89	100	76	19	112	32	0	41	2	93	25	27	9	37	36	104	59	41	62	23	18	47	106	68	70	66	120	113	101	79	113	75	115	112	114	22	87	9	96	122	73	62	10	103	22	114	88
74	68	95	124	104	55	24	84	86	115	0	33	60	74	27	1	124	79	78	18	18	74	118	97	33	117	79	57	124	46	81	20	15	79	105	40	14	95	26	107	31	116	51	104	39	66	42	28	44	32
92	107	122	28	5	81	28	61	123	68	110	0	49	84	102	108	79	17	95	11	14	68	92	85	90	79	32	112	103	9	69	87	7	75	84	117	62	65	33	112	93	72	47	25	5	42	20	75	76	106
9	24	13	116	15	109	42	48	30	26	21	22	0	90	7	118	27	54	69	116	40	17	37	81	61	35	112	4	73	107	24	112	7	54	90	4	31	33	57	110	70	27	89	99	39	113	87	25	26	19
44	14	93	94	26	121	121	33	61	82	36	13	100	0	21	55	29	121	35	94	47	106	37	27	37	51	68	6	94	22	48	106	9	113	87	67	69	20	40	47	7	118	100	23	59	108	50	44	6	32
38	15	77	29	42	67	40	99	106	100	42	35	51	8	0	80	98	56	96	115	59	14	28	12	100	113	115	7	9	116	97	85	113	79	48	12	67	74	106	100	113	85	116	25	12	64	49	62	73	22
118	25	29	75	20	62	10	2	3	44	45	50	42	16	35	0	111	123	111	60	62	80	123	34	77	80	41	118	31	4	60	112	98	120	83	33	109	122	13	41	91	112	42	119	98	37	71	90	95	94
2	67	35	63	101	118	101	7	23	56	65	102	81	44	34	10	0	73	23	106	77	56	76	29	109	54	45	51	70	54	78	2	113	54	117	4	26	112	64	121	22	81	58	68	28	32	73	83	119	19
45	33	18	97	63	37	18	65	39	109	84	38	48	62	8	11	88	0	81	80	76	6	53	111	11	17	108	47	93	32	15	82	65	116	84	95	5	13	32	99	114	103	22	103	123	51	17	27	105	75
108	103	122	18	5	124	37	106	46	2	98	2	106	79	98	101	61	106	0	108	2	6	101	51	25	73	105	63	14	116	94	68	20	30	119	95	116	34	21	66	36	31	69	30	69	18	89	3	82	115
110	77	46	19	8	29	120	90	24	8	118	121	58	121	86	20	42	51	5	0	22	121	64	47	5	3	21	72	46	17	29	114	5	63	43	100	81	39	9	117	68	121	10	46	51	65	107	31	105	53
9	76	44	107	50	38	76	12	104	99	121	62	47	97	88	61	101	58	27	26	0	9	27	39	118	22	106	60	60	113	85	41	102	75	40	1	24	102	67	17	13	90	117	62	103	48	27	80	94	57
6	8	38	102	16	79	63	22	109	63	38	94	74	62	32	71	43	113	24	103	101	0	19	124	61	94	66	64	16	119	47	44	58	89	1	5	47	37	56	83	12	118	109	42	124	41	6	75	30	46
51	1	119	14	60	47	4	1	95	44	52	63	34	62	86	23	55	89	29	72	1	14	0	21	75	8	39	24	5	63	111	71	76	54	80	23	88	39	61	51	58	118	65	6	16	66	63	88	83	42
71	42	18	112	18	104	44	77	43	105	75	28	36	30	100	61	3	116	15	19	26	115	116	0	117	74	92	105	21	109	97	112	30	87	14	47	5	90	90	94	22	121	50	87	49	9	77	22	83	116
12	17	100	9	6	26	80	66	22	56	5	27	110	17	33	14	50	120	83	54	83	48	54	11	0	36	92	4	86	97	61	78	11	124	101	57	28	60	14	8	84	1	63	100	37	88	17	16	84	65
105	45	64	89	102	23	123	106	115	121	90	64	4	76	6	55	59	72	59	14	62	33	98	100	43	0	123	1	78	23	13	23	31	28	2	104	14	81	35	46	53	28	110	112	36	71	55	37	82	88
122	34	5	27	50	123	15	7	114	49	90	10	6	37	98	70	107	113	38	62	83	38	34	43	33	10	0	38	53	64	25	44	46	101	88	70	17	87	100	56	62	93	80	97	16	49	72	103	75	57
112	116	123	46	33	76	97	56	33	55	51	100	1	83	71	68	61	23	18	59	19	31	35	59	10	38	20	0	21	60	59	44	85	75	108	96	59	14	77	99	72	74	37	106	108	108	26	88	121	123
74	17	14	42	113	101	113	20	59	64	119	43	40	9	94	56	20	62	20	11	54	51	80	45	20	78	104	102	0	3	53	29	28	91	5	9	8	100	29	88	61	23	8	116	50	49	37	26	64	8
105	85	106	16	50	56	121	5	10	52	98	78	79	94	104	85	98	112	50	27	58	42	102	6	22	105	95	22	102	0	113	64	6	63	47	53	92	41	79	2	77	12	112	73	122	66	43	13	96	41
27	104	54	24	13	4	45	92	3	56	76	89	9	102	96	24	81	28	33	63	83	23	40	11	19	115	62	67	13	120	0	64	77	89	30	82	109	17	18	17	20	46	46	11	38	25	52	15	77	122
10	79	3	105	41	31	118	77	50	5	49	59	123	79	81	23	108	7	90	48	42	9	45	46	38	55	24	19	118	19	66	0	117	22	94	91	35	54	25	16	40	63	117	7	27	48	7	51	58	47
94	90	81	114	73	97	11	119	122	29	14	87	19	85	23	15	57	30	115	78	88	70	107	77	120	98	54	1	112	114	62	98	0	103	77	67	40	99	47	20	110	56	69	74	73	73	104	52	111	70
115	71	22	122	88	53	1	42	10	68	41	63	24	36	68	38	114	61	19	65	75	99	69	7	68	54	21	18	97	56	109	101	118	0	101	61	117	69	94	104	93	90	37	63	50	36	116	59	20	113
98	16	34	57	101	42	56	109	97	81	89	39	19	103	114	26	11	16	26	72	25	20	39	93	97	36	40	31	74	96	41	80	64	15	0	36	54	71	58	93	57	19	109	48	31	61	113	66	48	82
95	14	98	83	113	80	58	49	14	27	20	65	7	88	113	76	18	62	69	3	10	64	60	44	42	55	54	61	84	35	115	78	30	85	90	0	81	115	94	56	109	1	27	13	4	39	16	38	103	44
65	42	88	27	94	51	67	17	48	87	34	6	90	5	111	66	81	51	27	116	19	66	37	86	85	24	67	115	48	20	93	4	87	105	90	97	0	119	119	24	7	113	114	3	46	48	86	27	92	56
50	2	68	97	102	5	59	18	67	63	82	28	73	96	76	8	78	95	74	3	15	14	61	114	119	2	44	92	79	22	15	28	96	34	33	5	85	0	102	44	46	36	63	87	43	56	20	84	45	95
12	44	42	16	53	61	63	91	73	14	25	46	21	9	102	14	98	61	96	94	87	116	39	73	21	73	50	49	121	115	5	107	69	80	90	64	77	93	0	123	17	21	18	20	20	52	15	96	65	118
63	36	117	6	59	15	75	26	34	124	103	12	28	29	2	71	118	58	8	57	72	109	12	33	43	117	7	1	118	41	75	89	60	44	49	71	109	21	65	0	51	11	87	114	33	71	100	106	16	81
38	102	9	119	109	69	57	124	105	106	99	46	56	63	78	62	21	70	37	83	2	67	82	96	2	74	3	11	37	64	102	124	53	12	113	62	113	59	51	95	0	12	15	65	42	98	109	99	62	51
16	74	5	53	109	112	53	50	70	94	7	121	82	100	19	58	60	92	54	12	102	105	90	110	24	90	118	86	108	115	43	22	8	18	99	47	95	19	72	36	37	0	84	112	98	57	99	19	65	100
83	83	95	72	74	40	45	21	96	55	30	22	35	95	7	74	120	52	5	55	65	14	5	2	101	21	50	74	16	116	17	24	16	90	53	96	67	49	78	113	108	24	0	23	122	88	50	9	26	50
122	98	22	25	40	122	89	4	70	24	35	84	41	40	2	109	96	101	49	83	24	90	7	6	89	123	1	80	94	85	84	17	31	26	30	54	111	50	22	4	114	27	28	0	113	5	64	113	124	78
108	62	2	42	83	123	19	85	103	58	12	32	105	2	20	73	11	115	72	111	64	114	40	28	31	83	110	85	79	99	113	91	89	16	88	104	51	110	109	110	72	14	81	25	0	114	65	100	3	50
68	6	97	64	29	33	73	96	44	27	94	4	105	45	25	87	44	121	13	107	83	91	33	101	24	58	97	94	93	91	28	43	52	41	51	67	23	3	35	118	69	13	80	66	61	0	52	92	45	31
9	117	109	4	7	112	102	61	36	9	79	65	115	61	39	111	124	4	83	75	76	87	84	7	42	77	48	55	59	93	55	114	47	66	36	53	4	2	71	36	54	7	38	115	86	95	0	112	40	88
34	119	9	108	48	66	17	34	106	41	82	34	28	111	59	42	57	107	11	79	121	93	49	100	74	120	38	85	79	113	8	24	19	49	118	55	3	99	77	106	52	64	49	107	102	107	5	0	57	85
39	124	88	34	94	15	108	55	32	37	108	40	41	65	32	12	116	45	104	53	58	104	72	31	73	18	77	105	88	96	43	72	41	114	112	70	84	40	85	31	35	96	67	87	48	12	98	112	0	60
25	44	71	30	79	69	23	76	84	33	29	121	101	82	109	65	46	86	77	39	41	110	67	74	111	41	33	59	24	93	96	110	14	19	69	64	44	55	121	16	2	104	69	55	44	22	92	62	79	0
M4
0	49	47	19	2	85	94	26	8	23	22	26	32	22	36	119	65	25	78	47	111	63	28	15	58	88	3	7	72	89	85	96	95	18	111	50	96	108	25	73	121	49	27	50	90	25	53	58	77	38
22	0	80	77	69	56	2	74	70	64	123	87	23	80	104	73	113	47	120	61	100	11	79	70	70	100	9	10	2	69	14	43	11	89	102	57	1	7	89	29	55	63	76	116	71	115	18	84	60	22
57	72	0	53	64	91	6	80	3	56	98	112	55	72	52	1	115	13	102	105	42	70	58	86	20	62	65	117	29	10	49	61	96	22	122	34	60	85	113	110	72	117	43	26	29	60	41	45	75	53
81	78	59	0	44	83	123	30	52	89	56	82	123	104	47	100	18	17	54	105	96	110	111	102	24	34	46	57	49	40	32	88	47	49	62	68	41	57	43	21	45	98	38	87	24	112	52	4	10	123
74	50	91	124	0	74	91	3	11	112	7	104	50	79	40	38	3	21	65	27	91	13	1	62	2	101	27	114	29	91	45	50	6	1	98	91	63	29	119	59	43	48	43	38	44	34	83	26	3	117
31	18	81	114	58	0	28	88	43	61	48	29	31	106	28	34	64	71	51	119	48	95	96	73	62	5	28	91	95	16	102	49	86	60	92	78	99	110	14	23	46	21	95	11	91	86	49	24	65	24
105	21	120	9	46	50	0	121	30	123	103	67	25	71	80	107	106	8	44	6	30	121	95	52	37	19	91	96	25	52	102	4	122	73	24	26	52	111	46	80	55	115	92	106	68	73	102	62	111	79
99	41	20	98	100	12	40	0	77	110	97	107	68	87	74	20	78	47	84	1	25	13	51	66	43	36	98	119	88	56	24	3	51	21	76	113	94	83	13	9	25	3	3	36	87	110	47	105	50	41
32	84	42	28	32	96	59	12	0	31	46	59	76	18	68	102	118	26	50	35	91	25	94	105	46	69	28	66	118	12	6	102	114	23	112	70	44	28	105	66	65	123	104	15	109	15	83	92	112	93
21	121	48	30	124	62	118	36	71	0	47	120	8	80	29	34	123	98	40	21	58	98	82	89	70	74	72	42	56	60	62	5	25	49	78	6	18	98	4	65	120	44	35	68	19	55	55	98	70	13
35	39	24	7	119	72	47	123	65	75	0	8	119	108	79	105	115	32	17	114	66	35	78	16	94	124	101	102	13	87	18	12	30	36	60	86	60	62	98	81	63	35	99	57	122	13	32	39	26	10
12	80	123	3	70	22	12	121	48	15	25	0	90	33	17	29	54	47	42	38	36	95	54	99	113	71	89	38	109	88	67	46	63	48	59	44	1	51	40	101	45	53	82	24	85	43	66	96	119	89
71	16	37	89	76	79	22	8	61	72	41	9	0	101	18	20	59	81	22	114	123	76	64	3	72	78	53	24	106	59	20	44	27	116	121	54	76	110	115	66	119	2	45	8	85	89	115	107	106	62
52	50	113	114	117	64	6	100	18	39	64	61	47	0	35	78	2	29	72	22	99	91	17	56	12	10	15	21	25	93	80	3	50	52	8	66	116	120	13	63	68	58	73	40	51	1	77	89	64	86
68	114	89	33	107	27	16	7	124	50	64	35	90	63	0	104	113	55	123	25	76	95	22	96	53	121	67	52	37	57	32	22	67	15	11	102	105	34	63	10	63	81	64	30	103	67	104	43	4	7
21	8	4	19	98	123	115	113	85	1	16	9	5	105	42	0	5	91	19	119	80	4	62	67	62	115	38	44	90	70	70	36	44	93	89	65	81	71	37	96	34	69	2	3	118	110	56	7	121	78
67	28	117	6	63	18	48	38	118	55	16	32	25	74	92	18	0	21	67	42	37	42	81	52	26	74	18	97	75	120	6	70	43	83	50	107	40	100	28	78	73	92	41	96	61	4	30	74	68	32
80	122	28	46	19	14	119	29	37	57	5	60	7	51	27	6	50	0	95	17	84	68	123	122	73	110	114	108	115	114	27	115	82	71	10	20	26	93	76	50	92	114	11	6	19	26	5	39	124	32
93	36	122	97	87	120	87	78	124	1	102	87	110	124	108	23	100	49	0	31	99	75	49	33	13	118	62	24	4	120	64	87	19	75	12	20	61	53	34	81	89	84	66	92	9	103	32	26	59	7
93	58	70	30	5	33	72	70	35	114	54	77	54	16	51	100	46	27	16	0	36	111	40	117	100	10	97	109	27	119	104	74	52	70	52	23	16	91	69	87	77	37	89	92	53	56	13	62	69	58
93	3	108	13	114	92	54	40	14	47	22	15	91	103	24	86	29	86	40	16	0	32	59	5	58	6	78	90	91	34	2	94	30	115	52	25	55	123	24	103	115	122	26	99	67	88	74	46	61	77
3	40	17	101	69	116	89	57	24	102	25	14	87	1	9	63	53	96	86	49	2	0	56	74	92	51	13	93	49	58	82	106	109	124	12	116	3	29	75	1	70	113	123	66	115	57	74	106	101	8
63	116	42	70	119	3	97	49	12	11	33	18	58	22	107	39	7	121	123	54	73	36	0	9	80	55	22	104	37	68	121	93	29	101	61	42	103	30	116	75	122	88	78	76	59	111	46	3	71	9
121	18	89	73	68	93	83	44	44	101	49	70	47	99	91	65	118	31	58	44	9	94	46	0	104	28	70	55	94	107	48	32	57	112	33	38	67	97	57	76	103	6	78	7	6	60	3	30	116	23
32	93	72	24	112	20	42	61	8	23	70	76	67	94	123	1	55	6	70	124	16	65	118	1	0	112	90	17	32	8	42	100	40	108	75	50	7	94	42	124	100	110	119	66	7	84	43	112	99	13
53	124	29	95	104	93	92	11	123	78	20	17	60	42	93	114	72	61	56	15	34	73	39	80	23	0	73	24	68	22	108	7	123	73	47	65	58	46	25	67	55	73	7	23	6	5	23	16	72	110
92	22	107	91	99	116	96	50	44	63	61	37	3	101	24	35	53	115	50	41	31	54	9	48	80	102	0	20	31	56	46	41	46	29	7	118	109	37	42	67	39	19	124	52	82	119	47	15	117	11
65	100	41	95	30	112	49	39	11	53	31	88	85	1	62	33	114	51	32	87	120	4	91	1	25	102	12	0	87	41	61	77	64	49	2	44	75	66	85	94	87	64	48	9	120	63	94	52	41	75
45	101	72	5	20	80	83	19	95	40	94	61	48	124	6	80	52	98	68	81	1	96	18	19	17	79	88	71	0	6	109	15	122	124	106	55	65	85	20	69	50	112	118	8	122	24	52	29	50	62
51	44	89	35	109	84	70	47	93	104	107	87	35	67	116	72	16	95	20	22	65	102	3	58	62	2	21	78	106	0	103	100	102	48	89	72	92	80	5	102	45	14	91	78	104	85	87	44	57	90
122	56	4	18	37	75	31	44	59	84	92	115	97	124	3	32	35	112	58	96	83	66	117	39	29	48	115	96	112	18	0	7	18	58	84	62	67	66	30	79	100	92	51	113	110	32	19	100	123	83
9	42	16	90	97	67	104	77	114	94	108	81	30	110	37	68	108	77	48	96	69	73	4	72	66	104	79	77	56	121	113	0	53	33	11	88	6	27	18	7	76	34	56	116	83	72	64	55	64	103
37	64	121	84	80	11	24	60	69	89	53	12	48	92	9	51	34	81	25	120	42	28	51	96	56	73	107	14	76	34	75	15	0	30	107	98	31	115	117	30	118	54	36	55	37	1	76	8	28	33
27	53	86	35	63	82	123	65	10	44	102	113	104	2	12	123	67	72	56	15	55	106	113	18	24	81	36	105	2	103	20	34	104	0	86	70	87	117	55	96	98	36	59	85	28	74	110	103	115	96
49	117	62	40	75	72	90	109	28	39	2	108	91	56	42	8	82	33	113	58	39	28	83	93	93	89	57	49	39	26	30	117	2	116	0	114	28	62	56	62	55	66	79	88	57	13	12	41	74	87
1	100	111	33	92	114	79	111	115	71	58	43	105	121	72	111	17	101	81	4	36	19	79	19	65	21	56	27	107	115	34	108	62	105	119	0	94	117	79	95	105	45	77	55	124	19	121	40	26	95
22	4	15	15	85	103	110	36	93	116	38	35	81	9	118	122	11	32	87	93	28	71	93	7	91	41	28	35	115	123	103	71	75	81	20	29	0	53	7	87	28	106	45	68	79	107	14	51	26	18
35	56	42	54	20	116	12	15	67	116	21	43	63	41	100	31	88	121	23	5	121	99	82	123	72	11	124	92	82	54	54	29	53	101	17	42	33	0	117	68	7	108	122	61	72	120	124	31	108	37
107	98	61	110	70	116	91	105	2	23	34	14	112	56	14	121	8	107	42	32	65	64	113	63	25	90	97	72	101	23	95	46	70	19	15	92	74	50	0	89	98	46	99	38	2	49	67	20	10	114
59	19	18	77	13	16	4	44	11	120	89	58	53	106	100	34	76	68	15	86	54	86	53	19	24	62	6	25	66	39	101	68	28	105	74	47	57	27	52	0	19	71	118	109	41	35	74	45	79	99
94	30	107	52	57	22	38	60	43	4	39	92	9	16	72	74	99	111	20	88	97	3	36	115	48	87	64	73	7	83	95	73	5	122	38	94	111	106	91	70	0	19	115	52	3	67	106	12	46	90
122	65	3	61	74	48	84	94	122	100	88	107	34	25	16	2	105	54	108	121	79	37	11	9	105	114	90	48	90	77	71	82	55	28	71	14	34	4	14	47	79	0	87	62	27	75	120	105	82	122
106	23	92	16	100	60	10	4	114	90	107	46	17	62	122	59	28	68	57	74	93	36	48	91	51	43	114	121	63	51	30	21	48	19	38	37	3	114	121	108	27	53	0	98	37	12	90	47	119	87
19	56	60	5	2	91	59	103	18	42	73	93	97	45	105	6	30	109	64	81	45	49	110	40	89	72	112	46	9	109	47	1	77	9	31	41	109	29	27	71	39	51	68	0	8	20	122	10	7	116
90	66	46	65	98	93	54	3	27	61	40	79	103	110	90	23	49	74	4	29	62	54	117	97	81	105	32	5	44	72	103	89	26	64	99	109	55	33	59	36	33	31	92	97	0	115	31	78	13	69
78	61	23	122	94	119	123	23	44	76	18	9	86	2	13	94	123	63	85	59	47	7	120	106	30	108	17	20	110	87	78	97	101	123	77	120	119	43	112	83	105	106	62	9	51	0	53	78	110	110
4	117	104	22	62	3	88	54	53	74	110	109	15	8	45	5	101	24	68	118	63	124	46	123	20	46	73	46	12	103	23	67	105	56	35	112	103	116	15	86	69	38	94	113	33	88	0	86	70	17
38	83	96	72	33	16	41	22	38	27	104	34	34	39	80	48	92	53	113	94	89	121	93	108	87	95	40	91	107	27	7	18	16	11	78	48	27	43	38	121	14	106	91	49	64	3	39	0	5	16
85	89	90	108	88	33	55	57	30	14	39	109	59	69	117	77	50	104	57	108	2	32	12	106	91	75	11	20	17	5	19	85	39	121	107	54	46	92	96	68	103	111	124	11	9	63	74	60	0	4
109	3	95	89	50	67	109	53	81	27	101	69	87	1	32	50	59	124	118	69	77	104	23	64	117	123	108	88	91	15	24	27	44	3	118	74	107	92	97	103	87	103	11	32	71	106	55	107	19	0
M5
0	84	61	57	24	8	106	73	18	85	72	19	56	62	123	4	3	11	1	45	79	76	54	19	29	21	78	38	40	111	78	53	9	16	77	104	83	40	38	87	8	86	79	31	35	80	109	49	97	71
3	0	43	77	61	120	117	45	86	10	103	1	35	117	82	57	38	55	4	17	117	69	100	109	101	54	114	27	56	78	2	83	63	73	50	75	25	98	11	105	8	15	6	9	15	37	121	82	105	70
122	72	0	87	111	24	51	7	51	21	81	93	97	59	104	81	102	2	32	122	70	97	10	18	52	32	44	59	44	72	21	14	13	21	108	104	108	60	17	79	124	10	45	39	79	19	78	57	45	26
19	69	27	0	70	13	123	85	102	9	43	68	67	78	19	89	84	95	6	36	77	21	121	81	101	66	110	32	33	60	10	45	75	93	10	118	36	75	110	78	23	107	87	11	90	101	90	67	20	115
56	29	110	30	0	86	106	75	89	21	61	106	124	45	58	49	48	22	29	19	110	35	122	110	89	58	117	104	78	34	32	107	110	82	7	109	94	75	10	95	108	99	115	98	114	110	109	44	39	114
97	82	114	108	62	0	65	5	64	103	54	19	122	7	72	11	89	45	66	91	92	105	87	43	46	115	97	15	112	34	103	81	102	74	83	37	64	115	97	77	82	33	107	70	88	79	88	107	16	4
12	106	40	82	109	107	0	54	78	44	76	47	108	94	54	108	116	44	33	38	6	52	80	85	61	40	26	2	28	27	51	103	25	21	52	99	9	104	70	63	116	108	70	123	50	80	69	61	40	25
87	65	82	34	84	40	70	0	104	71	22	67	81	104	31	35	82	49	97	77	28	118	5	61	62	34	14	12	70	103	71	68	7	17	81	70	33	85	31	31	30	33	22	104	17	20	28	118	102	45
16	108	91	117	54	91	33	21	0	101	90	25	118	55	83	8	90	47	74	49	2	14	16	29	7	85	111	47	31	11	18	26	69	109	51	19	104	8	107	1	106	109	69	96	60	111	2	89	34	76
72	90	52	62	65	38	104	10	121	0	81	110	75	9	91	105	33	104	43	39	31	102	49	4	98	47	14	115	21	21	103	28	53	48	52	3	118	64	98	82	57	110	101	93	121	24	78	94	93	95
31	56	31	43	115	71	90	61	77	77	0	120	121	67	83	17	108	87	43	119	121	106	86	74	117	39	47	110	31	54	55	120	102	110	90	36	115	115	59	73	89	33	104	54	71	40	40	30	116	108
40	122	65	60	35	122	119	19	30	58	31	0	6	86	98	80	44	124	68	101	68	109	120	50	75	89	21	40	120	69	55	58	41	29	52	67	62	108	102	37	116	84	35	57	83	118	32	112	102	64
20	4	96	10	18	47	96	36	29	111	76	48	0	81	49	66	99	78	23	68	9	1	99	102	112	46	50	106	36	79	33	69	114	25	45	52	62	17	4	59	61	16	24	88	55	122	81	4	10	114
47	12	78	17	106	70	7	28	110	57	52	49	54	0	108	30	87	46	14	87	79	30	124	16	102	50	4	3	92	23	53	72	67	99	57	52	63	42	61	18	95	120	85	88	25	13	23	113	82	45
40	47	5	49	27	114	90	121	87	7	57	118	55	19	0	90	113	93	60	17	83	64	9	50	122	8	20	113	124	123	91	2	53	43	50	59	51	71	57	88	77	19	13	105	117	103	7	79	114	117
122	90	95	15	78	120	66	54	50	76	107	105	113	82	51	0	38	92	91	90	11	29	11	39	18	48	103	19	58	117	48	101	101	28	86	9	44	62	94	57	122	89	70	56	49	6	56	115	18	65
42	35	45	78	79	37	98	93	66	73	34	106	8	42	121	82	0	18	65	107	32	65	113	28	4	33	65	45	16	22	46	81	4	63	66	71	112	72	11	61	85	37	35	33	27	85	1	110	108	114
75	108	47	60	33	123	112	48	108	69	64	74	108	54	82	20	58	0	60	29	76	57	2	40	81	33	65	106	29	13	100	73	64	36	21	26	34	23	56	66	100	37	104	122	52	43	114	120	114	70
53	82	106	55	55	54	40	76	28	122	80	82	103	85	21	10	17	124	0	2	75	12	95	78	76	22	87	38	59	47	80	13	104	38	17	110	45	21	55	33	48	76	25	101	62	111	22	100	124	90
111	33	86	93	10	16	81	74	24	107	87	110	63	94	101	78	60	95	96	0	116	48	76	85	1	61	70	25	93	25	8	71	56	112	5	114	69	75	101	33	28	52	83	29	48	68	76	65	57	53
120	65	100	120	89	76	101	32	88	11	121	7	34	105	55	120	102	124	123	13	0	47	39	30	86	29	5	75	108	11	66	55	72	56	89	22	64	15	34	64	32	121	36	123	23	58	47	47	109	64
115	109	122	90	83	114	92	4	108	16	89	42	112	100	57	76	89	94	2	73	103	0	82	82	9	82	4	18	48	33	65	43	62	116	41	36	117	29	75	84	62	29	45	62	25	28	43	55	36	19
76	10	7	52	111	4	81	105	20	81	59	10	90	119	76	70	102	88	45	114	89	124	0	1	47	66	92	27	73	57	103	100	117	13	120	87	26	115	38	40	32	36	71	111	116	50	24	16	72	18
70	59	80	95	73	110	46	86	14	80	78	13	99	113	29	116	70	108	48	68	102	79	6	0	16	111	59	58	68	54	97	5	51	102	124	44	42	92	52	123	93	55	53	58	100	50	102	59	19	52
17	19	79	38	14	22	29	93	96	100	92	115	95	32	9	12	107	1	10	16	106	102	50	84	0	27	93	86	75	24	43	13	87	33	89	16	110	27	40	121	51	7	76	18	104	89	101	111	78	21
71	92	100	47	23	26	113	48	81	56	33	19	102	60	30	29	39	8	7	44	119	72	39	35	6	0	61	25	90	68	123	40	30	5	16	28	18	23	65	48	122	104	45	13	32	16	39	62	26	23
66	90	114	41	10	124	12	102	11	120	43	72	98	86	77	51	17	31	29	86	70	60	96	64	35	95	0	68	94	115	70	71	74	91	23	26	51	41	20	109	14	103	117	72	34	6	114	3	89	93
12	88	42	44	89	28	49	77	95	61	58	1	23	112	102	114	14	65	123	3	82	87	82	22	105	108	36	0	106	100	47	121	124	49	71	63	93	93	63	86	49	64	2	36	68	92	122	20	54	71
10	72	86	56	41	85	23	37	17	65	77	101	103	30	4	21	97	46	54	46	62	20	24	40	63	63	110	31	0	99	113	85	5	9	59	84	84	29	117	59	97	90	18	12	4	89	73	5	101	31
106	114	66	96	7	22	45	101	84	83	48	68	50	22	44	79	93	19	72	74	86	31	85	57	75	43	24	71	12	0	39	17	103	81	68	39	76	18	11	91	25	78	111	55	75	121	60	95	106	27
17	70	38	90	35	37	75	75	97	83	19	107	27	41	44	27	62	115	123	89	31	51	54	56	108	47	73	123	31	112	0	96	59	56	23	116	41	117	97	108	14	15	59	48	123	23	119	72	97	93
92	74	73	68	30	86	60	30	94	35	100	26	99	49	108	94	13	97	39	20	23	55	45	52	34	55	78	93	124	29	41	0	18	33	103	8	59	124	79	45	120	102	86	102	22	107	82	67	69	20
103	3	57	59	116	107	8	43	83	112	61	101	123	78	41	16	96	123	9	39	45	119	45	53	4	53	3	111	59	46	19	39	0	96	36	114	61	54	47	95	80	78	121	12	19	61	23	97	16	28
89	121	91	52	53	6	11	87	6	90	13	87	1	87	83	1	58	28	118	58	116	70	91	8	4	39	19	37	36	102	23	84	13	0	49	84	103	23	120	117	38	15	40	8	18	109	21	59	79	55
76	61	3	105	104	104	118	32	121	44	120	124	71	44	42	67	15	58	6	114	51	98	84	11	116	95	70	21	45	13	58	75	114	76	0	66	83	34	101	57	107	123	84	121	16	2	107	14	115	64
38	122	70	124	6	102	51	94	70	83	102	113	12	123	105	68	90	111	28	111	20	118	8	43	53	94	33	117	4	75	83	66	37	1	42	0	81	99	119	72	9	28	18	69	33	13	54	75	60	16
56	77	7	2	1	13	14	39	90	94	120	46	16	88	85	53	117	90	81	92	65	11	29	111	74	107	91	118	87	101	36	123	123	27	55	20	0	49	30	53	54	27	90	68	61	87	60	10	72	8
58	72	28	17	55	83	15	76	122	50	72	51	114	13	50	96	79	8	3	11	91	65	34	67	4	119	22	4	118	48	65	11	71	47	31	77	22	0	111	102	88	116	30	9	108	112	79	39	62	95
31	81	35	108	85	87	117	43	39	40	67	73	109	113	26	38	35	55	3	103	62	41	46	60	124	82	15	29	24	74	41	96	83	94	45	118	37	123	0	78	8	67	122	45	49	47	38	7	28	109
9	71	119	18	43	4	24	36	90	108	114	81	123	108	11	40	84	112	37	103	99	95	46	50	44	39	108	38	18	88	16	9	8	89	17	73	122	10	45	0	66	95	69	59	56	17	22	47	65	49
88	30	99	21	58	25	61	94	114	5	81	94	88	11	12	118	11	119	80	90	106	9	122	54	38	115	79	70	97	77	114	67	95	16	102	67	99	34	29	83	0	53	56	122	46	7	55	64	118	67
4	26	57	81	20	90	65	119	103	100	85	79	3	62	47	35	39	73	92	97	8	107	87	95	18	56	13	24	98	29	109	15	120	35	58	89	30	83	120	6	30	0	20	100	22	9	69	100	80	24
109	124	48	100	58	76	71	87	96	119	1	2	56	28	9	50	112	50	31	84	70	105	101	93	55	17	34	65	91	46	58	18	65	113	66	62	117	35	23	25	33	102	0	108	29	91	12	108	124	27
41	49	76	120	45	25	53	2	95	31	49	123	33	68	73	57	61	14	116	4	94	82	31	100	61	71	106	117	31	19	53	54	85	34	118	35	108	106	112	98	84	111	121	0	77	39	113	117	85	15
118	78	35	26	92	120	105	79	47	68	37	10	99	44	105	39	115	45	90	108	16	36	34	91	55	99	29	121	93	81	35	72	104	111	11	118	108	121	55	103	123	30	40	79	0	106	61	102	55	48
35	43	124	9	30	66	87	72	85	98	47	62	22	52	7	63	99	82	54	27	53	24	65	73	16	109	74	75	68	102	85	74	113	5	3	55	111	29	30	55	89	68	31	96	122	0	39	13	81	22
6	33	79	122	37	8	96	84	19	33	64	33	45	7	61	27	62	108	87	116	74	110	78	31	15	123	49	70	38	84	114	78	16	22	85	104	67	87	78	76	83	77	32	46	6	117	0	116	115	34
74	1	68	56	10	23	108	55	78	48	52	95	14	113	63	73	6	77	83	32	70	84	116	33	30	88	79	71	19	94	68	89	50	28	54	22	17	77	59	95	104	121	9	23	20	21	120	0	120	111
53	86	48	82	110	111	14	49	118	105	84	106	91	42	3	76	116	101	92	35	108	25	84	115	75	8	13	117	25	109	77	109	94	80	54	113	86	2	90	116	34	97	27	77	74	41	28	89	0	49
53	87	77	45	57	12	105	111	115	19	120	57	115	91	37	124	94	60	14	122	13	114	51	19	32	13	51	3	39	20	42	73	63	20	18	116	114	33	23	86	31	5	18	46	64	39	73	27	98	0
M6
0	25	119	10	25	107	120	35	11	42	73	81	106	63	29	23	104	104	93	114	64	94	23	4	74	67	97	35	107	26	43	25	2	102	5	98	79	4	51	69	16	123	109	10	34	96	38	71	85	2
25	0	9	58	58	89	21	70	66	69	64	113	11	34	52	27	21	102	43	124	31	24	9	28	26	54	105	82	36	73	104	107	68	22	76	29	78	37	68	97	117	68	42	48	55	30	10	89	80	83
55	17	0	80	48	16	31	28	95	56	109	27	34	95	83	107	30	27	69	99	10	101	108	99	29	122	97	75	31	6	39	27	104	30	21	87	91	28	11	44	99	42	68	69	85	104	116	122	103	124
53	105	106	0	102	58	24	58	77	45	89	56	116	45	55	58	40	60	27	72	8	79	120	103	113	8	13	34	33	124	63	37	69	16	124	8	78	30	38	62	47	16	96	15	4	87	57	75	94	90
38	118	70	103	0	68	69	65	71	65	82	115	91	75	108	113	22	99	98	62	107	48	121	42	110	73	85	40	88	121	21	7	102	54	60	103	73	77	9	61	123	36	72	54	63	2	82	67	48	13
91	112	3	96	115	0	67	22	97	89	65	31	34	122	21	117	47	58	23	108	101	105	10	2	86	114	11	26	9	87	49	102	15	34	60	54	107	96	120	40	103	113	5	92	28	93	64	68	31	104
16	78	103	93	61	11	0	108	88	111	31	85	109	106	99	46	49	17	102	18	41	70	51	4	14	121	11	34	9	119	41	60	19	50	105	54	5	112	54	96	14	70	67	41	123	96	114	87	92	113
113	25	100	28	35	62	40	0	17	89	54	54	103	36	107	78	114	65	62	46	54	3	25	54	63	66	10	90	55	6	37	73	13	58	81	97	99	70	24	81	5	73	41	27	110	81	57	14	100	84
117	97	20	76	94	16	104	20	0	70	82	76	39	83	107	22	31	30	32	11	77	109	48	113	18	15	85	47	117	89	13	49	40	96	87	13	89	111	97	47	114	124	31	60	12	80	16	102	7	94
75	105	77	22	115	82	45	70	2	0	120	115	47	90	28	64	12	117	32	75	108	15	80	95	24	106	90	9	51	72	115	83	10	73	96	56	65	102	113	93	124	31	98	80	64	93	3	37	9	91
67	42	99	3	108	28	64	91	54	18	0	55	8	71	115	21	45	67	100	21	94	123	38	43	41	54	51	68	74	92	94	116	82	105	88	73	61	121	36	113	1	23	65	70	8	6	80	7	59	94
16	26	71	116	69	11	11	116	98	26	39	0	64	122	3	91	3	38	2	84	74	63	114	88	121	80	115	88	106	84	106	108	123	77	70	29	59	66	37	31	99	77	70	74	85	9	91	39	106	58
81	109	9	113	80	95	37	30	2	93	86	110	0	94	109	95	32	122	107	6	98	77	54	119	1	123	97	101	19	68	25	10	37	112	64	53	10	97	122	7	37	78	74	56	19	3	26	67	97	6
86	97	51	36	17	101	41	28	104	80	44	3	67	0	52	84	3	22	51	10	73	7	78	8	112	38	30	45	2	122	94	87	18	17	66	120	12	94	28	25	39	49	16	104	98	112	64	29	9	71
57	62	112	71	106	8	38	68	46	55	18	86	97	35	0	65	90	103	71	54	72	61	67	77	86	54	95	70	27	120	47	117	68	91	58	19	3	124	8	76	83	44	37	114	29	119	70	28	15	116
103	32	97	45	63	108	80	114	40	18	103	42	35	46	13	0	9	73	43	97	101	16	118	76	111	110	115	110	70	43	20	19	100	110	14	54	8	66	9	97	19	88	49	59	18	108	111	47	4	2
6	13	59	70	96	1	113	19	102	40	105	25	4	96	10	47	0	13	61	32	38	75	34	111	17	34	32	106	107	112	80	107	50	51	17	79	119	105	12	65	10	42	76	123	58	47	9	15	60	116
100	7	99	19	119	15	104	99	86	109	88	74	40	67	114	22	117	0	46	18	34	95	8	81	37	26	17	29	73	36	123	107	109	14	4	30	91	34	124	7	9	85	73	80	2	119	88	31	82	54
30	31	61	68	5	108	73	117	49	47	106	101	57	90	97	5	26	16	0	85	42	114	8	35	64	38	83	4	33	92	75	93	56	31	79	32	76	25	93	24	8	100	64	24	18	122	97	9	13	7
26	85	110	56	15	86	107	40	69	41	10	88	86	112	88	105	118	81	95	0	57	42	19	25	47	7	60	119	92	31	94	91	65	64	91	38	48	66	79	101	106	102	54	46	47	94	23	101	115	13
12	59	120	84	74	44	9	19	49	6	74	109	54	26	121	43	21	75	87	74	0	66	100	11	94	86	33	28	68	25	31	107	34	42	101	6	104	90	117	99	91	56	43	18	115	31	92	32	30	79
57	74	81	109	89	21	55	35	3	54	41	20	52	58	110	54	66	32	112	104	94	0	51	62	122	117	80	20	119	50	81	4	16	20	57	3	31	96	22	85	26	6	110	109	105	74	1	82	100	124
41	119	36	123	91	112	21	8	11	109	108	21	113	101	119	83	109	10	37	76	21	10	0	38	109	19	61	77	118	24	69	20	28	26	17	64	28	67	21	123	7	20	109	111	111	28	115	95	69	83
23	93	33	16	124	29	25	67	122	51	66	25	102	70	107	8	68	6	53	68	36	37	54	0	32	59	61	44	30	123	65	7	103	90	51	17	1	68	59	104	3	85	92	38	82	117	50	27	29	43
58	118	54	2	90	105	57	64	90	22	9	111	65	4	69	13	21	5	88	77	45	92	37	54	0	86	12	80	87	48	27	34	85	58	70	103	109	94	8	70	43	29	113	32	99	50	122	32	91	123
20	12	108	4	4	95	74	118	81	85	16	69	55	118	93	97	48	39	19	89	2	10	104	26	121	0	100	12	13	8	69	8	114	13	120	89	57	117	66	5	95	72	96	63	34	14	29	91	32	119
52	112	90	95	24	46	57	85	24	61	114	8	33	65	10	103	12	44	56	108	48	20	117	50	42	53	0	30	10	34	102	99	26	80	117	94	66	102	104	42	31	40	114	57	51	49	73	81	88	23
89	78	41	105	107	113	65	35	86	61	106	56	33	48	56	53	105	75	80	71	82	99	96	70	73	81	22	0	21	91	116	63	113	67	57	124	14	70	80	28	116	52	45	70	42	35	13	47	20	122
111	74	93	95	44	30	92	122	97	7	1	58	33	47	111	36	28	84	13	27	88	88	13	119	67	123	87	16	0	9	12	24	56	9	2	45	74	14	66	15	106	53	52	69	36	12	105	87	28	5
39	54	31	30	4	5	117	5	70	66	10	66	10	102	17	52	83	18	15	94	51	54	25	64	31	77	90	114	106	0	108	45	105	124	53	81	119	21	55	32	24	42	1	53	96	27	38	85	5	59
62	99	66	69	108	38	38	21	31	41	41	88	110	58	52	120	11	112	20	122	58	8	83	2	63	56	23	95	106	64	0	108	59	70	80	35	62	6	88	46	58	84	80	124	18	21	11	44	72	20
124	90	26	90	98	57	116	78	61	26	48	78	99	83	107	20	19	52	87	7	26	77	6	43	32	83	30	14	67	10	43	0	8	56	11	61	35	15	109	11	19	107	48	15	91	59	5	119	101	43
116	59	55	109	35	57	110	94	21	63	7	112	106	115	116	37	37	44	80	1	73	12	10	114	41	52	31	32	48	31	94	95	0	49	8	24	9	116	113	20	92	49	102	36	1	93	14	74	11	119
27	99	84	70	28	76	3	91	12	22	77	120	42	116	58	118	70	94	46	57	27	26	104	40	57	9	58	86	102	74	109	31	49	0	18	76	13	46	18	68	45	48	63	100	107	121	121	3	41	123
3	82	11	108	35	85	2	10	73	82	51	18	22	31	118	10	72	70	105	11	35	112	9	110	20	101	119	8	28	64	104	30	44	8	0	43	122	104	115	77	92	124	89	59	36	34	37	48	46	52
69	94	70	104	60	96	75	2	53	124	79	91	68	43	12	69	123	17	39	67	29	41	111	51	67	36	76	66	77	61	30	56	107	16	77	0	100	90	59	116	111	21	67	107	31	29	41	29	110	13
80	31	31	37	56	47	109	100	8	75	39	44	95	71	112	5	70	90	52	7	33	81	75	43	121	7	26	26	101	28	6	41	51	103	3	100	0	44	50	51	118	107	111	82	18	35	14	59	112	4
123	10	118	36	116	108	4	64	84	98	77	53	65	26	108	37	93	16	59	59	75	122	21	70	34	42	16	86	66	36	65	98	21	51	108	100	42	0	47	7	25	40	103	16	44	59	122	24	61	38
6	5	44	123	63	54	108	81	99	123	29	45	119	31	56	79	30	37	14	102	98	3	114	90	112	115	46	40	57	2	62	59	55	31	74	118	106	58	0	39	10	25	114	90	5	64	87	116	54	73
93	75	91	85	36	44	95	34	86	103	24	17	42	23	106	25	106	109	34	105	97	34	96	53	76	67	110	59	92	64	29	84	92	95	100	79	123	5	58	0	111	80	82	14	2	52	88	84	50	80
119	19	34	78	117	7	3	36	83	16	96	65	96	42	119	100	17	21	16	3	42	122	56	64	46	122	63	98	72	103	40	50	85	19	106	5	40	50	35	86	0	79	108	104	56	77	87	6	61	43
41	77	6	53	76	38	67	6	77	62	28	77	104	56	117	120	29	34	102	35	56	21	8	72	13	63	25	37	115	99	46	14	24	67	61	40	99	68	59	43	87	0	42	99	123	107	60	11	100	93
22	64	60	118	45	20	25	89	14	88	48	29	30	3	25	9	29	69	108	15	117	74	63	101	99	102	23	88	38	84	34	55	19	57	55	100	30	35	96	60	50	23	0	97	62	77	6	60	80	2
23	91	37	122	86	45	55	17	111	124	101	2	70	64	55	91	92	61	7	111	27	21	10	76	11	89	31	49	6	113	123	22	15	51	24	106	9	38	116	5	106	73	33	0	114	77	96	35	53	28
98	110	13	34	100	9	50	21	91	77	25	83	60	73	114	104	29	102	55	68	38	69	81	103	52	99	63	92	43	108	83	65	41	77	46	35	89	111	112	52	91	53	112	67	0	39	35	54	74	43
38	42	57	115	55	73	26	36	95	61	101	78	65	110	4	114	89	109	73	60	111	86	14	114	12	69	41	70	41	104	52	91	118	104	81	36	80	112	78	41	22	97	95	9	114	0	51	112	27	98
65	6	35	38	100	96	103	87	52	88	61	47	27	12	26	20	117	63	14	10	11	2	122	85	60	66	29	19	70	7	85	71	114	5	106	30	89	26	42	120	118	46	54	57	76	22	0	51	64	43
111	85	70	15	68	6	72	114	7	89	88	75	21	79	118	44	57	68	90	47	60	79	30	102	3	100	122	1	121	99	89	58	27	108	100	51	84	78	97	75	37	29	56	93	88	24	120	0	104	87
30	82	21	115	32	67	112	49	9	97	43	73	83	76	50	48	14	50	102	14	19	107	32	31	70	78	20	109	40	96	10	86	55	103	117	16	5	61	33	26	102	5	65	106	19	23	120	104	0	54
106	85	103	50	4	100	112	68	112	120	83	99	84	62	108	24	115	122	118	23	46	24	29	85	46	48	48	24	71	83	64	54	65	94	9	58	17	47	34	16	38	30	103	31	17	25	23	19	65	0
M7
0	7	66	23	14	18	29	48	92	92	71	70	4	91	109	38	86	35	45	96	85	37	47	39	34	2	107	13	91	2	14	65	11	44	31	110	34	102	122	91	67	41	69	109	121	10	111	98	65	115
57	0	8	97	13	33	24	78	33	7	80	24	56	78	13	121	67	95	55	6	12	37	74	66	108	31	72	118	41	9	28	7	104	51	53	28	66	123	116	72	114	56	120	49	93	30	35	54	90	1
46	35	0	8	123	116	108	3	41	113	82	100	50	65	31	73	65	33	51	64	79	97	90	108	107	124	42	102	119	123	74	58	21	58	58	2	111	97	13	49	30	122	114	67	52	23	114	28	46	39
50	26	35	0	8	8	119	106	61	23	38	39	97	61	97	86	111	89	56	105	31	22	69	24	87	88	33	20	35	100	30	97	80	110	119	5	22	121	122	98	4	28	68	45	92	5	17	38	15	99
6	89	66	51	0	4	20	102	17	53	22	55	63	72	108	80	25	37	4	75	30	84	94	4	111	70	81	71	7	57	123	120	15	91	48	112	65	35	109	113	57	19	67	113	67	79	1	3	40	124
48	111	2	94	78	0	90	93	13	34	67	29	15	2	70	90	73	93	86	78	93	106	48	8	35	105	61	36	33	102	105	107	124	33	87	107	107	8	23	65	77	100	59	20	119	108	45	38	116	89
42	29	99	45	58	61	0	46	22	68	6	97	26	60	11	59	103	90	90	74	55	38	7	31	46	100	41	30	45	20	22	35	26	43	28	96	55	27	52	82	20	8	124	115	42	78	110	96	33	95
117	66	118	101	44	105	74	0	67	13	88	66	10	40	41	21	36	109	118	111	65	81	13	116	69	24	115	81	41	100	58	96	85	29	21	64	33	68	119	76	30	93	69	85	69	41	1	69	103	108
71	35	14	19	44	17	20	75	0	54	103	117	1	39	70	54	91	122	104	3	113	105	9	9	51	52	51	47	58	54	42	88	34	103	117	64	2	96	117	70	9	71	105	19	41	37	108	6	115	47
49	39	107	59	20	95	18	48	69	0	80	76	115	64	92	66	108	121	13	60	53	2	4	42	113	115	122	27	73	117	78	91	92	50	21	120	61	69	78	109	1	29	97	38	2	9	101	61	98	31
11	114	8	70	53	3	59	70	96	97	0	70	4	43	55	48	108	56	113	34	58	70	55	36	100	68	88	53	6	112	48	80	48	61	107	20	37	21	83	92	65	25	94	99	52	60	89	75	70	105
66	110	76	3	68	84	115	4	79	11	57	0	8	105	53	98	22	118	111	54	34	83	80	102	32	66	11	50	45	80	75	124	110	102	13	27	9	99	11	63	82	67	18	46	53	110	13	77	102	124
15	91	39	41	69	93	35	15	50	36	50	85	0	73	60	114	111	50	5	39	86	108	88	20	63	116	105	23	113	73	100	116	117	54	53	58	104	39	108	116	23	117	50	13	84	85	9	15	2	118
43	120	78	104	122	76	35	122	119	78	90	91	4	0	108	107	13	39	58	36	28	1	24	5	13	10	5	109	123	74	60	71	79	113	100	108	33	4	51	29	7	101	16	63	45	96	98	122	14	83
80	80	1	30	47	77	59	84	108	115	68	79	107	15	0	6	4	23	73	108	102	36	47	11	66	15	105	30	30	86	81	19	37	109	96	109	115	15	64	107	70	38	103	43	70	112	41	58	65	7
105	102	74	37	45	29	28	14	87	13	54	50	49	75	64	0	81	54	58	85	50	118	32	16	21	1	42	61	13	5	110	90	113	74	92	105	103	61	104	6	89	55	76	12	72	105	71	22	4	33
111	50	64	98	109	97	42	34	53	38	97	25	124	57	107	84	0	88	43	73	87	59	19	75	101	50	95	86	97	104	76	79	101	87	28	11	67	16	115	97	102	59	83	9	115	25	12	72	102	33
16	77	69	111	90	65	119	8	88	9	16	112	87	84	61	112	71	0	10	43	76	124	67	29	35	124	119	56	74	64	38	80	48	61	36	36	7	118	39	51	14	124	103	119	122	103	117	77	118	16
94	1	19	57	92	61	76	59	31	21	122	12	107	83	63	124	37	94	0	17	5	109	12	7	55	118	60	119	109	100	52	96	103	93	116	95	95	71	119	23	8	69	75	108	94	83	36	65	60	83
56	62	26	25	40	41	77	28	4	57	34	26	120	91	112	123	26	84	49	0	40	49	82	57	44	53	58	113	87	100	98	5	93	64	89	88	45	98	41	111	34	13	98	118	83	34	81	101	92	67
37	105	41	118	83	20	115	54	85	61	66	49	10	3	28	91	70	96	61	75	0	50	46	68	40	119	43	37	25	99	39	74	34	34	79	5	21	97	51	47	73	17	120	35	17	83	9	13	64	3
86	101	30	105	115	41	57	85	52	95	66	112	50	61	50	52	35	119	121	66	28	0	83	120	18	36	85	124	30	8	89	116	34	91	79	72	114	28	89	52	48	80	41	114	18	46	82	70	96	41
85	86	48	47	68	100	91	118	3	104	119	21	93	85	87	26	41	110	102	82	81	31	0	24	3	102	114	19	93	86	3	72	42	108	5	98	53	78	58	78	119	23	49	55	100	22	13	111	54	44
102	90	51	111	19	116	8	83	121	3	44	62	86	33	110	34	13	16	82	42	58	31	101	0	77	39	92	83	40	24	80	91	31	53	92	54	5	56	16	96	106	52	36	30	38	16	60	70	89	49
92	21	116	57	91	69	44	15	47	88	104	70	118	57	76	18	115	53	63	76	2	88	118	59	0	117	95	85	65	10	120	11	97	114	99	60	29	113	90	124	29	39	18	88	59	124	122	19	100	39
108	66	32	65	114	12	31	53	64	65	89	12	90	48	68	113	18	114	89	40	49	92	119	122	57	0	29	105	25	83	78	77	108	124	26	17	38	121	4	94	81	46	6	23	98	58	81	44	114	73
120	123	26	17	43	62	32	52	6	27	20	114	110	27	65	102	53	17	86	118	6	110	119	58	99	5	0	76	106	5	32	11	33	24	32	64	5	20	117	57	3	14	96	84	17	106	71	18	13	115
37	91	58	5	54	19	24	82	4	29	68	93	88	66	10	1	110	110	89	12	35	46	71	89	42	94	94	0	66	12	72	49	32	99	22	78	56	8	62	27	102	71	62	30	10	66	38	87	77	46
84	37	81	47	29	74	60	48	78	27	1	70	75	123	102	118	59	9	42	43	88	60	104	85	60	77	49	120	0	53	70	11	41	115	52	114	124	91	115	44	3	87	121	54	19	120	118	102	25	97
117	38	92	117	22	68	7	56	50	19	78	106	108	36	69	50	30	68	98	1	79	76	124	74	63	7	52	43	16	0	39	20	118	112	69	74	101	96	19	1	109	41	108	65	63	73	117	119	70	53
95	38	81	9	106	86	16	36	23	40	49	13	20	69	69	18	106	19	49	122	21	62	54	16	20	6	32	56	71	75	0	71	21	48	120	88	104	2	19	41	104	26	25	88	32	9	34	105	43	68
68	27	100	55	15	124	72	87	124	115	118	68	84	37	21	100	14	86	102	43	5	54	82	76	99	104	88	70	40	98	90	0	72	97	31	64	18	16	81	56	32	69	37	44	7	65	37	80	122	118
68	20	55	82	107	38	117	30	36	44	1	108	8	2	56	97	115	77	95	48	84	66	83	36	13	86	16	78	105	42	59	74	0	84	33	27	121	32	39	101	4	65	107	72	26	6	56	31	43	17
114	19	54	69	79	105	19	3	95	76	74	115	61	49	4	117	99	113	71	57	32	118	12	117	82	36	97	99	98	78	20	25	57	0	57	53	122	73	98	63	86	15	22	25	26	108	57	19	82	89
12	85	62	88	16	89	114	117	123	22	14	39	105	101	114	72	20	21	106	29	71	12	88	11	41	43	10	94	116	92	74	26	84	24	0	78	35	26	73	95	82	42	13	59	99	87	97	67	106	10
12	33	51	43	7	75	95	50	8	78	117	85	57	121	94	109	75	36	71	18	97	93	67	104	54	7	69	76	53	92	18	45	38	63	1	0	42	111	110	1	71	67	78	94	18	108	56	12	32	10
18	27	116	97	12	10	102	21	93	50	67	124	85	70	58	65	11	112	107	68	124	54	100	12	72	1	42	53	21	28	87	51	5	107	86	55	0	121	65	53	56	20	84	6	80	120	61	25	13	89
123	38	38	43	55	116	24	83	6	105	57	86	51	51	4	4	21	73	1	66	112	81	69	71	29	33	51	81	74	85	8	37	26	15	109	35	21	0	75	56	99	92	106	26	8	23	116	3	47	100
108	16	104	124	36	114	122	54	112	26	30	96	47	6	116	59	107	42	15	69	36	74	71	57	12	99	95	44	18	13	69	59	109	104	115	46	123	13	0	12	21	30	107	86	28	7	43	119	92	18
21	14	33	35	65	36	10	113	28	90	120	29	78	26	108	2	68	98	40	28	101	39	102	20	10	52	47	104	109	109	122	83	30	61	96	90	32	118	4	0	25	51	43	46	90	74	28	89	96	9
46	119	34	111	94	40	12	57	37	119	19	28	52	20	25	101	51	34	71	120	34	27	55	18	59	19	59	81	84	95	89	78	70	14	33	42	27	11	9	61	0	81	116	97	73	62	36	77	66	123
95	75	119	82	11	88	13	49	22	81	8	103	94	60	99	27	50	18	33	28	10	86	69	30	70	100	102	31	46	103	54	40	122	55	84	30	73	79	108	108	70	0	98	96	20	57	100	71	16	26
88	119	122	92	17	114	37	43	82	52	123	54	108	118	51	56	65	88	103	23	54	112	11	88	87	40	45	83	60	41	7	85	67	100	53	7	19	93	63	7	11	63	0	35	64	100	113	32	55	16
99	116	108	114	70	90	35	70	114	40	23	47	103	88	92	11	46	21	64	11	11	124	92	21	106	103	85	101	65	97	1	43	99	99	17	55	13	109	23	109	51	14	101	0	58	29	92	6	77	43
67	16	106	110	45	87	39	110	74	2	18	48	110	118	14	90	43	1	121	81	14	78	55	34	5	48	97	10	95	6	27	68	71	52	116	121	78	64	32	80	88	73	15	62	0	49	105	22	91	24
1	4	30	55	6	54	79	73	95	52	41	45	119	99	120	123	52	50	9	37	2	8	104	66	64	17	29	13	6	15	14	86	23	91	98	42	23	39	32	58	100	73	36	5	93	0	14	87	29	86
113	99	38	38	15	97	73	114	84	47	95	81	45	37	109	13	95	13	90	1	110	69	70	47	68	85	33	21	92	1	55	38	85	82	9	94	19	58	82	115	37	11	10	66	17	107	0	60	105	48
110	121	96	37	70	123	49	80	78	60	88	10	35	57	105	65	6	53	124	26	62	84	86	78	115	86	41	63	63	119	123	55	90	114	1	124	120	6	93	38	78	7	80	46	6	103	51	0	101	30
85	117	83	18	101	49	50	104	27	56	47	13	55	82	44	13	104	59	98	13	32	46	5	70	40	3	82	124	100	78	63	53	75	92	28	36	53	26	49	19	26	8	59	79	99	59	16	49	0	58
31	97	116	40	26	52	89	71	78	106	116	41	76	19	84	49	104	114	60	10	42	60	74	22	12	42	31	70	72	41	107	124	77	53	8	20	26	14	95	5	6	81	102	8	3	107	116	90	114	0
M8
0	14	112	67	123	77	37	74	32	45	26	1	78	15	82	8	23	61	93	111	44	105	97	114	76	75	93	45	4	41	7	87	119	61	45	97	51	102	95	109	3	92	117	10	97	30	103	94	98	11
109	0	105	78	56	25	43	51	10	118	36	37	103	97	113	22	9	40	122	102	25	110	48	75	65	124	56	93	123	37	79	66	80	121	67	4	100	109	53	38	36	101	75	4	27	92	45	9	24	109
63	63	0	116	119	57	2	71	10	60	89	34	112	85	99	114	27	88	73	110	7	27	118	31	106	96	117	113	56	67	49	67	97	118	90	36	83	46	1	71	3	30	50	67	44	47	28	124	51	34
42	94	43	0	89	89	102	91	121	31	115	40	46	23	14	51	11	97	75	10	43	16	6	101	63	7	106	32	75	90	37	2	47	39	65	95	109	97	87	30	9	88	105	82	30	90	29	98	113	123
36	81	72	81	0	44	70	93	51	103	14	91	58	70	14	46	75	51	91	76	8	47	40	81	70	103	82	123	71	70	72	74	82	105	30	24	81	82	66	17	91	83	38	72	112	107	55	96	34	86
5	98	33	27	8	0	122	73	78	49	112	68	11	10	69	17	106	11	36	117	121	16	71	102	20	14	49	90	74	48	42	53	92	108	28	104	47	85	8	10	69	105	89	91	16	30	46	96	118	103
113	17	16	110	77	118	0	81	87	114	112	62	117	2	22	122	101	85	1	106	67	70	105	63	109	79	62	38	79	106	118	109	61	6	70	98	62	72	118	11	17	38	85	76	96	118	81	118	103	111
95	59	17	109	24	120	30	0	38	56	76	63	123	5	55	60	82	46	54	97	54	17	122	46	23	70	42	22	62	124	29	35	66	108	111	16	13	119	121	72	103	59	42	89	124	57	65	76	79	54
50	87	109	45	53	29	80	38	0	47	11	28	46	64	114	27	104	73	35	4	63	22	54	94	90	14	94	36	77	11	10	104	51	102	44	39	122	12	58	26	118	96	11	110	118	66	110	68	119	109
66	20	87	97	29	13	77	109	98	0	58	118	23	58	10	89	83	124	104	108	30	85	106	98	111	48	54	115	17	89	6	35	111	117	86	113	71	35	41	103	116	75	43	112	115	93	15	68	93	1
32	51	84	50	5	49	54	105	6	63	0	28	41	26	78	75	89	65	6	114	100	43	39	109	77	117	117	64	37	83	104	86	114	9	65	102	4	79	73	53	120	12	114	97	5	59	73	100	26	35
65	95	110	65	35	81	113	60	69	28	109	0	50	40	119	48	62	78	81	106	124	59	27	110	18	48	110	68	29	62	14	111	32	33	78	65	84	25	66	23	49	29	51	78	117	59	103	29	54	81
92	7	115	50	60	47	121	22	84	119	105	60	0	122	51	59	89	77	74	11	103	13	98	37	60	63	12	106	67	53	49	64	7	26	89	82	2	30	109	70	68	45	92	75	52	86	65	80	105	52
108	59	22	36	90	3	104	3	25	83	67	85	120	0	6	100	99	100	112	24	103	54	12	99	33	98	94	118	44	18	25	15	33	1	3	63	43	76	75	104	69	35	109	30	48	22	7	47	97	21
102	11	113	94	118	27	93	44	65	61	111	39	31	66	0	2	70	46	46	106	91	35	5	95	4	112	25	14	48	33	98	6	69	3	18	59	23	89	16	34	13	8	28	10	29	78	74	9	122	74
70	88	124	62	2	49	70	17	90	38	15	13	68	6	76	0	70	5	105	88	24	107	47	10	60	11	62	28	108	42	53	73	30	22	20	119	110	46	35	46	113	110	27	3	88	85	100	106	120	90
83	116	45	94	83	89	106	98	72	95	24	35	81	75	38	65	0	96	100	37	86	38	42	66	66	115	110	112	92	117	88	25	53	116	18	54	24	104	106	24	100	69	57	68	62	111	20	27	29	53
47	98	76	58	91	30	33	44	79	28	98	78	61	85	78	117	29	0	100	66	81	88	59	48	64	9	70	68	109	30	111	19	43	20	74	94	101	28	29	57	28	45	115	49	80	48	36	11	40	94
10	23	120	110	77	64	44	61	73	65	113	94	84	53	10	31	24	98	0	60	108	83	32	15	33	117	82	40	61	44	101	5	111	8	68	87	48	65	122	100	93	82	2	108	60	46	57	63	52	28
46	85	14	80	69	53	87	114	25	73	99	81	12	48	58	95	6	107	76	0	124	39	54	3	67	19	28	13	29	112	104	7	69	23	90	98	29	4	47	21	26	15	117	20	53	59	122	119	49	17
65	41	105	102	77	77	83	70	1	23	123	88	73	25	31	116	119	16	53	14	0	2	38	108	10	57	44	44	96	95	57	47	32	106	90	99	71	73	1	25	49	103	23	98	7	79	66	72	42	105
93	26	2	29	109	81	29	99	3	72	9	3	91	41	111	10	44	68	48	47	97	0	124	38	111	56	31	52	19	46	2	14	112	81	61	85	90	100	2	30	24	89	87	88	43	20	9	66	66	21
91	109	107	83	78	61	121	27	56	64	84	84	28	2	92	31	18	108	4	20	15	37	0	55	108	95	37	84	97	79	84	73	65	120	51	92	69	42	78	51	77	113	43	4	7	12	100	6	40	123
8	65	15	104	13	119	101	34	89	33	31	30	104	91	18	97	14	68	57	14	116	18	84	0	75	22	50	91	87	32	72	7	101	65	48	4	92	109	87	93	22	14	87	111	40	69	64	20	86	109
79	67	76	18	84	37	120	64	36	75	41	20	21	2	42	36	80	47	11	45	25	98	109	110	0	112	81	64	48	69	11	20	46	23	12	26	61	12	36	110	21	65	23	57	42	92	21	32	19	18
97	107	99	75	116	30	89	13	16	83	110	70	104	73	2	26	70	122	92	8	43	85	24	32	80	0	98	74	36	108	24	83	70	123	92	118	75	9	72	67	111	69	100	81	41	87	43	2	70	65
89	19	102	5	20	112	121	97	26	98	111	106	93	20	52	114	13	13	60	121	82	70	20	99	23	33	0	88	46	92	39	112	87	110	65	24	105	68	110	62	5	100	95	86	32	58	91	3	75	4
7	12	39	87	31	16	47	30	43	80	115	7	81	90	120	85	21	70	17	69	124	120	63	111	49	115	76	0	104	29	69	27	40	14	109	81	46	43	46	55	79	65	20	103	63	63	45	38	123	110
114	20	41	44	105	113	121	70	112	102	39	36	124	13	57	14	106	54	99	105	93	99	28	55	43	118	33	18	0	120	109	51	4	101	9	58	44	117	76	92	22	124	24	37	36	21	88	79	49	76
124	69	4	61	109	7	95	47	67	58	71	65	118	28	55	48	111	2	78	46	76	14	19	86	54	18	48	88	80	0	93	101	40	73	85	51	16	94	49	20	64	29	24	74	103	120	55	61	41	69
62	13	74	71	24	53	64	77	20	61	13	82	50	93	91	40	83	100	67	18	88	41	11	7	59	93	67	59	95	8	0	117	110	108	119	49	96	37	117	11	28	77	38	80	78	112	11	21	25	55
33	113	52	81	120	62	56	39	45	13	24	74	69	12	72	68	80	109	18	118	82	14	17	90	34	58	73	30	30	68	17	0	49	17	96	70	13	99	30	27	79	64	103	120	4	109	28	30	49	108
61	32	109	72	46	74	80	76	65	87	17	16	42	115	46	123	122	27	16	71	109	69	43	7	103	96	112	58	44	45	91	76	0	123	39	123	84	88	31	63	37	76	34	1	23	77	31	83	88	88
83	2	4	7	10	35	75	8	94	87	33	11	39	42	15	60	21	52	120	7	19	48	10	43	93	119	45	2	85	5	52	59	104	0	29	118	61	93	32	67	38	21	82	91	75	46	54	111	47	39
62	61	55	90	37	60	19	91	101	17	93	86	85	61	13	35	57	14	123	119	3	1	20	53	87	104	83	87	87	90	55	110	94	34	0	116	98	30	96	39	116	12	61	77	78	33	76	96	25	73
40	54	58	35	114	8	10	55	11	74	43	34	79	92	81	116	48	89	70	17	1	116	30	4	114	124	93	110	85	120	55	88	48	96	54	0	86	118	35	101	25	60	40	31	92	118	86	3	121	111
4	80	109	122	116	80	67	54	105	23	15	112	63	61	14	18	6	51	109	68	112	58	3	67	40	31	18	28	4	7	2	111	24	3	38	35	0	8	39	32	72	84	120	120	90	69	58	35	55	45
40	50	114	105	1	79	38	84	9	120	38	101	55	50	61	76	11	26	31	114	67	65	49	77	1	112	109	72	16	115	18	113	64	97	5	107	68	0	58	42	4	40	19	37	54	65	85	100	95	76
42	122	111	92	46	54	43	15	106	41	49	111	117	16	119	86	61	80	65	42	82	87	75	63	15	70	77	33	76	120	26	95	48	46	31	62	66	99	0	15	1	24	44	15	100	54	36	107	121	118
31	30	96	9	122	25	3	87	93	51	36	19	16	72	11	2	5	4	66	58	7	99	32	93	56	28	67	89	66	5	107	68	15	29	49	28	35	27	20	0	25	92	23	106	56	58	75	67	102	49
20	85	39	41	99	44	100	51	63	54	35	98	124	31	76	36	70	107	47	27	74	11	49	88	81	106	109	20	7	56	47	76	42	119	114	30	13	83	12	35	0	9	57	107	124	40	50	54	70	17
1	60	114	111	109	60	12	104	103	123	51	100	69	22	77	15	61	105	115	39	57	99	47	47	26	45	15	82	2	30	63	80	96	24	5	26	61	16	72	14	118	0	70	53	102	120	87	16	112	68
42	7	71	109	71	35	24	117	113	16	94	17	29	58	80	33	108	92	30	95	56	17	19	6	71	55	14	24	44	73	109	69	46	98	76	122	61	103	77	68	101	124	0	53	28	69	66	64	88	71
88	34	56	2	123	122	72	22	88	98	17	65	31	11	9	73	101	93	86	15	18	12	69	76	93	70	15	38	70	55	62	8	16	19	22	107	80	118	79	94	60	5	10	0	65	12	49	98	46	42
108	104	56	74	46	17	4	49	18	9	66	25	57	17	100	89	37	57	56	104	89	121	112	5	15	89	78	112	62	68	97	10	56	17	117	103	68	13	1	120	26	85	30	104	0	53	37	121	87	90
88	89	77	37	119	49	83	45	13	10	24	113	42	73	33	66	24	61	94	3	112	83	64	111	124	48	79	4	95	56	101	2	28	6	33	2	78	26	85	25	89	7	32	123	32	0	33	81	91	62
58	67	68	78	44	14	51	50	109	65	97	61	99	40	42	26	34	41	65	78	69	52	14	49	86	21	112	73	1	63	33	56	84	78	24	2	75	104	4	87	73	23	3	69	37	124	0	53	91	86
80	102	34	100	24	85	49	10	92	82	89	84	76	112	41	48	90	46	55	21	98	15	10	40	12	114	21	116	16	76	96	5	37	26	64	71	47	70	42	33	71	12	24	107	31	1	36	0	40	99
98	113	122	10	15	15	107	58	58	88	50	65	97	25	63	79	41	114	80	42	59	31	31	2	109	87	107	31	65	50	81	11	64	12	27	104	69	99	115	37	62	83	10	61	52	95	94	35	0	20
90	4	57	30	69	120	25	60	7	81	116	118	76	123	12	115	34	27	26	3	57	23	42	82	86	8	109	71	14	109	14	124	99	115	18	91	6	41	1	29	28	116	18	48	95	54	72	93	49	0
M9
0	66	43	24	108	34	13	55	71	19	4	108	97	53	37	57	79	94	101	114	116	24	12	34	40	13	30	64	72	63	72	1	3	115	54	101	20	96	112	18	27	104	102	66	24	53	29	64	49	15
112	0	105	99	46	109	72	71	32	12	71	86	24	50	10	48	45	82	90	107	27	95	114	88	40	78	43	83	39	75	54	107	103	106	78	75	76	69	119	47	26	14	48	76	116	75	82	43	2	29
104	113	0	12	64	89	30	64	43	84	51	3	45	104	57	114	16	58	92	80	8	5	33	56	22	46	92	76	1	96	48	31	46	17	75	106	92	42	21	3	49	58	66	114	90	81	33	74	28	80
119	16	16	0	34	110	25	90	62	46	72	89	95	82	78	40	85	81	110	98	51	121	18	88	29	124	101	20	20	122	35	77	63	50	86	28	118	8	46	85	43	86	78	12	41	117	117	41	78	20
66	97	47	36	0	114	89	12	88	123	52	117	120	76	104	61	76	113	76	23	92	71	65	5	95	2	96	58	81	20	82	23	74	12	73	65	109	5	50	88	54	21	63	115	25	52	49	14	65	38
36	114	124	16	24	0	38	71	54	78	65	106	58	76	83	105	105	107	118	81	116	27	44	102	65	88	45	40	91	105	118	57	44	5	115	10	7	24	54	120	6	103	19	31	31	60	55	21	120	2
74	82	91	21	105	54	0	88	68	104	75	98	92	84	15	62	52	100	43	10	63	38	85	58	99	44	22	11	72	120	29	79	28	27	12	32	95	76	87	98	105	32	120	3	81	5	77	16	90	122
38	79	83	45	47	94	28	0	56	78	98	30	97	10	120	54	52	35	5	3	79	121	39	83	106	117	11	22	107	56	71	5	88	77	106	86	81	70	53	7	11	28	42	101	61	18	2	43	75	87
38	61	61	58	34	44	23	93	0	102	114	6	61	17	25	10	9	70	17	96	83	56	66	31	28	115	82	98	32	100	55	4	118	123	26	41	36	15	63	19	25	35	62	70	2	7	102	123	75	38
7	113	123	31	14	29	66	120	20	0	57	80	39	119	96	99	93	94	107	56	92	124	121	98	88	68	61	86	67	33	24	34	39	5	103	93	86	71	85	88	7	87	40	112	58	112	91	16	112	27
51	105	62	119	24	77	70	90	117	72	0	91	85	31	38	67	21	109	2	14	114	69	114	124	88	40	6	17	6	80	122	64	25	105	33	24	98	86	57	64	86	18	14	93	121	70	6	78	7	121
97	37	54	18	1	102	74	57	58	20	115	0	8	66	40	100	79	47	10	20	84	87	51	17	48	18	80	100	43	1	115	102	77	113	59	83	7	54	89	100	100	117	41	105	48	11	97	85	101	93
109	123	84	46	39	94	5	110	53	76	81	100	0	61	15	111	22	42	54	32	39	13	99	66	79	46	109	101	13	6	121	124	106	93	62	68	21	63	34	69	119	7	74	47	29	9	13	55	29	3
102	1	48	77	5	108	16	122	105	50	24	121	42	0	47	3	37	16	60	49	56	50	57	48	58	90	26	24	17	54	63	76	15	20	114	5	9	4	18	45	101	43	3	9	16	119	92	62	77	76
1	3	102	112	43	68	65	91	87	93	105	38	112	93	0	86	9	113	39	60	33	91	85	57	95	47	78	95	67	52	52	27	118	118	80	61	66	113	30	6	15	25	12	8	52	1	122	27	54	32
109	12	33	15	103	58	26	123	110	107	34	44	99	9	50	0	62	62	69	8	114	81	102	17	114	72	45	123	100	64	83	47	66	5	41	70	106	115	42	74	27	124	10	112	6	67	77	60	18	60
35	37	24	43	70	103	107	83	1	95	103	57	55	41	82	93	0	103	88	69	61	67	71	31	32	99	83	74	58	92	123	89	13	20	5	82	36	121	121	110	124	121	122	26	101	50	118	110	74	53
35	117	53	59	71	12	15	11	39	80	31	96	123	48	65	111	14	0	39	102	85	19	83	39	117	51	80	57	107	22	96	103	20	105	99	5	64	97	74	19	92	16	55	60	63	98	77	70	44	44
29	88	35	84	88	65	37	41	53	22	72	28	27	39	36	1	121	1	0	120	21	52	11	28	110	102	79	22	121	31	80	82	77	70	8	39	80	44	84	15	68	50	79	98	69	58	69	30	47	52
51	13	57	9	96	91	112	20	9	61	52	50	108	11	97	66	52	34	112	0	93	117	24	44	1	49	18	113	7	89	85	73	19	90	19	17	108	28	19	124	56	7	73	27	69	119	20	91	57	85
76	11	111	80	2	74	33	113	98	36	109	75	58	35	33	100	36	56	120	73	0	10	63	29	89	9	96	63	34	70	45	89	22	91	72	74	32	97	76	95	64	35	119	19	79	79	14	117	113	79
54	43	17	101	35	80	13	124	90	48	102	28	75	96	73	123	67	64	47	47	33	0	85	55	84	57	50	111	58	96	53	84	36	109	103	37	42	84	50	17	109	124	80	32	31	47	23	124	86	109
15	93	51	114	94	101	54	72	64	13	51	116	8	16	33	40	4	79	45	74	98	78	0	83	95	8	107	117	79	68	110	13	36	88	33	23	59	41	80	64	48	84	77	18	39	31	87	71	11	55
107	37	52	83	38	97	59	93	70	103	44	72	16	55	27	51	118	88	41	36	104	37	26	0	51	54	65	79	59	26	17	33	42	102	30	9	61	92	12	105	19	117	79	61	6	120	108	110	24	120
85	51	17	23	78	81	71	25	79	79	38	104	106	87	106	62	1	121	35	56	115	106	4	24	0	35	8	101	9	63	33	103	77	65	20	114	46	100	70	43	23	93	8	49	25	73	1	116	3	14
10	78	98	5	92	60	22	110	10	100	59	54	15	118	45	44	65	36	121	71	10	30	39	43	86	0	56	34	16	70	44	82	95	106	90	6	84	2	115	47	99	69	4	74	84	118	123	97	122	120
57	56	18	74	11	19	13	38	35	55	28	65	91	103	112	32	40	46	63	56	16	115	66	67	73	34	0	27	6	27	76	116	60	27	21	22	94	7	111	113	88	94	57	74	98	61	8	17	98	94
102	82	13	18	75	104	11	80	88	122	55	90	89	54	71	118	46	95	61	79	49	106	88	105	61	110	6	0	112	9	98	57	116	42	92	32	50	102	81	35	54	62	108	118	57	13	51	30	76	24
61	124	82	15	29	19	72	10	91	92	6	83	112	99	45	93	95	62	78	77	14	26	36	81	89	19	20	116	0	62	4	90	82	44	89	33	26	65	108	8	21	85	9	106	104	25	103	12	98	30
83	111	89	71	121	76	68	38	49	52	61	3	121	49	86	104	48	116	51	55	91	62	11	33	2	9	84	16	14	0	98	8	14	107	72	53	71	86	109	118	50	95	80	27	4	81	40	14	106	121
59	19	109	78	18	68	118	40	33	57	101	90	82	9	96	55	51	90	109	63	80	4	86	19	9	84	32	15	94	75	0	97	93	2	57	116	54	44	83	20	60	105	69	13	30	66	28	10	8	55
30	53	71	69	43	103	24	96	73	19	124	69	95	55	26	4	4	115	9	68	118	35	97	6	64	67	96	95	99	42	75	0	5	28	49	5	39	105	52	36	80	99	106	46	16	9	17	20	37	23
45	57	29	35	80	30	115	2	47	116	42	120	37	31	113	72	17	15	90	106	4	75	50	39	28	109	60	112	72	79	117	111	0	118	68	123	117	66	85	46	107	70	106	96	100	22	51	12	103	26
122	81	14	21	11	76	33	99	82	24	65	120	118	51	95	76	36	59	75	23	82	12	1	94	23	25	33	80	100	117	21	49	108	0	6	91	36	53	81	114	106	45	51	9	117	85	59	6	58	81
54	42	99	64	81	70	38	11	38	25	100	48	19	50	81	123	115	27	103	12	89	88	41	21	109	75	74	86	29	79	104	78	84	73	0	63	43	50	94	35	31	45	43	30	47	91	124	21	75	50
60	18	41	106	22	112	94	112	7	59	10	16	6	30	27	12	26	52	1	68	120	56	106	28	42	121	35	4	7	38	119	83	99	71	15	0	116	4	115	42	46	30	72	27	113	58	52	56	83	54
72	18	16	88	33	77	41	85	59	106	91	40	81	43	120	107	47	29	79	14	60	78	94	110	45	94	83	87	36	43	54	109	124	18	123	80	0	113	96	83	101	84	15	101	21	123	7	80	91	99
25	60	49	42	107	13	74	92	75	102	24	124	120	67	71	78	22	102	72	31	6	103	1	120	46	78	77	39	49	16	109	3	38	104	123	120	97	0	4	107	7	116	14	6	110	47	22	114	47	21
18	55	107	88	123	59	22	20	102	42	100	84	111	19	22	78	107	22	68	82	94	10	17	22	76	124	60	82	78	88	15	99	35	41	4	66	109	36	0	74	39	47	79	106	32	66	99	45	121	70
43	119	35	6	64	30	6	89	51	68	113	33	17	82	67	51	55	92	100	101	53	121	115	77	55	9	60	86	54	76	118	97	5	98	116	33	43	12	64	0	20	37	2	29	66	97	97	77	67	20
83	40	87	93	62	42	23	45	29	91	12	14	115	112	21	116	40	54	43	79	107	101	123	40	5	96	116	77	24	2	59	122	26	52	2	2	102	22	5	75	0	45	47	69	28	33	120	28	108	68
14	100	41	21	55	75	97	121	83	10	123	72	61	110	68	57	114	100	108	5	40	60	5	81	104	119	72	64	2	33	99	21	100	92	33	12	21	87	75	47	9	0	79	83	70	70	31	80	25	23
88	106	89	115	18	22	65	64	33	48	67	89	54	102	70	109	102	21	22	5	40	46	2	21	45	97	91	66	108	24	117	9	116	47	106	50	122	20	71	106	65	27	0	18	60	88	24	106	26	37
84	49	41	105	37	105	18	11	107	78	53	111	32	110	120	33	96	114	55	34	97	78	38	106	8	12	63	109	36	103	23	123	37	24	78	119	31	4	26	90	104	90	11	0	35	7	115	96	10	31
102	122	78	58	86	40	55	35	14	91	73	80	1	87	38	53	56	92	86	89	117	73	32	2	59	11	103	114	85	112	39	111	115	29	122	35	124	49	73	79	105	108	36	114	0	72	25	30	46	64
98	50	105	20	63	93	14	33	97	20	42	58	35	60	87	8	85	76	117	121	2	78	34	117	52	34	115	59	75	43	37	24	14	94	51	56	29	43	26	56	34	90	118	35	44	0	88	69	62	9
14	99	30	86	124	91	119	77	80	77	37	46	94	36	91	43	96	103	99	4	34	99	42	57	100	64	106	11	81	27	120	51	49	104	77	119	26	117	52	60	44	9	47	58	26	40	0	102	48	99
22	48	23	103	93	21	121	62	118	74	118	72	44	79	120	89	86	20	44	107	29	102	97	22	65	90	47	121	30	79	48	59	18	74	124	49	42	19	29	93	36	80	117	40	64	19	37	0	82	80
12	55	76	39	73	10	87	42	9	13	118	98	97	95	101	10	2	97	53	26	56	52	39	92	100	70	37	19	73	24	17	73	106	98	25	35	14	83	45	4	105	20	72	77	39	28	17	119	0	54
108	56	52	23	58	98	78	78	105	61	73	62	91	46	12	11	123	58	78	90	79	51	32	23	72	111	31	93	88	11	52	106	77	10	51	51	11	74	52	42	40	60	5	107	31	116	43	80	81	0
