50  10  1
10
	0	44	1	80	2	97	3	24	4	60	5	53	6	19	7	67	8	4	9	92
	0	48	1	17	2	71	3	62	4	4	5	64	6	41	7	29	8	36	9	89
	0	38	1	96	2	35	3	78	4	49	5	94	6	65	7	56	8	9	9	62
	0	59	1	41	2	35	3	97	4	50	5	62	6	59	7	61	8	27	9	4
	0	88	1	85	2	30	3	57	4	5	5	7	6	30	7	90	8	74	9	17
	0	66	1	82	2	33	3	15	4	12	5	63	6	62	7	99	8	21	9	68
	0	74	1	37	2	59	3	98	4	80	5	83	6	18	7	32	8	97	9	59
	0	83	1	56	2	13	3	4	4	85	5	81	6	42	7	51	8	72	9	75
	0	14	1	96	2	72	3	32	4	83	5	74	6	31	7	55	8	63	9	44
	0	58	1	22	2	16	3	48	4	100	5	57	6	47	7	7	8	36	9	38
	0	88	1	64	2	57	3	5	4	76	5	85	6	78	7	47	8	50	9	71
	0	97	1	95	2	29	3	57	4	85	5	32	6	44	7	98	8	97	9	11
	0	31	1	58	2	12	3	37	4	19	5	52	6	59	7	47	8	59	9	27
	0	80	1	15	2	82	3	57	4	37	5	35	6	86	7	2	8	68	9	87
	0	80	1	56	2	43	3	78	4	49	5	76	6	83	7	3	8	7	9	74
	0	34	1	90	2	52	3	9	4	17	5	8	6	50	7	23	8	85	9	46
	0	98	1	90	2	77	3	20	4	61	5	81	6	34	7	32	8	58	9	67
	0	9	1	10	2	65	3	12	4	19	5	4	6	59	7	22	8	87	9	91
	0	95	1	52	2	88	3	55	4	20	5	5	6	97	7	7	8	58	9	47
	0	96	1	85	2	5	3	34	4	96	5	38	6	37	7	46	8	76	9	83
	0	14	1	35	2	51	3	2	4	21	5	57	6	3	7	4	8	3	9	49
	0	64	1	71	2	62	3	50	4	23	5	67	6	37	7	94	8	77	9	85
	0	76	1	23	2	81	3	46	4	77	5	84	6	51	7	82	8	59	9	24
	0	15	1	76	2	85	3	95	4	38	5	26	6	46	7	22	8	44	9	61
	0	81	1	2	2	27	3	42	4	99	5	45	6	24	7	92	8	13	9	62
	0	73	1	67	2	20	3	66	4	99	5	62	6	68	7	53	8	2	9	90
	0	6	1	51	2	21	3	2	4	11	5	79	6	11	7	19	8	24	9	54
	0	62	1	10	2	55	3	17	4	34	5	32	6	25	7	82	8	98	9	95
	0	66	1	32	2	98	3	53	4	88	5	5	6	80	7	18	8	93	9	46
	0	56	1	28	2	91	3	28	4	85	5	52	6	36	7	56	8	6	9	97
	0	18	1	13	2	47	3	36	4	40	5	15	6	88	7	93	8	95	9	69
	0	70	1	43	2	19	3	71	4	60	5	25	6	60	7	82	8	24	9	51
	0	22	1	56	2	62	3	86	4	58	5	20	6	18	7	20	8	17	9	35
	0	53	1	53	2	75	3	75	4	58	5	77	6	11	7	9	8	37	9	5
	0	96	1	76	2	87	3	7	4	8	5	80	6	64	7	36	8	1	9	54
	0	100	1	50	2	85	3	63	4	18	5	82	6	88	7	56	8	51	9	1
	0	14	1	63	2	79	3	55	4	27	5	27	6	26	7	22	8	2	9	1
	0	75	1	75	2	47	3	41	4	15	5	57	6	72	7	3	8	8	9	18
	0	57	1	90	2	50	3	54	4	68	5	40	6	64	7	63	8	90	9	28
	0	36	1	91	2	98	3	28	4	5	5	48	6	85	7	72	8	51	9	11
	0	3	1	80	2	42	3	37	4	1	5	63	6	41	7	65	8	60	9	20
	0	86	1	80	2	58	3	76	4	84	5	54	6	15	7	45	8	87	9	98
	0	8	1	93	2	45	3	88	4	46	5	55	6	48	7	54	8	46	9	27
	0	5	1	37	2	62	3	27	4	21	5	48	6	43	7	6	8	72	9	4
	0	30	1	51	2	88	3	7	4	15	5	11	6	83	7	95	8	28	9	28
	0	20	1	86	2	19	3	73	4	71	5	92	6	44	7	9	8	20	9	71
	0	89	1	23	2	28	3	43	4	86	5	8	6	42	7	96	8	92	9	98
	0	37	1	51	2	45	3	57	4	98	5	61	6	24	7	7	8	99	9	69
	0	69	1	26	2	40	3	50	4	33	5	53	6	27	7	3	8	84	9	95
	0	29	1	73	2	75	3	4	4	32	5	25	6	38	7	83	8	81	9	94
SSD
M0
0	9	3	8	8	7	4	9	7	6	9	5	3	5	7	7	4	9	8	5	3	7	5	7	2	5	3	9	3	4	9	6	8	4	6	7	7	1	3	6	7	9	1	4	5	6	7	7	4	7
7	0	8	6	1	7	6	2	4	7	8	5	7	8	4	2	5	1	1	1	2	1	6	4	5	1	2	2	2	3	7	5	7	9	1	2	2	6	8	9	5	2	1	5	7	7	3	1	6	6
8	7	0	2	8	5	5	8	5	2	1	3	5	2	9	5	1	1	1	2	9	2	2	7	7	5	2	4	8	9	6	6	5	4	4	9	2	2	3	7	4	5	7	3	2	2	4	7	1	2
3	5	6	0	5	5	9	4	9	2	2	9	4	2	6	2	3	9	7	1	9	3	3	6	8	2	3	9	2	7	4	5	5	1	4	1	7	3	6	6	7	4	2	3	9	7	2	2	9	4
7	8	4	2	0	2	2	5	1	9	5	2	9	9	9	7	4	5	1	5	5	3	8	7	5	2	4	6	9	1	9	6	4	1	1	1	8	9	5	9	5	5	3	6	4	1	2	6	4	3
7	6	2	1	5	0	7	5	4	2	7	3	4	6	1	1	2	1	4	7	2	9	7	9	7	6	2	7	8	8	1	3	5	6	6	9	1	3	3	2	7	2	3	3	6	7	9	2	4	2
7	2	9	1	5	5	0	1	1	3	9	7	3	3	3	7	7	2	1	3	3	5	4	4	7	3	6	6	7	5	6	4	4	3	2	3	4	5	8	4	5	6	2	3	4	6	5	7	4	8
9	3	3	2	9	7	4	0	7	3	4	6	5	4	6	9	5	5	2	8	6	1	3	2	5	8	5	7	5	2	5	3	1	3	6	5	9	8	9	4	7	7	5	8	1	5	8	5	5	7
3	4	7	8	9	9	6	5	0	9	3	9	5	9	6	3	8	7	2	9	8	5	7	8	5	6	7	9	9	7	2	6	3	2	1	8	4	9	7	9	4	2	1	7	7	2	7	2	2	9
7	3	1	9	7	2	5	8	3	0	8	5	1	3	8	3	3	2	3	3	6	3	2	5	3	4	2	1	1	7	7	4	1	7	5	2	7	1	3	7	7	8	1	4	8	8	4	4	7	1
8	7	7	2	2	4	5	6	5	7	0	9	7	6	6	2	9	9	5	6	6	3	5	9	7	3	5	9	1	2	4	5	3	7	5	8	9	6	8	6	2	3	2	2	5	9	5	8	1	8
6	1	2	5	6	5	7	6	1	4	5	0	4	6	5	5	3	8	9	9	3	9	5	6	5	5	9	1	8	7	5	2	8	8	2	3	9	9	1	2	1	8	4	2	9	3	5	4	5	4
5	6	6	8	6	9	1	2	6	1	7	4	0	7	4	4	8	6	5	8	7	1	3	1	2	2	5	6	4	8	9	7	5	7	1	5	2	6	7	1	3	9	1	6	7	6	9	7	1	6
2	1	2	8	7	1	8	9	4	3	4	1	4	0	3	9	5	3	2	8	4	5	9	5	3	5	6	4	1	3	7	1	8	6	9	3	6	9	9	3	2	8	9	9	2	7	3	9	9	4
3	8	3	9	3	9	3	9	7	2	9	9	1	3	0	6	9	2	7	2	8	4	4	2	5	3	3	2	5	3	4	1	3	2	5	9	7	9	9	7	4	1	3	1	5	8	5	1	2	8
1	6	2	8	3	5	5	9	3	1	2	7	5	3	5	0	5	4	3	2	9	2	5	4	4	9	7	8	2	9	5	4	6	5	2	2	5	3	7	9	6	7	3	3	7	2	7	9	2	6
8	1	4	7	4	6	7	9	3	1	7	6	2	4	6	9	0	8	8	1	4	7	7	1	2	4	7	1	7	9	9	1	2	9	9	7	2	4	3	9	9	9	1	8	8	7	8	4	4	4
7	1	8	9	9	6	9	8	4	3	9	2	1	8	4	7	9	0	5	8	6	9	8	4	7	2	7	4	4	5	8	2	3	1	6	7	4	2	1	9	5	4	4	5	3	5	2	2	4	7
7	4	1	7	2	5	3	7	1	7	8	6	4	9	3	6	8	4	0	1	3	8	2	5	7	5	9	5	6	9	3	5	9	3	1	9	8	6	3	4	4	5	8	7	8	1	3	3	9	2
1	7	6	3	2	7	1	2	9	9	4	4	1	2	6	4	5	6	1	0	8	3	4	6	1	9	9	4	1	5	7	3	1	8	6	9	8	2	6	6	7	3	9	7	6	8	5	3	5	1
3	6	5	2	7	5	9	2	9	5	3	9	4	3	4	2	7	2	9	4	0	6	2	1	5	7	7	6	5	2	5	2	4	6	1	2	1	3	7	4	9	1	2	9	1	1	4	1	2	4
9	7	7	2	5	1	5	9	1	2	9	2	1	3	8	9	3	4	9	3	5	0	1	2	8	4	7	9	2	7	4	1	9	2	6	7	3	4	9	8	8	4	6	6	6	8	9	2	9	5
6	7	2	1	7	3	7	9	8	7	4	8	6	4	7	1	7	8	9	9	1	4	0	2	3	4	8	1	8	3	8	2	6	3	8	8	7	3	4	4	7	8	7	7	3	3	3	1	2	2
4	8	4	1	7	5	1	7	6	5	2	8	3	5	6	7	6	5	1	2	9	5	2	0	7	7	6	9	4	1	7	6	2	1	6	1	6	8	8	3	2	8	2	3	2	3	7	9	4	3
6	7	3	1	1	1	2	6	5	4	8	2	1	9	7	8	6	4	8	3	6	9	5	9	0	7	5	2	4	7	6	5	4	1	4	7	2	5	6	1	6	4	1	8	9	1	8	9	9	2
9	7	2	9	3	5	5	8	5	8	3	4	8	4	8	8	2	8	4	2	3	8	3	7	6	0	6	8	3	6	6	7	4	6	8	9	7	3	7	5	8	8	4	4	9	3	2	8	7	9
1	3	7	2	4	4	9	7	1	1	5	7	8	3	1	2	7	8	2	8	7	9	3	6	5	6	0	4	1	9	6	3	1	2	1	6	4	1	8	3	6	7	2	9	4	5	2	9	7	2
3	2	7	3	2	2	6	5	5	1	5	9	9	8	8	8	2	7	9	5	9	8	1	8	5	3	8	0	3	2	6	4	1	5	2	6	6	1	4	2	5	7	2	5	2	6	7	7	5	7
6	6	1	3	2	6	5	6	8	9	1	4	5	5	8	2	3	2	5	4	8	4	6	1	1	3	6	9	0	8	5	1	5	2	3	4	6	4	2	1	8	7	9	6	9	8	5	6	4	9
7	1	4	1	8	8	1	3	5	3	3	3	8	5	6	3	6	6	2	7	7	3	6	1	2	5	8	6	1	0	4	8	6	6	8	5	5	1	8	6	3	1	1	5	5	6	1	7	1	1
5	1	7	5	8	6	3	7	6	4	6	9	5	6	8	2	1	5	5	7	2	5	7	5	8	4	2	8	9	9	0	3	1	8	2	3	6	9	3	7	9	3	2	7	8	4	6	1	5	1
4	9	7	8	3	2	5	5	4	7	9	2	1	4	9	3	2	8	7	6	1	8	6	2	3	4	8	9	7	2	6	0	1	4	1	1	9	9	5	4	7	7	2	1	2	3	3	1	7	3
8	2	5	5	3	8	7	5	9	3	8	9	7	4	2	9	3	7	6	1	6	5	2	6	7	7	3	4	6	3	5	8	0	2	7	1	2	5	9	5	6	5	2	4	5	8	7	6	1	5
3	4	7	2	9	7	6	2	6	4	5	5	8	7	7	2	3	2	6	4	2	9	1	3	2	8	9	1	2	5	5	8	8	0	1	5	5	2	9	5	1	4	2	5	6	4	5	6	4	8
9	5	7	5	3	8	9	8	8	7	7	4	7	9	8	2	4	4	4	7	4	4	1	1	2	6	3	9	6	8	7	3	6	3	0	2	8	8	2	3	7	9	6	6	9	5	6	2	7	6
1	1	8	6	5	5	6	3	6	2	9	3	8	4	3	5	7	8	2	9	6	6	9	3	9	2	9	5	7	2	6	8	6	9	9	0	2	7	4	2	4	8	9	2	3	4	9	8	4	4
8	9	8	7	5	3	7	4	3	9	8	1	2	5	7	8	1	2	4	5	8	2	1	2	5	9	6	5	2	7	2	9	9	1	7	7	0	9	1	9	4	6	8	2	2	9	9	9	6	9
6	7	5	6	9	3	8	5	6	9	4	5	6	7	9	6	8	6	6	9	4	2	8	3	8	6	7	7	7	4	9	2	1	6	6	5	3	0	1	8	1	5	2	6	3	4	4	2	1	7
6	3	3	8	4	1	8	8	6	6	9	6	2	6	1	6	3	9	7	7	1	5	9	5	9	9	5	7	7	4	5	9	8	2	7	8	4	8	0	7	6	1	9	4	9	5	6	3	6	9
1	8	3	5	6	5	9	2	5	4	2	3	1	4	8	3	6	6	2	5	7	8	8	5	3	2	5	2	1	6	1	9	4	7	9	5	7	6	5	0	2	6	3	5	9	2	3	3	8	8
3	7	8	5	5	2	6	3	6	9	6	7	8	3	4	3	6	9	6	7	7	9	8	7	2	6	8	3	6	4	4	5	9	5	2	7	7	1	9	9	0	6	4	8	7	7	7	4	7	1
5	3	9	9	2	4	9	2	5	3	2	2	8	7	3	4	5	2	3	3	9	2	5	2	8	2	1	3	6	1	3	8	1	7	5	9	6	6	2	8	3	0	6	7	6	5	7	5	4	1
9	6	2	1	5	4	8	6	6	7	5	3	4	6	3	3	6	7	9	7	8	1	1	5	5	6	7	8	3	5	7	6	3	7	3	5	6	5	3	1	9	8	0	4	5	3	9	7	8	6
6	6	8	6	9	8	3	1	7	5	6	8	1	7	6	1	2	8	5	7	8	5	7	8	4	3	6	8	4	3	6	9	7	5	4	1	9	8	5	2	7	7	9	0	2	8	6	9	5	8
8	8	3	6	1	2	2	4	3	2	8	6	7	6	4	1	4	3	6	3	8	7	2	6	5	4	9	3	6	3	6	3	8	4	4	6	7	4	2	1	7	2	2	4	0	1	9	7	2	9
6	5	4	9	9	6	1	9	9	6	6	5	5	2	5	7	8	5	4	3	1	1	4	1	8	5	8	6	1	2	1	3	4	2	8	6	9	2	2	2	9	8	8	1	9	0	5	2	2	9
7	3	4	6	5	6	8	3	8	3	1	2	8	3	9	4	4	7	7	3	6	6	6	1	1	7	9	8	8	3	6	1	3	6	7	9	3	8	4	3	6	5	4	1	5	9	0	3	3	6
4	4	7	3	4	5	3	5	7	5	4	1	5	6	6	1	9	3	6	3	2	6	7	6	1	8	3	5	6	3	6	7	2	1	3	3	4	4	4	8	1	9	3	6	7	6	8	0	5	2
4	9	6	8	1	4	5	5	2	8	1	5	1	9	9	9	5	1	2	5	5	9	3	8	4	2	7	8	6	1	2	6	8	9	7	9	6	6	6	8	3	5	1	1	8	6	1	7	0	8
1	8	6	7	5	1	8	6	8	5	8	3	3	3	5	6	9	2	7	1	2	7	2	6	6	9	6	2	9	2	9	6	9	9	8	6	6	4	6	5	3	5	3	5	5	7	6	2	3	0
M1
0	6	4	4	2	2	2	5	4	1	7	2	9	9	1	5	9	7	1	8	4	6	6	4	5	1	5	1	4	4	9	1	7	2	2	6	1	3	2	3	3	3	5	5	7	6	9	6	8	5
3	0	3	3	7	8	8	9	3	1	2	9	9	7	4	6	9	4	8	8	6	5	8	7	3	7	6	4	5	7	4	4	7	5	7	1	9	1	1	7	9	3	8	5	4	4	5	3	4	2
3	7	0	4	2	2	6	5	5	4	5	7	7	5	6	3	8	4	1	2	1	8	5	5	7	4	8	2	7	9	3	9	9	2	5	8	8	9	5	1	7	2	8	8	7	3	3	1	1	1
8	6	2	0	3	9	1	7	9	3	3	7	9	1	5	8	8	1	3	2	6	7	6	5	1	2	5	5	9	9	1	5	9	4	1	6	9	8	5	9	8	1	2	8	6	7	1	3	7	1
9	5	6	1	0	6	6	7	8	3	2	3	7	7	1	4	2	5	3	4	1	5	7	5	5	5	4	7	7	6	5	4	2	8	7	1	9	3	3	4	3	9	4	3	2	6	9	5	9	8
7	9	8	3	8	0	5	6	6	4	3	6	8	9	3	7	1	7	9	8	5	3	7	7	6	7	5	8	4	1	7	9	7	6	8	2	8	5	2	3	3	8	5	2	2	9	1	4	8	1
2	2	9	9	2	5	0	3	1	6	7	1	7	5	8	2	2	9	6	8	5	5	5	7	1	2	9	4	8	5	1	9	2	3	6	8	2	7	4	8	8	6	4	8	9	3	4	6	3	2
6	6	2	9	1	6	7	0	1	4	6	9	5	4	4	2	9	1	1	2	7	6	2	4	9	2	9	9	7	1	9	6	2	8	4	5	5	4	9	7	6	1	9	8	8	9	2	9	3	5
4	8	4	8	2	6	4	1	0	1	7	5	6	7	9	5	9	9	6	8	3	4	2	5	7	8	7	4	1	9	1	6	9	3	5	4	9	4	5	8	6	7	7	4	2	6	3	3	1	6
5	2	9	8	5	5	5	8	3	0	4	2	8	1	8	6	8	1	8	4	8	3	7	9	2	9	2	3	9	9	7	1	7	6	3	8	8	4	1	9	9	7	9	5	3	9	7	1	7	9
7	8	9	5	7	1	5	6	8	8	0	4	5	8	3	3	7	5	2	3	7	7	7	9	7	1	2	3	9	9	6	5	9	5	5	7	2	8	3	9	9	3	2	4	7	4	9	6	3	8
9	5	9	4	8	2	6	2	1	3	5	0	9	1	5	5	9	9	4	2	5	9	2	3	5	9	2	9	1	6	3	2	7	2	4	3	4	1	1	9	6	4	9	3	1	3	5	7	7	1
7	1	4	7	1	7	8	4	3	2	3	9	0	2	9	4	8	2	5	3	6	2	2	8	5	9	5	3	1	2	8	1	2	9	3	4	1	4	7	4	8	9	3	2	7	1	5	4	6	6
7	9	5	4	8	2	5	7	2	6	5	8	9	0	5	1	9	8	1	1	4	4	5	2	4	1	1	8	4	4	1	2	8	2	7	4	7	6	5	6	7	9	9	9	5	5	5	7	7	9
8	3	5	1	6	7	8	8	8	2	3	5	3	1	0	5	5	3	6	5	9	3	6	5	5	7	6	8	5	8	7	9	8	8	3	4	2	9	2	5	8	2	2	4	3	3	7	6	3	3
1	1	4	4	6	4	1	4	2	4	5	1	9	6	4	0	4	8	7	9	3	6	4	8	7	1	5	9	2	6	9	7	1	3	1	6	5	1	7	8	3	3	2	5	1	7	4	4	1	6
5	7	2	3	6	7	8	2	6	9	6	7	2	2	3	4	0	4	1	6	7	8	5	4	5	1	9	5	6	1	2	8	1	9	9	2	2	3	9	8	4	8	3	6	4	1	3	7	3	9
6	7	1	8	8	7	1	6	1	6	7	2	3	2	8	5	8	0	2	4	2	7	8	3	7	6	9	4	3	7	7	4	2	7	8	7	2	1	9	8	2	4	2	5	5	3	5	6	7	1
1	7	4	1	6	7	7	9	8	8	3	8	6	9	5	1	1	7	0	7	4	6	1	4	9	4	8	5	3	9	6	4	7	7	1	8	7	9	8	7	9	4	5	8	9	5	6	5	3	7
4	7	8	2	2	3	4	4	8	8	7	7	6	6	5	1	7	2	2	0	5	8	5	6	8	8	2	7	5	7	1	2	1	8	3	8	8	5	8	9	5	4	8	8	5	9	5	7	3	5
3	8	5	9	6	8	3	6	1	1	1	5	3	3	4	9	3	9	7	9	0	4	1	8	1	1	7	1	9	5	7	6	7	8	7	3	6	2	5	4	3	6	3	2	5	4	5	2	6	8
3	6	1	6	9	1	7	8	3	8	3	3	3	1	8	7	7	8	4	1	3	0	3	2	6	6	9	9	9	4	1	7	7	1	2	8	8	4	5	8	6	1	5	4	6	6	1	8	3	3
9	3	7	6	7	4	8	1	9	1	5	8	5	7	9	7	1	4	4	4	8	8	0	4	4	7	1	5	3	1	1	4	9	5	8	5	9	3	3	1	4	1	3	9	5	3	4	2	8	6
8	1	8	6	1	8	3	1	3	2	8	4	3	5	8	9	3	4	5	6	7	2	9	0	3	8	5	2	1	8	4	8	9	5	5	8	6	7	8	9	8	2	2	9	7	5	1	7	7	6
9	2	3	6	6	4	4	6	3	7	8	8	2	6	2	9	8	2	5	9	8	7	2	8	0	1	9	7	3	6	3	8	3	7	1	5	8	2	3	9	2	8	8	3	1	2	9	1	7	2
2	3	6	5	4	2	6	6	5	9	6	5	9	3	7	6	9	8	1	3	8	2	6	8	4	0	6	1	2	4	4	7	1	4	8	7	4	6	5	9	1	2	4	7	1	1	2	4	6	2
6	8	7	3	6	8	3	4	9	5	6	3	6	6	1	3	4	1	2	9	9	7	4	5	6	4	0	7	5	9	1	9	4	5	6	8	2	2	3	1	4	2	5	2	8	9	6	1	5	7
3	1	6	9	4	2	2	8	5	7	8	2	7	1	1	9	8	1	5	8	9	7	5	7	7	3	8	0	7	8	9	5	3	8	7	4	8	1	2	9	9	7	2	8	2	2	6	9	1	7
7	4	1	5	6	5	8	9	4	7	9	6	3	1	2	4	3	4	5	5	1	2	1	8	4	5	1	7	0	3	3	3	5	5	1	7	5	4	3	8	5	8	2	3	5	1	5	8	1	3
7	4	3	9	7	4	1	5	9	9	5	4	1	7	1	3	3	9	9	2	8	4	2	2	2	5	9	4	7	0	6	3	8	1	8	4	2	3	2	2	4	9	5	1	9	6	1	4	6	9
3	3	8	9	8	8	5	7	9	7	8	1	2	9	4	2	7	6	1	4	6	9	4	2	4	9	6	8	7	3	0	5	3	3	9	8	7	9	2	2	4	1	8	5	5	8	3	9	1	3
3	5	8	3	1	3	8	2	8	8	1	6	5	4	6	2	8	7	2	3	1	4	8	9	3	6	3	5	1	7	1	0	1	4	1	4	7	2	9	9	1	6	7	2	9	6	1	7	5	5
1	1	7	6	3	1	5	2	8	4	7	2	7	8	9	5	1	8	3	6	5	5	1	2	9	7	8	1	8	6	8	2	0	8	6	1	5	1	1	5	7	5	4	4	2	2	3	9	9	7
7	7	8	7	1	4	7	3	6	9	4	6	5	4	7	3	6	2	8	7	7	6	6	8	1	4	8	9	3	8	7	4	9	0	8	9	3	1	6	5	7	2	5	7	4	9	6	6	6	3
3	1	4	5	3	3	5	9	8	4	1	5	2	3	8	3	3	3	2	5	5	9	2	6	2	2	2	7	2	1	4	5	3	9	0	9	6	8	4	2	1	4	4	2	5	4	9	1	5	9
5	8	4	3	6	5	3	3	9	7	7	2	6	4	5	4	7	4	2	2	9	1	8	6	9	6	3	7	4	1	5	9	9	1	4	0	4	2	8	2	7	8	9	4	9	9	5	2	8	9
5	1	5	9	9	3	4	2	7	8	2	3	9	1	2	1	5	9	9	4	2	9	1	8	7	3	5	8	9	8	9	7	3	7	3	5	0	6	1	2	3	6	7	8	6	5	9	8	8	6
2	7	3	4	5	3	5	5	3	6	3	9	4	3	3	4	5	3	9	4	1	2	1	7	7	2	2	3	2	9	5	1	3	5	1	8	4	0	2	6	4	3	7	4	2	9	1	5	6	5
9	6	3	9	2	3	1	8	1	4	3	6	9	8	2	8	8	8	6	7	8	5	6	9	7	3	3	8	1	5	6	7	4	2	9	7	2	8	0	9	2	5	4	4	9	2	9	5	4	3
2	7	2	1	7	2	7	5	5	2	1	7	9	2	7	7	3	9	1	2	1	2	4	1	7	2	3	1	4	3	2	9	4	6	7	4	5	3	5	0	4	3	3	8	9	6	7	8	8	8
3	9	6	6	9	2	5	7	9	6	9	9	9	3	9	3	4	9	6	9	7	5	3	6	6	3	5	9	9	3	5	8	1	2	4	8	3	6	9	4	0	6	6	6	1	8	4	1	6	3
2	3	2	7	3	1	9	1	7	1	7	4	1	3	4	6	7	2	9	1	9	8	4	8	5	6	2	1	3	2	5	7	8	6	2	9	3	2	4	2	3	0	7	8	4	8	4	7	2	4
2	1	1	9	9	9	9	1	7	6	8	1	6	8	2	3	3	8	4	6	3	9	9	2	6	1	4	1	3	4	9	3	9	3	4	3	4	9	2	4	7	6	0	4	1	9	8	7	1	5
7	8	5	3	9	7	7	6	2	9	1	8	8	3	1	9	6	5	1	6	8	1	5	5	1	7	9	3	2	1	5	2	6	2	5	7	6	6	1	1	4	1	6	0	9	7	8	9	1	8
6	8	3	8	4	3	1	3	9	5	7	1	6	1	6	1	9	2	2	6	4	6	2	6	3	6	3	1	4	7	6	6	9	1	6	8	9	9	5	9	1	9	1	3	0	6	3	1	4	9
7	6	3	8	6	3	6	7	6	4	7	1	5	8	5	4	7	9	2	1	4	8	8	1	6	9	6	1	6	8	8	7	4	4	6	8	4	8	1	6	9	6	7	9	2	0	3	2	5	1
9	1	9	7	3	6	7	3	9	9	3	6	3	7	1	7	2	4	6	3	4	8	9	6	2	5	5	8	1	8	1	4	9	2	2	2	3	9	1	8	4	5	7	8	1	1	0	2	5	1
8	6	5	3	1	1	4	1	4	5	4	1	8	2	5	1	8	5	6	1	9	8	5	5	4	3	6	6	8	9	8	1	1	4	5	4	4	8	8	9	9	6	2	6	4	7	3	0	2	1
8	3	1	4	7	7	3	1	8	7	6	1	4	2	2	4	7	6	4	9	3	5	7	8	9	8	7	6	7	1	3	6	4	3	8	2	6	4	4	8	5	6	7	2	4	1	2	2	0	6
3	1	9	4	4	8	8	6	8	7	3	9	3	8	6	4	8	9	5	1	3	6	6	5	9	9	1	8	3	3	3	4	9	2	4	9	4	5	9	3	9	9	3	5	6	5	3	5	9	0
M2
0	2	3	7	8	4	9	6	2	8	3	4	2	4	3	3	9	9	4	1	1	9	4	5	6	8	5	7	4	3	8	5	8	2	7	2	4	2	9	4	3	7	1	9	1	2	2	1	7	3
6	0	3	1	2	2	1	6	7	3	7	6	6	8	4	8	7	2	1	1	8	5	1	4	4	8	2	6	1	8	4	6	3	8	5	4	8	8	1	4	6	4	9	9	2	8	2	1	9	6
7	5	0	6	9	3	6	1	9	7	8	6	7	4	4	3	6	4	1	7	9	8	8	6	2	3	3	9	6	4	6	5	5	7	5	1	6	9	2	8	2	2	8	8	8	3	2	3	7	6
7	2	1	0	6	4	8	8	9	7	3	1	4	8	8	4	3	3	1	9	3	3	2	8	3	2	9	9	4	7	9	2	8	9	5	1	3	1	9	6	9	5	9	2	2	1	7	3	9	1
8	6	3	1	0	2	6	4	6	6	4	5	5	5	6	6	9	9	8	6	2	9	6	4	3	9	2	7	5	7	9	8	6	7	3	6	7	5	3	1	1	6	1	3	8	5	8	5	7	3
5	7	6	6	7	0	1	1	5	3	1	4	9	1	4	6	8	1	7	5	5	6	6	9	3	7	9	6	6	4	9	1	4	3	8	2	3	8	1	9	4	2	6	1	7	8	7	5	2	7
8	6	8	1	6	6	0	3	6	5	1	4	7	3	6	7	6	5	6	7	8	9	3	5	1	1	8	6	2	9	4	5	7	6	5	2	2	2	1	3	6	6	9	7	2	1	5	9	8	3
4	4	1	8	8	3	1	0	1	9	2	8	3	4	3	3	7	2	3	1	7	3	8	3	7	8	3	2	6	8	2	8	2	8	5	4	4	5	3	8	7	9	9	5	7	9	1	8	4	2
7	3	5	5	2	8	8	3	0	1	4	1	6	4	2	1	2	4	9	4	5	5	5	2	1	6	8	3	7	9	1	4	5	8	6	7	5	5	2	9	9	9	4	8	3	7	9	6	7	5
2	3	5	3	9	9	7	9	2	0	9	9	2	7	5	8	3	3	4	2	8	6	3	4	2	7	1	3	8	2	8	8	4	3	9	1	2	9	4	3	9	1	7	6	6	6	2	2	2	2
8	4	7	4	4	4	7	4	9	7	0	2	1	9	8	5	3	7	2	3	5	6	1	3	5	3	4	9	8	2	2	6	9	9	8	2	2	8	5	8	9	5	6	3	9	3	1	8	3	5
3	7	5	4	7	2	8	7	9	7	5	0	4	8	1	3	8	1	3	5	4	5	9	2	8	5	3	4	5	9	7	1	4	8	3	3	1	5	6	9	6	5	4	1	4	9	4	8	3	9
7	3	4	1	2	3	9	8	3	9	4	8	0	4	3	1	6	8	2	9	9	7	9	8	2	1	9	2	6	4	2	4	7	2	2	8	8	2	8	8	8	1	4	8	2	3	8	8	8	6
8	7	6	8	5	1	8	9	6	6	4	1	4	0	9	8	8	6	4	6	3	1	4	4	6	7	4	4	9	2	1	7	3	6	3	7	2	4	8	9	8	8	3	6	4	8	8	2	4	5
6	2	3	1	5	4	2	9	9	7	9	6	8	9	0	7	5	6	1	2	1	8	9	3	6	5	8	6	7	7	5	5	4	4	2	8	8	9	3	2	3	7	9	7	6	8	3	3	3	8
9	3	3	6	1	1	8	2	4	6	9	4	3	4	6	0	8	4	6	5	5	3	8	1	9	3	3	4	9	1	5	2	4	1	1	1	6	1	4	8	1	9	1	5	5	8	7	1	2	7
5	6	1	5	3	7	1	4	2	9	4	5	2	3	1	9	0	2	1	4	6	5	7	4	8	8	2	8	1	2	2	1	9	4	2	1	6	2	9	1	6	5	4	3	3	7	9	6	1	3
1	3	2	4	9	4	6	7	6	7	1	8	1	9	9	4	5	0	3	3	4	5	6	6	9	5	7	5	6	6	1	9	3	4	7	9	8	2	7	7	1	4	9	2	3	7	8	4	4	4
4	7	3	2	1	7	8	2	6	3	8	1	7	4	8	8	8	9	0	6	2	9	8	4	1	7	8	4	4	9	2	7	9	7	2	2	2	5	8	1	9	2	2	5	8	9	9	1	3	2
8	2	7	2	4	4	9	8	9	3	4	4	3	5	6	8	4	4	5	0	7	1	9	5	1	7	3	2	4	2	9	4	7	1	8	8	4	1	9	3	4	7	3	2	7	6	1	4	4	9
7	6	2	4	6	3	3	1	9	6	1	7	5	9	8	9	7	6	1	4	0	5	3	9	5	4	3	7	8	8	5	5	4	1	9	1	1	6	5	6	4	8	9	7	3	9	3	5	4	9
4	6	9	3	9	5	8	5	7	3	2	2	8	6	7	2	2	4	1	1	5	0	9	4	3	9	9	6	5	8	9	4	2	6	9	4	1	1	8	8	3	1	4	4	7	3	2	9	4	8
6	6	7	4	7	7	4	4	1	2	6	8	1	4	1	8	8	4	9	7	6	5	0	5	6	5	4	1	4	3	8	1	9	2	7	1	2	1	4	3	8	7	9	5	6	9	7	2	7	6
4	9	4	4	4	1	4	1	3	9	1	3	6	3	6	9	7	8	7	2	9	5	1	0	7	5	8	9	4	4	7	2	5	4	5	7	1	2	6	8	8	9	1	5	2	7	1	8	7	5
6	8	1	7	7	8	3	5	2	2	5	3	8	1	2	7	6	4	8	8	8	2	6	4	0	3	4	3	9	1	1	9	6	3	3	8	8	4	3	6	9	1	7	9	1	4	7	3	5	8
5	6	7	9	4	7	6	6	7	5	2	2	7	5	1	7	5	5	3	8	5	3	4	2	7	0	6	2	4	2	9	9	5	5	5	1	2	8	4	7	1	9	9	8	5	3	5	1	1	1
1	4	9	1	7	6	5	5	3	6	2	1	1	1	2	5	3	9	3	6	2	7	6	9	6	3	0	6	5	4	8	1	3	2	9	9	9	2	6	7	8	5	4	4	8	3	6	2	5	9
2	5	6	8	6	5	8	4	5	4	4	3	8	2	4	1	8	2	2	4	1	9	8	2	1	2	1	0	9	3	6	6	3	3	3	3	2	5	9	4	2	4	8	9	2	9	2	6	2	2
6	3	8	7	2	1	7	2	7	8	2	7	9	5	2	6	1	5	5	6	3	4	8	4	8	1	7	8	0	8	9	6	5	3	2	1	6	5	4	8	9	8	8	6	1	1	9	1	1	2
2	1	8	9	3	1	9	7	4	3	5	1	2	7	5	8	8	6	5	1	3	9	4	3	4	6	7	7	5	0	2	9	9	4	5	3	4	8	8	2	1	1	7	4	7	3	6	2	8	5
4	3	2	5	5	2	7	7	4	8	2	7	6	3	1	4	5	3	2	4	6	8	1	8	1	8	8	8	6	8	0	6	4	7	8	2	9	1	7	5	2	8	9	3	1	4	1	5	5	9
9	9	3	2	7	8	3	5	3	5	5	4	8	6	1	6	1	5	3	9	4	9	2	5	3	3	7	7	8	8	3	0	2	4	4	5	1	1	3	4	3	8	1	7	4	2	5	8	8	9
6	3	4	3	9	6	5	3	2	9	4	1	6	4	4	7	3	4	8	2	9	2	2	2	4	9	3	6	6	7	9	4	0	3	3	8	2	4	3	9	2	5	7	7	1	8	5	3	3	6
7	1	9	6	6	8	3	2	4	3	8	2	3	8	3	8	1	4	5	2	9	4	6	5	2	2	5	1	7	5	2	2	7	0	2	1	6	1	6	1	6	2	9	1	9	9	7	7	3	5
3	7	7	8	3	7	6	9	1	4	7	9	1	7	2	6	6	9	1	9	2	5	3	4	5	4	3	3	9	7	4	3	7	9	0	5	2	5	2	4	8	8	9	1	5	2	1	5	5	7
9	9	8	5	4	7	9	4	8	4	2	9	2	9	9	7	1	6	3	1	3	5	5	6	6	3	6	2	5	4	7	8	1	3	5	0	7	8	6	6	7	7	1	5	5	1	1	9	4	5
1	8	2	6	5	4	7	2	2	1	6	4	3	7	2	8	8	6	1	6	5	3	8	7	5	3	5	5	6	9	7	8	7	3	2	4	0	3	1	2	7	6	1	4	9	3	8	1	1	8
2	2	9	5	3	7	8	9	8	2	5	9	7	7	3	4	6	9	5	5	7	5	5	1	7	4	5	1	3	7	8	8	5	5	6	2	4	0	7	2	3	3	7	3	1	9	2	6	5	6
9	1	3	6	3	1	1	7	8	4	8	2	2	4	1	6	4	8	6	8	5	2	6	5	8	6	3	2	9	6	4	5	6	8	4	8	9	2	0	6	3	2	9	4	5	5	5	3	1	6
4	8	9	6	5	2	6	1	9	2	8	1	6	2	4	7	3	1	2	2	9	1	5	8	5	2	1	8	6	6	3	8	6	9	9	5	2	8	8	0	6	2	9	4	1	1	9	7	2	1
4	7	2	8	1	9	8	5	2	8	2	3	5	1	3	3	1	7	5	5	6	6	4	4	2	7	7	7	5	9	2	6	6	1	7	4	5	6	9	2	0	1	2	3	5	5	2	8	8	7
4	2	8	8	5	9	9	5	3	8	5	5	7	1	6	9	1	7	5	8	6	6	1	6	9	4	3	9	5	4	9	8	7	7	1	2	3	6	8	6	9	0	9	8	4	7	3	4	1	9
9	3	5	4	1	6	1	4	1	1	1	3	3	1	2	5	4	1	8	6	4	3	2	6	6	2	5	2	6	1	9	4	2	3	6	1	9	1	2	1	3	5	0	6	7	5	1	1	2	5
3	2	6	1	5	1	9	4	3	9	8	2	8	6	6	1	9	4	4	2	1	3	8	6	7	6	3	1	3	3	5	3	3	7	2	9	7	3	8	8	3	8	1	0	8	6	3	9	4	4
5	8	6	9	4	3	1	6	6	3	2	7	2	7	6	8	6	7	3	1	6	7	2	5	7	1	3	8	1	3	5	8	7	4	6	3	9	9	1	8	1	6	3	7	0	7	3	9	1	3
6	7	7	3	1	1	5	4	5	7	4	3	7	4	7	5	9	6	6	3	1	3	1	3	8	3	3	5	2	1	3	2	5	9	2	5	2	7	2	3	9	3	7	2	1	0	2	7	3	7
1	3	7	3	4	4	3	2	7	8	7	5	2	2	5	7	1	5	3	4	5	6	6	2	5	9	3	3	7	9	1	8	9	8	8	4	8	8	1	5	8	3	2	4	9	6	0	5	5	2
2	1	7	6	4	5	1	1	4	1	8	1	7	2	7	3	1	2	7	1	3	5	2	8	2	8	6	6	7	9	4	7	3	2	3	3	8	9	6	8	9	2	3	8	4	1	7	0	3	2
5	9	6	2	1	5	4	5	9	8	8	9	7	8	2	2	1	9	7	3	7	2	8	4	2	3	3	9	7	8	4	1	6	4	7	8	3	1	8	7	7	7	5	1	2	7	4	3	0	3
5	9	5	3	8	5	6	9	8	7	3	3	6	3	1	1	3	9	4	3	4	4	1	3	9	3	8	1	8	5	9	5	5	1	3	2	3	9	1	1	5	4	9	5	1	7	9	1	7	0
M3
0	4	6	2	4	8	8	3	7	1	7	2	3	5	5	3	8	1	2	5	1	4	9	7	2	5	4	1	3	7	3	3	8	4	2	9	9	7	2	7	5	3	1	8	1	8	3	5	7	9
4	0	6	9	3	7	7	8	2	5	3	5	7	6	1	4	1	4	4	1	3	7	6	5	7	6	8	6	2	7	9	7	7	8	1	7	9	6	2	6	6	5	7	1	1	7	4	3	7	5
8	1	0	5	5	1	7	9	4	2	3	3	2	6	7	1	3	8	6	5	1	1	1	6	7	3	5	4	3	6	1	3	3	9	3	1	2	2	2	6	7	8	7	2	2	5	3	1	4	5
6	7	2	0	9	9	6	8	1	4	6	9	8	6	9	5	8	2	2	8	4	6	8	1	7	5	2	2	6	2	3	4	3	1	1	8	7	8	1	7	6	7	7	3	5	2	6	6	5	4
1	1	7	1	0	5	4	7	8	5	5	2	5	6	3	4	5	5	8	9	2	3	7	8	1	1	2	1	3	4	7	8	7	3	2	9	9	6	6	9	2	8	6	3	8	6	1	1	5	1
2	1	3	9	2	0	1	8	1	4	1	8	1	8	6	2	5	7	2	9	8	3	2	2	1	2	5	2	1	2	1	7	4	8	6	5	9	8	5	1	5	5	2	5	5	6	4	6	7	9
4	4	2	7	4	8	0	2	6	9	8	5	2	1	2	5	5	1	9	9	7	3	3	1	3	9	9	6	7	4	3	9	5	7	7	2	1	6	6	5	4	4	5	5	9	6	8	5	5	3
5	8	1	4	7	9	6	0	2	3	2	3	9	6	6	6	4	1	8	4	6	1	3	1	2	5	4	5	1	7	1	5	8	2	1	4	4	2	4	4	7	1	9	4	1	1	1	1	8	5
4	9	3	1	2	2	9	1	0	9	6	6	4	5	6	8	7	6	5	2	3	9	2	6	5	5	7	5	2	3	9	1	2	8	6	8	2	2	4	4	3	4	5	4	1	1	8	8	8	7
5	8	3	3	8	6	6	5	1	0	1	8	8	3	1	8	5	3	8	6	3	2	5	4	1	6	9	4	3	4	2	3	2	6	8	7	3	4	1	4	5	6	2	8	3	2	8	3	9	1
3	4	6	2	8	1	3	6	3	1	0	8	9	5	3	3	5	1	3	1	5	8	8	2	4	2	3	6	5	4	2	7	5	2	8	7	9	6	4	4	4	6	1	7	8	5	3	6	9	5
9	8	2	4	5	9	3	2	3	6	5	0	1	2	3	4	3	2	3	2	6	9	6	5	4	3	1	9	9	6	5	2	8	5	3	2	8	4	3	1	2	2	7	1	9	6	7	6	4	2
1	5	1	5	1	1	8	8	3	5	4	3	0	4	5	7	3	8	5	7	6	6	9	2	5	3	5	7	9	7	4	8	4	2	6	2	3	9	2	8	1	7	5	1	5	4	5	4	2	6
1	5	2	2	2	6	8	1	7	4	3	3	5	0	9	8	8	2	2	9	2	5	3	5	4	3	6	1	1	3	2	9	7	7	6	8	4	7	9	9	7	9	7	7	9	5	7	2	5	7
3	5	1	8	7	5	9	6	3	8	3	9	9	9	0	4	5	7	2	5	1	7	6	5	3	2	5	5	6	4	8	9	3	1	5	4	3	6	8	9	9	1	5	6	8	8	1	2	4	6
2	6	8	8	9	5	9	5	3	5	1	5	7	9	3	0	8	6	1	9	3	5	3	3	3	6	6	7	2	7	8	3	9	1	1	3	3	2	3	1	3	9	7	5	7	5	6	5	3	1
2	7	9	3	8	9	1	8	9	7	7	3	3	3	6	3	0	9	3	9	4	5	8	6	3	4	7	4	6	2	8	1	5	4	3	4	5	2	9	9	4	2	8	7	6	5	2	6	2	2
5	4	3	9	4	1	7	4	9	9	8	2	1	8	9	6	9	0	5	2	5	7	1	6	6	8	5	1	1	3	8	9	9	6	9	3	7	2	7	7	8	6	3	6	2	8	5	6	6	9
8	9	7	2	3	5	9	3	8	9	3	4	5	6	3	8	1	3	0	3	1	6	7	5	2	5	4	3	9	8	4	1	1	9	3	5	9	8	4	3	3	8	8	9	8	6	2	8	3	8
9	7	6	1	9	3	7	2	9	3	3	7	5	5	9	9	8	2	9	0	7	1	2	1	8	4	2	4	6	3	8	7	1	4	1	9	9	5	9	4	1	6	7	7	4	3	7	3	9	5
6	7	4	4	6	4	5	4	9	3	6	1	8	6	5	7	1	4	8	5	0	4	6	4	7	1	9	8	9	3	9	9	2	6	3	9	9	3	1	2	7	6	7	2	8	8	4	8	3	8
3	8	7	1	1	5	8	8	1	4	5	6	2	6	1	8	2	9	6	1	1	0	9	6	7	6	7	4	5	3	4	5	5	8	6	1	1	9	3	5	2	7	1	9	2	6	6	4	1	6
7	7	2	7	6	1	1	3	8	7	5	9	5	9	7	4	5	3	6	3	9	7	0	9	9	4	3	5	7	3	4	4	9	1	6	6	9	4	7	5	8	2	6	6	2	2	4	2	4	3
8	5	7	7	3	6	5	7	9	8	9	8	8	4	5	3	7	7	3	5	9	4	4	0	4	9	3	3	4	5	8	1	3	4	2	9	7	3	6	5	6	9	6	1	4	3	1	7	4	3
3	2	7	4	9	2	3	9	2	5	7	5	5	9	7	1	2	1	8	8	7	8	6	5	0	1	1	8	6	6	8	8	1	3	9	9	7	7	3	7	5	7	7	7	4	8	3	1	3	8
4	5	6	8	4	4	3	5	5	7	6	5	4	9	3	6	3	7	2	6	1	6	6	4	7	0	9	5	2	5	4	3	7	5	6	7	1	3	7	4	1	6	8	6	2	7	2	7	4	2
6	5	4	6	2	8	7	8	5	2	2	1	6	8	1	3	2	2	7	3	4	3	8	6	5	7	0	7	4	9	1	9	8	7	2	4	4	3	1	9	4	4	1	8	5	8	2	2	8	7
4	4	5	2	7	1	3	7	3	9	6	1	1	6	8	3	3	9	5	3	5	5	4	5	7	3	9	0	1	9	3	4	9	6	6	1	3	9	6	3	8	8	2	2	1	1	6	7	1	6
7	2	4	1	6	5	5	2	7	3	8	8	7	7	9	6	6	8	6	7	7	1	4	2	6	2	7	6	0	1	8	1	5	3	8	8	6	5	4	1	3	9	7	1	6	4	8	2	9	3
9	3	9	1	6	3	9	3	4	8	9	3	2	5	9	8	7	2	6	4	3	3	2	3	9	4	6	7	6	0	3	5	1	4	5	1	8	1	9	1	6	2	4	3	1	4	2	7	4	2
8	1	3	2	6	2	1	2	1	4	4	8	4	2	5	4	6	8	7	9	7	8	8	2	3	7	7	4	9	9	0	5	5	4	1	5	1	8	6	9	3	9	1	8	9	9	3	3	9	1
5	5	9	7	2	1	7	7	3	1	2	3	7	6	1	6	3	8	3	8	1	8	5	2	8	7	1	5	9	4	3	0	1	6	2	9	2	7	9	6	7	6	2	2	7	6	7	3	1	8
5	5	4	3	7	7	9	8	2	3	4	6	1	3	3	2	2	3	6	7	8	2	7	7	7	9	3	7	6	5	6	9	0	3	6	8	9	8	2	5	9	8	3	8	8	5	4	3	5	4
5	8	1	9	3	7	2	8	3	2	2	6	2	1	6	2	6	6	1	7	8	2	1	7	7	5	3	3	5	7	4	4	2	0	3	4	9	3	3	4	2	5	1	2	1	7	6	9	1	1
8	8	8	8	5	9	5	6	5	7	3	9	4	8	7	6	4	6	3	1	8	9	5	1	9	1	7	5	1	6	6	5	4	4	0	2	4	8	1	1	3	3	3	4	9	2	6	9	8	1
8	3	8	9	2	5	4	1	5	3	9	7	4	8	9	2	2	7	6	8	1	9	4	4	8	7	6	8	4	6	6	5	3	8	7	0	2	2	1	6	1	1	7	6	6	9	2	6	7	7
8	4	1	3	8	6	9	8	7	2	5	7	1	7	3	4	5	9	3	9	5	9	9	7	4	9	2	7	4	9	7	6	7	4	4	1	0	3	2	2	6	1	9	2	2	6	3	3	4	6
6	9	7	5	8	7	2	6	4	6	1	2	5	2	7	4	4	5	6	1	4	9	7	3	1	9	8	8	5	7	2	2	1	2	3	6	9	0	3	8	1	5	4	5	1	7	4	1	5	8
5	9	3	8	2	7	5	8	1	3	9	3	1	3	9	3	7	4	4	5	4	7	5	9	2	8	6	3	2	6	2	7	1	1	7	4	2	6	0	8	6	9	3	2	3	2	8	3	7	7
7	1	5	4	4	1	9	4	6	2	3	4	6	6	5	4	7	6	3	6	1	8	7	8	2	7	8	3	7	3	5	2	8	2	7	7	1	9	4	0	7	3	3	1	6	5	4	3	6	8
5	9	5	5	8	3	2	5	7	3	8	3	9	9	3	1	9	8	5	7	5	6	9	2	4	1	2	8	1	5	9	8	5	1	3	8	8	8	6	5	0	3	4	7	7	6	1	3	8	8
9	7	9	5	3	9	6	7	3	5	1	7	1	5	5	9	6	4	8	7	7	7	5	6	9	3	5	6	6	6	4	8	4	1	9	8	2	5	6	6	5	0	6	2	2	7	9	1	1	7
8	5	8	2	3	3	6	4	6	4	8	5	3	8	5	8	5	5	3	6	7	4	3	5	4	9	1	5	4	9	1	9	1	1	4	6	8	2	2	9	8	9	0	9	3	3	2	6	1	1
1	4	4	5	5	1	5	6	5	4	9	6	2	9	9	7	7	9	4	3	7	4	7	1	2	3	1	8	3	5	2	5	8	5	2	2	2	9	7	8	2	4	1	0	1	1	9	8	6	9
6	1	7	8	1	4	7	1	8	5	7	9	1	7	6	5	3	6	7	8	1	1	4	2	5	6	4	5	9	9	1	5	2	9	1	2	1	5	6	8	5	7	5	8	0	5	2	5	4	5
3	7	3	5	1	6	1	2	6	4	3	2	6	7	7	8	5	4	3	2	4	1	8	6	3	1	5	5	7	8	7	4	1	3	6	3	4	4	5	4	7	1	3	3	9	0	6	8	1	2
8	4	1	2	2	4	4	3	3	5	3	3	5	2	1	6	1	7	4	1	8	2	9	2	9	1	4	8	9	5	5	5	6	2	5	5	2	2	5	5	2	1	5	5	5	8	0	1	6	4
4	6	1	4	1	4	5	4	2	1	6	3	3	9	9	1	4	1	2	7	9	8	1	5	4	1	1	5	8	2	8	9	1	1	3	8	2	7	1	2	2	4	9	5	9	4	9	0	6	5
4	5	7	6	4	7	7	8	7	9	4	7	1	9	5	5	4	9	4	8	8	4	6	3	9	7	1	4	2	9	7	3	1	5	6	1	2	6	6	2	3	4	2	8	8	9	7	1	0	4
6	4	2	5	8	8	7	6	9	4	9	6	7	9	7	5	3	7	5	9	5	8	5	3	9	5	9	9	4	5	2	8	2	6	8	7	9	3	5	7	3	5	4	4	7	9	4	2	3	0
M4
0	3	3	1	6	4	5	5	4	1	6	8	3	7	8	3	4	1	5	6	3	1	8	3	3	5	3	3	5	3	3	6	1	3	8	6	7	1	8	3	8	2	1	1	3	4	3	6	8	5
7	0	8	4	9	5	5	8	2	1	5	5	9	7	1	8	6	8	3	2	8	3	5	6	2	9	6	4	6	5	3	8	3	5	7	5	2	3	2	2	2	5	1	6	6	2	9	5	8	7
6	6	0	8	2	4	2	9	8	5	3	4	4	7	5	7	8	4	6	5	8	6	7	9	2	6	2	4	9	4	7	5	6	8	4	2	8	6	5	6	7	2	9	2	6	6	7	2	1	7
8	6	7	0	3	3	9	1	6	9	2	4	6	1	9	5	7	4	1	6	3	6	7	5	1	3	2	9	3	2	4	3	1	2	3	5	5	8	9	2	2	5	1	3	9	8	4	3	9	8
9	5	1	1	0	1	3	8	2	7	8	2	1	4	2	6	8	3	3	7	7	4	8	1	6	3	2	5	9	7	6	8	7	9	8	9	3	6	3	4	5	3	9	7	6	7	2	4	7	6
5	1	4	6	2	0	7	9	1	4	2	3	8	6	3	3	7	3	5	4	9	1	8	2	5	4	1	8	8	1	9	2	2	2	9	7	7	8	6	1	7	1	2	4	3	9	1	5	7	6
6	4	8	9	6	2	0	9	6	6	4	1	8	5	2	2	3	4	6	6	2	3	7	7	7	5	5	5	4	6	7	7	8	8	8	4	8	2	5	4	4	5	6	5	4	2	2	6	8	7
5	1	3	7	7	6	1	0	9	7	8	6	9	8	2	3	9	4	9	4	2	2	4	2	9	8	3	9	6	8	9	6	7	1	7	7	9	8	7	4	6	9	5	8	9	3	1	5	2	1
5	6	6	1	1	4	1	9	0	9	8	2	8	3	3	8	9	9	8	3	6	9	2	2	7	3	1	1	1	1	9	4	2	9	5	6	3	1	2	9	8	3	5	1	2	2	3	7	5	2
4	1	9	8	4	4	5	2	5	0	6	6	3	8	9	1	7	6	4	7	7	1	5	8	6	4	2	1	8	3	6	1	2	2	2	7	3	6	3	5	5	7	4	9	5	3	3	6	7	9
6	6	8	7	8	4	3	5	8	6	0	2	6	2	2	3	3	4	5	2	4	3	4	9	1	2	5	2	5	6	8	9	3	9	9	8	5	8	5	4	4	4	4	4	4	5	8	8	5	8
3	4	1	2	1	6	4	2	3	9	3	0	6	1	7	1	4	7	7	9	5	9	8	4	7	3	6	8	1	3	6	4	7	8	9	9	5	9	6	5	4	8	6	5	3	8	8	4	1	1
9	9	4	3	4	4	5	9	3	1	1	9	0	9	1	6	1	1	2	9	2	1	3	7	2	9	8	1	1	4	8	3	2	9	1	6	8	6	8	1	4	5	8	8	5	3	3	3	8	9
1	9	7	4	9	4	8	8	9	9	7	7	9	0	7	1	1	9	7	8	9	1	4	2	9	9	3	9	3	5	4	9	7	3	1	3	4	7	7	9	4	4	4	3	6	5	8	8	1	7
5	1	6	7	2	3	9	3	9	6	3	6	3	3	0	8	9	6	5	4	9	4	1	5	5	1	4	2	2	9	7	4	1	6	1	7	5	1	4	4	3	5	8	5	4	2	8	7	5	9
6	7	3	2	3	4	5	4	8	5	2	9	9	8	9	0	5	5	2	2	1	7	5	4	2	6	9	2	6	4	8	9	5	6	3	3	1	3	2	7	2	8	6	5	3	5	2	6	9	3
5	9	1	7	5	2	9	8	6	9	2	1	8	5	6	3	0	1	7	2	1	4	1	5	9	4	7	6	8	3	7	4	5	5	7	5	5	8	7	7	8	9	4	9	8	3	8	4	2	7
7	1	4	1	7	2	7	3	8	5	9	2	6	2	7	5	8	0	8	9	6	3	4	4	8	5	9	5	9	1	9	7	9	2	2	4	8	3	3	1	8	8	1	2	7	5	8	6	6	8
9	1	7	8	9	1	3	4	6	1	6	6	7	9	9	5	5	8	0	2	6	3	4	2	1	5	7	2	6	7	2	9	2	4	5	4	4	8	1	7	6	3	7	3	3	5	7	9	1	8
7	8	3	3	1	5	6	2	8	6	9	2	6	3	5	6	6	5	7	0	2	9	9	2	8	3	8	3	6	7	1	3	6	8	2	8	7	9	7	4	5	9	4	4	5	6	5	7	7	9
5	5	4	1	1	9	2	9	3	4	8	4	1	8	1	5	3	8	6	9	0	7	6	5	2	8	9	8	6	9	8	4	8	5	4	4	5	4	4	5	6	9	5	3	7	6	5	1	5	7
3	3	4	8	4	9	8	4	1	5	1	9	9	2	1	1	8	6	4	7	6	0	9	4	8	1	7	7	4	4	1	8	7	6	5	8	6	3	3	4	4	5	4	9	8	3	3	8	5	4
7	3	3	4	2	5	3	8	2	2	5	4	5	5	8	9	6	2	3	7	6	9	0	5	6	8	1	5	3	5	9	4	1	9	6	2	9	9	8	7	1	3	4	3	7	4	7	6	9	5
5	9	6	7	2	5	1	8	9	8	5	4	7	3	3	3	6	4	5	3	6	5	3	0	9	6	7	9	2	2	8	8	2	9	3	5	4	2	8	8	3	2	5	5	4	9	1	9	6	4
8	5	2	9	2	5	8	1	6	4	5	4	9	1	3	4	3	6	5	4	6	4	3	6	0	9	3	4	9	3	1	7	5	9	5	1	1	4	9	7	2	6	7	3	2	1	5	1	6	3
8	4	4	6	4	5	4	5	7	2	5	9	5	7	6	4	2	5	9	7	6	1	6	2	7	0	4	7	7	6	9	8	9	6	5	4	7	2	1	9	3	8	9	1	7	8	9	9	3	2
2	9	9	5	6	7	6	4	4	1	4	7	9	3	2	2	3	8	1	3	6	8	3	1	9	5	0	8	9	6	6	9	8	2	2	1	1	7	5	2	7	3	5	5	4	7	8	2	4	6
4	6	6	9	2	4	6	1	2	3	1	9	3	2	8	6	7	7	4	1	7	6	9	2	9	7	5	0	8	4	6	5	6	3	8	7	7	9	2	1	6	1	4	8	9	7	7	8	8	1
1	6	1	1	8	4	6	8	8	5	9	1	4	6	4	1	8	2	8	9	1	2	8	5	1	5	1	2	0	3	9	4	3	2	6	9	7	6	6	8	1	4	1	8	5	9	6	4	3	9
2	6	5	3	6	7	4	9	1	8	7	3	8	2	6	2	4	2	1	2	1	9	1	5	3	6	3	6	6	0	2	4	6	4	7	9	1	5	9	3	1	8	8	3	9	1	9	4	2	4
1	7	8	7	7	8	8	8	2	5	6	7	7	9	5	5	8	3	4	7	6	1	3	6	4	5	4	5	2	9	0	6	6	8	4	8	4	4	8	6	4	7	4	9	6	1	4	1	1	3
3	9	6	9	3	8	4	1	7	4	1	1	4	7	3	7	6	9	2	2	1	7	5	6	6	3	5	3	5	8	7	0	6	5	3	6	6	9	6	7	1	4	9	1	2	3	2	9	9	5
1	3	9	1	6	6	3	8	5	3	9	7	8	6	1	3	9	1	9	5	1	5	8	9	4	4	4	7	3	8	4	9	0	7	8	2	7	3	1	1	2	9	5	6	6	7	1	1	6	1
7	3	1	2	1	6	6	3	6	6	2	8	2	4	6	3	5	1	7	2	2	9	9	1	5	2	8	5	1	8	4	8	4	0	3	1	5	8	4	5	7	2	2	1	4	9	8	2	1	9
6	2	5	8	5	8	7	8	7	9	1	9	8	3	1	9	5	7	4	3	7	1	9	8	4	6	8	4	7	7	2	7	5	4	0	1	3	6	6	3	3	4	6	5	4	9	5	6	5	2
5	6	4	5	2	6	3	8	4	9	1	9	3	4	9	9	7	1	2	4	4	2	7	7	5	8	3	6	3	9	3	4	5	3	4	0	9	6	6	6	4	7	6	8	4	6	6	4	2	6
5	5	9	7	3	1	4	4	5	2	7	6	5	6	6	4	6	3	8	9	3	6	1	9	9	4	9	3	3	5	7	3	6	9	4	2	0	9	6	3	7	6	9	5	1	6	9	3	3	8
8	4	6	4	7	1	6	9	2	3	6	8	4	2	3	7	9	5	7	5	5	3	4	6	7	9	1	1	1	4	7	3	8	4	3	6	3	0	6	2	7	6	3	6	5	6	6	8	2	9
4	4	9	3	9	9	9	3	8	8	9	6	7	9	4	1	9	3	4	7	6	1	6	3	6	2	2	7	9	5	4	4	6	9	4	4	4	4	0	2	4	3	3	9	5	8	6	5	9	6
7	3	7	8	8	9	8	8	8	9	4	7	5	1	5	4	8	4	7	6	2	8	6	1	3	5	8	8	9	4	8	5	4	3	1	2	9	1	9	0	5	1	4	7	2	6	5	4	2	3
8	9	3	2	6	8	1	3	2	8	5	6	5	3	1	1	6	6	8	8	4	3	4	8	1	5	4	9	6	2	9	3	7	2	6	2	4	9	1	4	0	8	8	5	8	7	3	2	9	7
6	5	2	6	8	7	2	3	1	8	3	9	5	1	6	8	4	8	1	8	8	6	8	8	3	1	4	6	1	4	4	7	1	5	5	2	2	3	7	4	6	0	1	8	7	5	5	9	7	2
4	4	9	3	7	4	8	7	1	4	4	6	6	2	8	4	9	3	9	3	2	8	2	5	1	3	4	6	5	4	7	5	1	3	7	6	7	5	6	1	4	7	0	7	7	9	2	5	9	7
2	6	4	8	8	6	5	7	1	3	5	1	2	3	3	6	4	2	6	4	5	6	2	3	7	8	4	3	5	8	6	1	7	2	2	7	5	4	2	4	9	2	7	0	2	9	2	1	3	6
6	5	2	6	1	1	9	1	6	1	8	7	8	9	5	6	4	7	1	7	8	5	3	1	5	6	7	6	6	7	3	8	1	7	6	6	4	8	9	1	5	4	2	6	0	2	9	6	4	4
6	9	9	5	5	3	4	4	3	7	2	9	1	1	9	9	2	2	2	3	9	9	6	5	7	6	1	6	6	3	8	2	5	6	4	4	2	9	3	1	1	8	2	1	5	0	5	8	7	2
3	5	8	7	2	9	2	6	6	4	6	2	5	5	1	8	3	1	6	8	7	5	9	8	1	1	2	1	4	4	7	5	2	9	5	9	4	1	7	2	2	2	5	8	7	9	0	3	2	9
8	8	9	5	4	6	6	1	9	5	4	8	6	5	1	3	4	8	3	3	3	9	5	8	2	2	3	2	2	9	5	6	2	7	2	1	9	4	3	6	8	1	6	2	4	7	6	0	7	5
2	5	2	5	2	6	6	4	9	9	6	6	7	3	4	4	8	1	6	5	1	4	2	4	7	8	9	7	1	7	8	7	5	8	1	2	2	4	7	3	2	7	1	1	1	4	2	6	0	4
6	5	9	2	6	7	1	2	6	8	5	4	8	8	3	9	3	5	2	5	7	2	4	8	3	4	3	4	9	7	7	5	6	4	7	7	4	5	1	1	1	8	9	4	5	7	2	2	3	0
M5
0	1	8	4	2	2	5	1	8	8	1	5	6	1	4	2	4	8	8	4	3	3	5	5	2	9	8	2	8	6	1	8	2	8	3	2	4	4	9	4	5	2	2	1	3	9	7	2	1	1
7	0	2	4	3	8	8	2	6	3	5	3	5	5	5	5	7	8	3	9	3	8	7	6	7	3	8	4	1	2	1	2	1	3	9	8	2	1	9	5	3	4	8	6	5	9	2	2	1	6
5	9	0	2	1	1	5	6	4	7	7	2	5	4	2	3	2	1	8	2	1	8	8	8	1	9	9	4	2	2	9	2	9	2	8	5	4	9	1	8	1	7	4	9	4	3	7	2	2	4
2	8	1	0	9	4	1	6	4	1	1	1	4	8	9	1	2	7	6	2	3	6	7	4	7	9	1	3	8	7	7	9	4	8	1	8	9	5	1	8	3	9	5	3	5	1	1	4	1	5
6	6	2	4	0	7	9	1	4	8	5	1	3	6	6	2	4	5	1	9	7	4	1	2	8	4	2	2	8	9	9	1	3	8	7	2	2	6	8	8	9	1	8	6	2	5	5	4	5	1
9	4	4	5	4	0	5	6	4	8	7	6	4	3	7	7	4	3	9	3	3	8	2	5	2	2	2	9	3	8	3	7	2	8	9	5	1	8	7	4	5	9	5	9	3	6	4	7	6	6
6	8	7	8	6	9	0	4	9	1	8	8	3	6	5	6	4	6	6	1	6	6	7	1	4	5	6	2	3	8	6	3	3	8	5	3	7	5	9	3	5	5	5	8	7	7	9	7	4	9
2	7	9	8	6	7	5	0	6	4	1	7	6	9	7	1	3	5	5	5	4	3	2	7	7	5	4	9	7	4	3	1	4	8	4	9	1	3	3	5	6	4	7	3	6	3	5	8	9	1
2	1	7	4	3	5	3	6	0	6	9	1	8	4	9	2	3	7	8	4	6	9	2	1	5	9	3	4	6	1	2	5	5	1	4	3	8	9	5	3	1	9	5	8	3	8	6	6	6	3
8	6	6	4	3	3	3	7	2	0	3	3	9	5	6	2	5	4	8	6	2	9	9	6	9	7	7	5	7	1	3	7	1	2	8	9	9	3	5	1	3	4	7	3	2	6	4	1	5	2
2	3	3	9	8	6	5	3	1	3	0	6	5	4	1	4	1	1	3	1	5	7	4	1	4	3	6	3	7	3	6	8	6	1	7	3	4	1	6	6	4	6	3	5	4	2	6	6	8	5
1	9	8	8	8	5	5	7	9	5	3	0	9	1	2	8	6	1	3	9	7	9	5	7	9	9	8	6	3	3	2	7	5	8	9	2	6	4	8	5	5	1	9	7	6	1	4	7	8	9
3	8	6	3	4	6	9	7	7	2	7	4	0	9	9	4	8	2	8	5	1	5	4	8	6	8	1	7	3	7	5	8	4	2	4	4	4	3	6	3	9	3	2	9	9	9	1	5	5	1
3	8	8	3	2	2	1	3	5	8	6	4	2	0	8	9	8	6	7	4	6	2	1	7	5	4	5	6	4	1	4	6	5	6	8	9	2	9	7	8	3	5	2	9	9	7	2	2	3	9
8	2	7	9	1	3	7	6	3	6	5	5	6	4	0	8	5	4	1	2	6	3	1	9	6	1	5	3	4	1	4	3	1	8	1	5	3	6	5	5	8	8	1	1	7	8	5	8	5	5
4	7	4	4	2	2	1	3	4	2	2	2	3	5	1	0	8	5	8	9	5	2	3	4	6	5	8	9	7	1	6	3	8	8	3	1	7	1	9	8	8	4	8	4	8	6	8	9	6	7
9	3	3	2	5	1	7	1	7	8	2	4	2	6	6	2	0	7	1	8	6	1	5	2	5	7	9	6	8	7	5	8	6	1	2	1	1	4	6	3	6	1	5	1	3	4	6	5	4	7
2	1	8	5	9	8	9	2	2	4	7	1	3	9	8	8	8	0	4	5	4	2	2	7	2	5	3	9	1	7	4	4	8	7	7	3	7	1	2	2	2	2	8	4	2	6	4	4	8	3
5	8	6	2	1	5	6	3	9	1	1	6	4	7	9	6	4	7	0	9	3	3	3	5	1	6	4	8	4	1	3	3	8	2	3	4	4	5	8	3	3	2	4	1	4	3	6	1	3	7
6	4	1	9	4	5	2	8	6	4	5	2	8	9	3	8	2	8	7	0	8	1	3	8	1	5	8	8	7	6	5	5	1	4	9	2	2	7	4	7	5	4	3	6	4	2	7	3	4	6
2	3	3	3	6	6	1	2	2	8	1	3	6	8	5	3	2	8	4	7	0	8	9	5	4	9	9	4	1	6	5	4	6	2	7	8	2	9	1	3	4	5	9	6	6	3	3	6	5	6
5	3	8	5	9	1	7	7	7	5	8	7	6	8	9	3	6	4	1	7	6	0	4	8	5	2	6	4	1	1	5	2	6	5	7	8	5	3	5	9	9	7	2	5	8	5	5	4	2	1
5	9	8	9	8	3	6	7	8	8	3	3	9	2	9	9	2	5	9	9	1	8	0	8	7	4	8	4	5	6	7	9	4	8	6	4	4	2	2	4	3	2	2	1	4	2	5	7	1	3
6	3	4	9	7	6	1	2	9	5	7	9	4	3	1	6	1	5	7	1	3	3	4	0	2	6	9	5	9	7	6	1	9	5	9	8	9	3	4	8	2	9	8	7	1	9	3	8	9	5
6	3	3	5	6	4	3	8	6	9	9	5	5	7	6	3	8	8	3	5	3	2	1	3	0	2	5	8	5	4	9	9	3	5	8	6	5	8	4	7	4	9	9	2	5	1	9	8	4	1
5	7	8	4	6	3	4	5	5	9	5	7	5	3	6	9	9	1	2	1	2	7	2	9	8	0	1	1	2	2	6	3	6	2	9	1	8	7	1	8	9	9	4	1	7	4	8	4	9	3
4	7	7	5	9	1	2	8	8	5	3	6	3	6	9	5	7	5	4	7	4	4	9	3	9	9	0	2	2	7	2	7	4	9	7	9	5	3	1	6	5	4	1	4	2	5	2	7	6	8
7	2	5	3	9	1	5	9	4	5	2	6	8	8	9	6	4	8	4	3	4	5	8	1	7	6	8	0	2	1	8	1	3	7	8	1	4	5	3	4	3	8	6	8	4	4	9	6	7	1
5	2	4	6	4	6	6	5	9	8	6	1	1	2	1	8	4	8	4	3	3	1	5	3	5	7	1	1	0	8	2	6	7	1	5	7	9	5	8	7	4	4	7	5	7	7	5	3	1	6
1	6	7	5	1	4	1	2	7	4	9	6	2	5	4	5	7	4	2	1	1	4	1	8	5	7	1	3	4	0	9	3	3	8	2	1	3	5	8	6	6	2	2	7	5	4	9	8	8	1
4	1	7	6	2	1	4	1	5	9	4	5	5	2	8	1	2	9	2	1	8	5	5	4	6	7	1	6	5	1	0	8	5	2	5	1	2	5	1	5	7	5	6	7	1	1	7	3	3	6
2	1	1	2	8	8	3	1	8	9	5	7	4	6	8	4	6	1	8	1	5	4	2	6	2	4	7	3	3	9	8	0	9	6	9	1	4	7	3	6	6	7	9	8	3	6	7	5	5	5
8	3	2	7	5	3	2	3	7	1	3	6	4	8	9	3	9	4	3	3	6	8	2	7	2	5	9	1	2	7	6	5	0	6	8	9	8	7	3	7	3	9	4	9	7	3	3	8	4	6
6	3	4	5	4	5	5	9	1	6	1	5	6	8	2	9	1	9	1	5	4	2	1	8	5	7	3	9	8	9	1	5	1	0	6	7	6	1	3	8	8	6	2	7	5	8	8	1	7	4
2	3	7	4	7	3	2	8	4	1	9	8	1	9	5	5	8	1	4	9	7	6	3	7	5	5	8	2	4	1	6	5	4	5	0	7	3	1	2	9	1	6	4	4	5	2	5	5	2	3
1	6	4	3	8	5	4	8	9	1	7	1	8	1	7	9	4	2	2	9	6	6	7	5	9	8	8	8	5	9	8	7	1	6	8	0	8	8	3	4	3	3	7	7	2	7	1	8	6	6
4	5	7	1	4	4	7	8	5	4	7	7	1	9	6	6	8	3	4	8	2	7	9	9	3	9	7	6	4	1	7	9	9	2	9	7	0	1	7	4	6	5	9	9	3	7	2	7	7	7
8	5	4	5	1	3	9	2	1	9	1	6	4	5	5	1	9	4	4	4	4	7	1	1	6	9	2	5	8	9	7	6	8	1	9	1	4	0	7	6	8	5	5	4	8	1	5	9	3	4
3	4	5	1	7	4	3	3	4	8	6	9	1	6	8	9	9	5	7	7	6	6	6	3	1	3	2	8	7	3	7	7	3	9	7	3	7	3	0	4	9	3	7	3	7	1	3	6	1	9
8	6	9	4	9	9	5	1	5	9	3	2	7	6	9	3	7	3	9	1	7	3	1	2	2	9	1	1	5	2	4	5	9	1	1	9	2	8	6	0	9	8	5	3	9	3	2	1	3	2
1	6	1	3	1	1	6	2	2	4	1	2	7	4	9	1	5	8	8	2	7	3	7	3	1	1	1	8	6	4	9	1	9	1	4	5	5	8	8	3	0	1	7	4	6	2	8	7	5	8
4	8	2	7	7	3	2	2	7	1	3	9	6	1	2	8	1	4	9	6	3	1	7	4	4	1	6	9	5	4	7	7	7	7	7	8	7	6	7	2	6	0	8	1	3	4	8	8	1	4
9	8	3	2	1	5	6	3	8	3	7	8	3	4	6	8	6	1	3	3	2	4	3	7	2	1	5	1	8	9	2	6	5	5	2	7	7	9	1	9	7	1	0	8	3	7	1	6	8	4
6	1	7	5	7	4	5	2	5	7	9	7	9	8	7	2	1	2	1	6	4	5	3	5	1	8	5	5	8	3	6	2	9	1	3	8	5	9	9	7	8	6	7	0	9	3	8	5	6	4
8	3	3	5	7	9	6	3	8	7	6	5	4	3	2	5	4	3	2	6	2	5	3	3	4	3	7	5	4	6	8	6	1	8	8	8	1	7	8	8	5	2	5	5	0	8	9	6	8	7
2	6	9	9	2	6	1	5	7	1	3	8	1	8	3	3	4	4	4	4	3	8	4	9	4	9	8	8	6	7	9	1	8	8	8	9	6	3	1	9	6	1	6	5	6	0	8	4	1	1
1	9	5	7	5	6	6	3	9	2	7	5	9	2	1	5	4	4	5	8	5	3	3	7	1	4	1	2	9	3	9	7	3	7	9	4	5	3	3	8	9	1	1	7	8	3	0	6	2	7
2	6	4	8	6	4	9	1	1	6	5	4	5	5	3	8	9	7	5	2	9	6	5	6	2	5	3	9	5	4	9	1	7	2	3	7	6	7	6	2	5	2	7	6	3	1	1	0	2	1
7	6	3	7	3	9	1	4	1	5	8	4	9	3	5	8	4	1	8	8	9	1	7	4	9	5	1	2	9	5	3	5	5	8	2	2	6	1	6	7	9	5	3	8	9	6	8	2	0	6
1	6	9	5	3	6	3	6	9	2	1	6	6	5	9	3	7	8	4	4	9	1	3	4	4	1	2	1	1	9	8	6	7	2	3	1	3	9	9	7	8	4	1	3	1	5	4	9	5	0
M6
0	8	4	8	1	3	5	1	4	1	1	6	7	3	9	9	3	9	1	7	3	2	1	3	3	7	1	3	6	2	6	4	7	2	1	6	1	7	6	7	7	2	8	2	2	3	8	8	4	3
3	0	3	8	9	8	5	2	5	9	6	4	9	7	7	6	7	5	8	1	2	3	4	6	4	8	1	9	1	8	3	1	6	3	7	9	6	2	5	5	9	3	6	6	2	1	1	9	5	3
1	2	0	5	2	1	4	9	1	7	3	7	6	9	2	6	7	7	7	4	6	9	3	6	9	3	3	2	9	3	7	6	9	4	8	1	3	3	3	9	7	6	1	2	7	2	8	8	6	1
4	2	4	0	5	5	6	1	7	7	8	8	7	7	4	2	2	9	6	4	6	5	7	4	7	1	9	1	1	8	1	6	4	6	8	2	2	3	1	3	9	5	2	5	6	3	8	4	4	4
2	8	7	4	0	5	4	6	1	7	7	4	4	1	3	6	4	1	5	9	6	9	6	7	8	7	6	8	9	5	7	5	6	8	7	8	2	7	1	2	9	8	6	5	2	6	2	9	9	5
5	3	6	6	6	0	3	6	1	2	9	2	6	6	2	1	6	5	8	3	9	3	7	2	5	2	8	5	8	7	3	5	2	8	8	3	3	8	3	4	5	4	3	6	9	8	8	5	3	7
3	1	7	2	2	3	0	5	7	1	1	6	1	8	9	5	9	1	7	3	7	5	8	3	3	6	6	7	6	3	2	1	3	8	7	7	6	8	1	9	8	7	4	3	5	5	3	2	8	2
1	1	6	8	1	4	3	0	9	8	8	7	5	4	8	6	2	8	6	4	5	7	3	2	3	1	7	1	2	6	4	1	2	5	2	6	9	1	6	9	4	8	8	9	3	7	4	2	3	7
3	9	1	5	2	6	7	5	0	4	6	7	4	4	1	4	1	3	1	5	6	5	8	3	3	7	9	7	1	2	6	5	6	6	2	7	3	7	1	6	6	5	1	2	6	9	6	5	1	9
7	2	2	7	8	2	6	2	2	0	4	5	7	5	1	2	4	3	1	5	3	6	4	6	7	2	9	1	1	5	2	6	8	7	5	1	6	7	7	6	3	1	3	6	9	1	7	7	9	8
9	8	8	5	2	5	3	5	2	2	0	2	7	5	7	1	5	1	4	1	7	2	7	1	9	7	1	2	1	3	6	2	8	2	4	9	2	7	6	9	6	1	5	8	3	5	8	3	2	4
9	3	9	3	8	7	1	8	6	1	8	0	7	5	4	5	5	2	5	1	6	8	2	8	8	9	3	6	5	2	6	9	8	3	8	8	6	4	2	6	9	6	4	5	3	8	7	7	5	7
8	9	1	7	9	6	6	5	6	8	3	8	0	1	5	7	8	6	7	7	2	1	4	7	5	7	8	3	9	7	7	8	7	2	6	9	9	8	9	2	5	8	8	5	1	8	9	6	6	8
4	4	8	4	3	6	1	4	1	5	5	7	8	0	2	3	7	9	8	3	9	9	8	6	6	9	1	3	2	8	6	5	9	5	5	2	8	3	2	3	4	4	7	9	3	2	8	5	5	1
1	4	1	7	4	7	5	3	3	7	2	9	1	3	0	9	9	4	8	7	8	8	4	9	2	9	8	8	9	5	2	2	2	7	9	4	1	8	1	2	5	5	6	5	6	2	2	7	9	2
6	8	5	9	1	7	8	5	8	3	8	5	7	3	7	0	5	9	8	6	8	1	5	9	3	3	4	4	1	5	3	5	7	2	7	9	8	9	6	4	7	4	3	2	3	5	4	2	8	8
8	1	5	2	8	6	5	2	5	5	8	1	9	9	5	4	0	2	2	8	3	8	2	2	2	5	2	1	6	7	2	8	6	5	1	4	6	9	1	9	5	4	3	7	7	3	9	8	9	8
6	1	2	8	5	9	7	1	8	3	9	3	5	4	9	4	8	0	3	6	6	7	1	6	7	5	5	9	4	9	6	8	8	4	9	5	7	2	8	6	8	5	2	1	1	2	9	8	7	8
7	4	3	4	2	1	3	5	4	8	6	7	4	6	1	5	4	8	0	5	7	3	6	8	7	8	4	7	1	7	8	2	2	6	9	6	6	7	1	1	7	1	5	6	2	6	4	5	7	7
6	9	2	7	3	4	6	5	9	8	6	8	1	2	1	3	3	4	5	0	7	2	7	4	6	7	2	4	4	8	4	9	7	9	7	3	7	4	5	6	2	7	9	1	8	2	6	3	4	5
1	1	1	7	5	7	7	1	9	5	3	9	9	7	7	7	2	6	2	5	0	5	6	1	3	2	9	9	2	9	9	4	3	3	6	1	2	3	6	3	6	3	8	9	4	3	8	4	8	7
9	2	4	9	7	2	3	5	8	4	8	3	6	7	5	8	3	1	9	5	2	0	9	7	3	7	3	3	1	6	9	4	3	3	9	8	1	6	3	7	9	6	9	3	4	1	7	1	2	9
6	6	1	9	4	1	2	1	4	4	4	4	8	9	1	6	9	4	4	3	5	6	0	1	1	9	1	4	7	8	5	7	8	7	5	5	9	4	3	7	3	7	7	1	4	4	2	6	1	9
8	6	2	6	7	5	3	6	5	1	2	2	3	5	1	3	3	2	5	5	7	6	4	0	6	2	4	8	9	1	6	3	8	1	5	1	4	6	6	6	7	3	8	6	3	4	8	3	5	4
5	3	2	5	4	4	9	9	5	7	5	8	5	4	5	7	6	2	7	4	6	2	1	6	0	6	4	1	8	2	8	9	4	1	5	1	6	4	5	4	5	7	8	5	2	5	3	4	7	9
9	4	2	4	6	6	2	2	5	9	2	6	6	1	8	5	6	5	6	8	9	3	4	2	2	0	8	7	7	6	9	7	4	4	8	7	9	4	6	3	4	9	7	1	2	2	9	3	6	6
9	9	8	2	8	3	5	3	8	6	1	4	9	7	8	9	9	7	9	5	6	7	1	6	8	3	0	6	8	4	3	9	7	7	8	1	7	8	3	9	7	4	1	2	5	1	4	5	3	2
3	8	6	9	7	4	3	9	2	7	5	7	4	5	6	2	2	3	5	6	4	4	2	6	8	7	4	0	6	7	4	5	2	7	9	9	8	1	4	7	4	2	7	6	4	4	3	4	6	8
9	2	4	8	2	7	2	6	1	1	8	5	8	3	3	7	4	5	1	1	4	4	6	1	3	4	1	7	0	2	5	3	2	4	8	2	5	4	9	3	5	4	3	2	7	2	4	1	9	3
7	9	6	5	8	9	7	2	6	6	2	4	9	2	5	8	5	4	5	4	6	6	1	7	5	4	1	7	1	0	8	8	4	2	7	9	2	2	9	6	6	6	2	3	1	7	6	7	2	7
5	9	4	1	2	9	2	6	3	7	9	3	2	5	3	2	5	1	7	9	5	1	3	5	7	8	4	7	6	8	0	2	6	4	1	2	1	4	8	2	4	2	4	4	8	1	9	5	7	6
2	7	1	3	1	9	2	1	5	8	8	2	3	6	9	8	8	1	5	3	1	4	9	2	2	7	3	9	7	4	6	0	6	4	6	5	2	5	7	7	6	9	6	5	4	4	9	4	2	5
7	2	3	2	1	4	8	9	6	6	1	4	1	8	3	9	4	4	4	8	2	4	3	9	4	6	2	2	3	8	5	2	0	7	4	3	6	5	2	1	8	8	1	5	1	4	6	4	7	4
3	1	6	3	6	3	1	6	2	3	5	9	1	7	1	1	9	5	6	6	5	6	6	2	2	5	8	3	2	4	3	7	9	0	3	6	2	8	8	3	1	1	7	2	8	4	3	3	4	1
8	3	5	3	6	5	7	9	9	4	3	2	5	6	9	1	8	1	3	8	3	3	3	1	2	3	7	1	4	3	8	1	4	2	0	5	9	4	3	3	9	1	3	8	9	3	1	4	1	1
4	4	3	5	8	3	5	5	2	2	5	9	9	3	1	9	1	3	7	5	3	2	9	6	7	2	3	5	6	9	2	4	2	9	3	0	2	8	7	4	3	7	6	2	7	8	8	1	6	1
2	3	7	4	4	2	8	7	5	2	3	8	7	6	1	4	1	8	6	9	7	7	4	6	4	7	8	9	5	2	9	3	4	2	1	7	0	3	3	3	3	6	6	5	7	8	8	7	2	9
3	9	1	2	1	2	2	5	2	5	8	9	1	9	5	7	3	5	4	1	2	1	8	4	6	8	8	8	5	2	9	4	8	7	1	3	3	0	4	7	9	4	4	4	9	6	2	4	2	4
4	5	3	2	8	7	3	5	7	2	8	7	1	6	2	2	6	7	3	8	6	3	4	5	8	4	4	3	6	2	3	8	4	1	3	2	3	1	0	8	8	1	3	4	3	3	9	8	7	5
1	4	4	1	5	5	7	1	7	3	7	6	3	6	6	3	3	7	3	3	8	3	1	6	3	8	9	2	3	7	5	6	8	9	1	3	9	7	4	0	9	1	7	2	9	1	3	2	8	4
2	2	4	5	6	9	8	7	1	2	5	2	2	3	2	1	4	3	8	7	1	3	1	5	8	1	1	7	6	1	3	5	3	6	2	5	7	4	9	8	0	5	5	7	4	1	4	6	5	2
1	7	2	8	8	5	6	6	5	6	3	4	9	2	7	1	1	3	2	4	3	6	1	1	3	4	9	5	7	8	4	9	6	5	7	7	8	3	6	7	5	0	9	2	7	4	8	4	2	2
2	3	2	8	6	7	4	8	8	2	8	9	5	4	3	6	3	3	5	5	2	1	3	2	5	2	7	7	1	6	6	2	3	6	4	3	1	4	6	3	5	6	0	9	3	1	6	1	2	3
1	8	7	4	2	8	2	6	2	3	6	9	6	5	4	2	5	3	2	9	2	5	6	7	2	8	6	5	1	9	7	7	1	1	7	1	6	7	4	7	4	4	5	0	6	7	8	9	1	4
9	8	9	8	3	8	9	9	1	5	5	7	9	1	5	3	2	1	9	6	7	4	8	3	4	6	4	2	8	9	3	2	1	1	5	6	9	8	1	3	4	1	8	6	0	9	4	9	3	5
1	4	8	5	7	5	7	8	6	8	3	8	2	2	5	5	8	5	1	8	2	7	9	7	2	4	6	1	5	7	5	6	5	8	5	8	7	7	7	8	9	8	2	1	6	0	9	1	8	8
8	6	2	5	7	6	6	2	3	1	4	3	2	9	4	1	8	4	4	8	7	5	7	6	4	3	9	7	7	2	2	5	9	9	5	4	4	6	7	4	8	8	2	2	8	8	0	4	8	3
7	4	2	5	7	1	2	6	1	1	5	7	7	8	9	1	3	9	2	6	4	3	3	7	1	7	9	8	6	7	7	2	4	4	7	2	1	9	1	8	6	9	2	1	6	8	5	0	1	5
3	1	6	6	5	4	5	8	2	7	9	8	7	2	7	4	9	6	5	6	7	1	8	3	2	2	7	5	1	8	4	7	1	4	1	3	3	6	2	2	3	3	8	8	4	4	5	8	0	8
6	8	9	8	9	2	7	6	7	7	7	1	6	5	9	1	1	3	6	5	7	9	4	4	5	3	4	5	8	8	9	5	5	7	4	5	9	1	1	9	2	1	4	3	6	3	4	8	1	0
M7
0	8	1	7	9	2	5	1	6	1	3	7	4	9	5	9	9	3	1	8	7	7	8	2	3	5	3	3	7	5	9	4	4	6	5	5	3	4	7	2	5	6	2	5	5	5	9	1	5	1
1	0	5	9	3	3	1	3	9	3	9	2	5	1	6	5	5	8	1	2	3	3	3	4	6	3	2	4	1	1	7	5	1	6	6	7	7	1	9	8	3	6	3	3	5	4	5	3	2	5
6	1	0	9	2	2	6	6	7	9	9	9	3	1	3	7	7	2	8	6	6	7	7	3	5	3	2	1	4	1	1	3	9	8	6	5	8	9	2	2	2	7	4	8	5	2	2	1	1	9
7	9	2	0	6	6	5	9	5	6	9	2	6	3	5	1	8	3	3	3	6	4	5	3	3	2	6	1	1	2	3	9	9	4	2	4	9	9	8	6	3	2	2	8	3	4	4	8	9	4
8	9	9	9	0	3	4	3	7	3	9	3	3	4	8	3	7	5	8	2	1	7	1	9	6	7	6	4	3	6	8	9	7	9	9	4	1	6	7	1	7	1	7	1	4	5	5	7	8	6
8	5	5	8	4	0	6	9	3	8	2	3	5	5	6	5	7	6	1	1	9	9	2	7	6	1	8	3	4	1	1	8	5	9	6	1	6	8	4	3	1	4	5	3	6	8	5	9	3	3
2	8	5	9	4	9	0	3	7	1	6	3	5	5	5	9	8	1	2	6	9	8	8	2	8	4	1	3	9	2	7	8	1	3	7	4	9	8	2	4	6	4	9	7	6	7	8	3	9	5
6	2	4	6	9	3	2	0	1	5	1	3	6	2	3	5	6	4	9	3	3	7	5	2	4	6	9	2	7	8	9	9	7	3	8	5	2	1	8	9	6	1	9	6	2	3	2	7	9	8
2	7	2	9	4	5	1	1	0	4	2	5	2	7	4	4	8	8	3	8	9	9	2	3	5	5	6	6	7	5	3	7	5	2	1	2	3	2	1	8	5	1	9	8	9	3	8	6	2	5
7	5	4	5	4	7	1	7	8	0	7	6	6	3	7	3	1	8	3	4	7	9	9	1	4	2	5	1	6	9	3	4	1	2	3	3	9	7	9	1	1	5	8	9	8	4	7	3	5	2
7	8	7	7	2	7	2	6	7	8	0	3	4	4	3	7	2	8	7	6	6	8	8	3	6	7	3	7	8	4	2	7	2	4	7	6	5	7	3	1	5	1	6	4	7	2	9	6	8	6
8	4	2	6	3	7	9	2	8	2	1	0	9	9	5	6	9	1	4	8	5	7	6	3	4	9	8	7	7	7	9	2	3	1	9	1	4	5	3	9	6	4	2	5	2	9	7	9	9	9
7	9	1	5	1	4	9	3	3	9	5	5	0	6	6	7	9	6	5	6	4	2	2	6	4	9	5	2	2	1	5	9	7	2	3	3	4	3	1	3	7	1	2	8	6	7	8	3	1	5
9	2	7	9	3	2	9	8	7	2	5	4	3	0	9	8	8	2	8	7	4	3	2	9	2	2	1	4	3	8	7	1	3	7	9	9	8	5	4	9	5	4	4	6	3	3	1	8	6	2
1	9	9	6	9	2	2	6	7	2	1	7	7	1	0	5	4	1	8	5	1	1	5	7	3	2	5	4	1	2	6	9	6	5	2	1	6	9	5	8	2	6	2	1	2	8	1	2	2	4
8	8	7	1	9	7	6	9	5	4	8	1	8	2	9	0	6	6	2	6	1	4	9	7	2	2	1	7	5	3	4	7	3	1	5	3	6	7	4	1	9	4	7	9	2	7	3	6	4	3
4	5	6	2	6	1	3	4	8	5	7	9	5	3	7	8	0	3	8	3	3	5	2	1	2	1	1	8	4	9	2	3	1	1	1	9	7	2	8	8	4	2	7	8	6	9	7	2	4	7
7	1	5	5	4	6	4	7	1	4	1	6	9	4	8	2	9	0	9	6	9	9	6	2	7	2	4	8	6	1	9	5	6	8	2	9	2	4	5	1	2	3	6	2	2	6	3	2	9	3
7	8	8	2	7	1	1	2	2	5	3	3	5	3	4	1	2	9	0	7	6	5	4	7	8	5	3	5	6	3	7	2	4	8	3	5	5	2	7	8	4	7	4	1	5	3	3	6	5	1
4	4	8	4	2	7	8	7	3	1	6	3	9	2	7	9	5	3	5	0	1	5	6	6	4	7	4	6	2	3	6	6	8	6	4	6	2	3	5	9	7	9	1	9	5	2	6	4	5	5
3	4	8	7	8	9	2	4	8	8	5	9	2	3	2	9	7	5	7	3	0	3	6	8	2	5	4	1	7	6	3	6	9	2	8	6	4	9	7	3	9	9	2	4	5	2	4	1	2	9
2	4	2	1	1	2	2	7	4	5	8	7	9	4	3	5	7	7	7	4	6	0	4	8	8	7	3	5	4	2	6	6	3	4	2	1	2	4	8	3	3	6	9	3	1	9	7	4	2	1
8	5	6	7	2	6	5	6	5	1	7	3	3	5	8	7	4	5	6	4	6	9	0	9	6	9	2	3	2	2	1	5	8	4	8	7	8	2	9	6	9	7	3	8	5	2	4	3	8	4
7	4	6	1	6	6	2	1	3	1	8	5	6	6	8	1	1	1	7	6	9	3	8	0	3	2	4	7	2	7	1	5	4	2	5	4	6	1	5	7	9	4	1	4	9	8	1	2	4	3
9	8	6	4	6	6	1	8	1	5	2	5	3	5	2	4	9	6	7	1	8	2	2	9	0	9	5	7	4	6	7	3	5	4	4	2	5	4	1	6	7	5	4	6	4	8	4	2	8	6
4	4	7	5	9	7	5	2	3	7	4	2	5	6	5	6	3	2	7	8	8	9	8	2	2	0	1	6	1	1	9	1	3	3	6	2	8	9	2	5	5	8	1	8	8	5	3	4	6	4
9	4	3	8	7	6	6	9	7	1	5	3	3	9	8	6	2	5	2	7	7	2	2	7	1	1	0	9	8	3	5	5	3	3	2	4	4	1	5	2	2	7	5	6	8	1	9	1	5	6
3	4	2	1	7	7	7	5	4	1	5	6	6	3	9	2	7	7	7	9	9	5	5	9	8	6	4	0	1	7	5	8	4	1	1	8	7	1	5	9	6	4	9	6	6	9	7	7	8	8
6	1	6	1	7	8	1	1	3	9	3	6	9	4	8	5	6	7	4	3	9	5	6	5	5	1	5	3	0	9	3	3	7	8	6	1	1	3	4	8	7	1	3	8	1	9	6	1	3	1
4	6	1	1	2	3	9	8	2	5	4	6	2	1	4	1	8	8	9	4	6	4	8	5	2	6	9	1	7	0	8	6	1	7	6	4	5	7	7	2	4	9	1	7	5	8	9	2	6	8
1	7	3	3	3	2	2	5	9	7	9	5	1	5	2	5	8	6	1	2	4	8	6	4	7	2	5	4	3	5	0	6	1	3	1	1	3	2	3	1	3	2	1	8	9	2	3	4	6	6
3	3	1	8	6	3	8	9	7	2	6	3	9	7	7	9	8	9	8	4	9	2	2	5	1	4	4	7	2	7	6	0	7	9	8	8	3	2	4	3	4	1	3	2	9	3	4	3	8	4
9	6	3	1	9	3	4	3	8	2	8	8	5	8	6	7	2	5	1	9	1	1	8	1	4	5	4	2	8	9	3	5	0	3	3	6	9	7	4	5	5	6	4	5	8	2	7	1	8	1
2	7	7	7	2	1	1	1	7	2	8	8	4	4	3	6	9	6	5	4	6	2	1	9	7	8	2	5	4	8	5	6	4	0	5	9	8	9	8	8	7	8	8	3	9	5	7	2	2	8
6	4	8	8	2	6	1	7	4	6	4	6	9	4	5	7	6	9	2	5	2	5	1	4	8	8	5	3	4	2	6	7	5	7	0	1	9	3	3	3	8	7	4	9	4	1	6	9	3	8
5	8	2	2	6	2	1	3	9	4	6	2	5	1	2	3	5	5	9	3	5	5	2	3	7	4	5	5	8	4	2	2	9	8	2	0	8	8	7	1	3	1	3	4	4	9	9	5	4	3
7	9	1	1	1	5	2	9	5	2	1	6	9	8	9	6	7	6	3	7	9	2	7	1	5	7	8	5	4	1	6	2	3	8	6	2	0	8	5	5	5	5	1	3	4	1	2	8	1	9
1	1	8	9	4	3	5	2	3	2	6	8	5	1	1	2	7	9	6	9	5	1	3	9	4	9	8	6	2	8	7	3	5	2	3	3	2	0	5	6	1	4	2	2	2	6	2	3	6	7
2	2	3	8	6	8	4	9	9	1	2	1	3	6	7	5	2	6	8	7	6	4	6	7	7	5	7	7	6	1	9	8	5	5	7	3	6	2	0	5	9	2	4	3	4	8	4	6	3	7
4	8	2	9	2	1	6	8	9	3	2	5	1	6	1	4	3	3	5	4	5	6	2	6	7	5	1	5	4	2	1	1	2	5	4	4	3	3	7	0	4	9	2	6	2	6	4	6	9	7
6	1	2	8	7	9	3	3	5	2	6	6	1	4	2	4	7	9	8	4	7	5	7	6	1	2	4	8	3	6	7	3	6	2	8	7	4	1	4	6	0	3	1	7	5	1	5	5	2	5
2	9	1	8	7	8	1	2	9	3	3	3	1	4	2	9	8	4	6	1	7	3	7	8	2	8	4	3	9	1	9	9	2	2	1	6	7	2	1	2	6	0	2	3	9	2	3	5	3	7
3	2	9	9	9	2	9	7	4	1	7	9	6	4	7	8	9	5	7	3	7	6	1	7	7	7	7	2	2	2	3	4	2	1	7	9	1	5	3	5	7	1	0	9	9	3	8	9	9	2
4	4	7	4	4	4	5	2	4	4	2	8	4	5	2	3	3	8	7	8	2	9	3	1	5	4	5	9	8	2	7	1	1	9	1	2	9	2	1	6	3	9	4	0	2	4	4	2	8	9
6	5	2	4	3	4	5	3	2	9	7	4	4	5	4	7	2	6	2	9	7	1	8	3	5	1	9	5	6	9	7	2	9	3	3	5	3	1	8	7	1	8	9	7	0	2	1	6	2	4
3	5	7	1	4	1	9	5	3	3	7	5	4	6	4	4	4	1	6	3	4	8	9	4	5	7	7	2	4	4	8	9	4	4	6	5	1	4	4	4	4	2	8	5	6	0	4	1	3	9
3	5	1	8	8	7	5	6	6	6	1	7	8	6	8	2	3	6	9	5	6	5	1	6	7	9	8	9	4	7	6	2	8	3	9	1	4	3	1	6	8	7	4	5	3	5	0	4	7	4
1	4	3	7	5	4	3	2	6	1	2	8	4	1	2	5	6	6	3	5	6	9	9	1	2	8	5	4	5	3	3	3	7	7	3	1	6	7	5	9	6	2	8	8	6	2	3	0	5	2
4	7	4	4	2	3	8	1	6	7	2	9	3	2	4	6	1	7	3	5	3	8	3	3	5	5	4	7	9	7	6	5	7	8	6	9	8	2	8	4	4	6	2	1	2	4	6	3	0	1
9	4	4	7	4	7	3	2	2	3	8	3	8	3	1	7	4	1	1	6	1	7	1	4	5	7	5	5	6	3	6	7	7	6	5	8	6	7	6	3	1	9	3	6	6	6	2	1	6	0
M8
0	1	4	9	7	4	6	2	5	2	8	2	7	5	9	6	9	8	2	6	7	9	7	9	6	1	5	3	7	1	1	6	7	1	2	8	6	7	1	7	3	5	8	2	3	8	7	6	9	8
9	0	2	3	1	4	2	4	6	1	3	1	8	9	8	4	1	1	3	3	7	4	5	7	8	5	1	4	5	3	2	1	9	5	1	5	8	9	9	7	8	8	1	4	5	6	7	4	2	7
4	6	0	4	5	6	9	6	8	1	7	4	8	3	1	8	5	8	8	2	9	2	5	6	6	1	6	6	1	5	1	9	2	8	2	9	4	3	3	6	2	1	2	6	5	2	1	5	1	3
7	8	3	0	7	6	6	5	4	5	8	2	9	5	4	2	2	5	6	5	6	5	2	7	7	4	2	3	6	3	2	2	4	5	1	6	5	5	5	6	6	1	8	5	5	6	6	2	3	4
5	6	6	4	0	6	1	4	6	6	9	8	3	5	1	4	6	8	5	2	5	5	4	4	9	4	7	7	3	2	2	2	5	3	1	3	3	7	7	2	5	9	3	5	9	5	1	6	7	3
1	5	6	9	1	0	7	3	4	2	9	7	9	7	2	6	1	4	7	4	7	7	8	1	9	9	8	2	3	7	8	1	6	2	3	7	9	5	6	7	8	3	6	3	1	4	7	4	6	6
6	7	1	7	7	1	0	7	5	5	5	5	6	8	2	2	5	1	5	2	2	5	5	6	2	7	7	1	1	5	5	5	2	1	9	4	8	1	6	2	4	4	5	2	7	6	6	4	4	5
2	5	2	7	4	9	2	0	1	2	8	2	5	9	4	7	7	7	9	4	7	5	7	9	1	9	4	6	4	9	7	8	1	9	5	4	2	4	9	2	5	7	5	2	6	3	9	7	5	1
2	6	3	9	2	4	4	1	0	9	6	6	6	7	6	3	8	3	1	5	4	9	1	4	9	6	8	2	4	2	4	1	3	8	1	9	6	2	7	9	2	7	8	8	2	9	6	7	3	3
4	3	6	2	7	6	7	9	7	0	7	1	8	9	1	9	9	3	8	7	8	2	4	1	8	6	1	2	3	4	6	8	3	9	4	7	2	8	6	1	6	9	1	2	1	7	2	7	2	1
5	2	9	4	3	6	9	5	2	3	0	3	5	5	6	4	2	6	1	3	8	2	2	3	3	8	5	8	4	9	8	8	3	4	2	6	2	2	1	9	1	5	1	9	5	6	7	1	9	5
5	2	4	4	8	6	4	2	8	3	9	0	1	5	5	9	5	6	8	4	4	9	1	1	5	1	3	5	2	7	8	9	3	2	5	8	1	8	7	1	6	3	7	3	8	5	3	4	7	6
9	4	5	8	7	5	8	1	1	9	5	2	0	2	3	7	9	9	4	4	2	2	2	4	4	5	9	8	5	1	7	5	1	1	7	7	7	1	2	3	5	6	7	7	4	1	2	5	3	3
2	9	3	7	2	4	4	8	4	5	9	7	6	0	1	5	8	7	7	1	1	6	9	2	1	1	9	3	5	7	9	9	5	2	7	9	6	8	4	1	3	4	1	8	8	5	3	5	2	6
3	3	4	8	1	7	6	7	3	7	4	5	9	3	0	4	5	2	9	1	1	6	3	4	9	8	2	1	3	7	6	1	5	2	2	9	6	1	9	6	6	7	2	4	9	3	2	3	7	5
6	1	9	3	1	8	5	2	7	5	7	6	7	7	4	0	1	8	8	2	7	3	5	1	4	1	8	9	3	1	9	8	8	2	6	5	1	3	2	9	2	7	4	9	2	2	2	2	6	6
6	6	8	7	7	2	1	4	1	2	2	8	8	2	3	5	0	2	3	5	1	4	6	2	6	7	1	9	8	7	7	4	1	1	6	4	9	9	8	7	1	3	7	6	9	9	3	9	5	6
5	5	3	1	1	2	3	2	3	5	3	6	7	8	9	5	4	0	9	6	6	8	3	6	3	6	3	3	1	7	8	4	8	1	4	1	4	4	3	4	5	3	7	5	3	6	7	6	4	8
6	5	6	2	4	6	1	3	4	3	2	6	9	8	4	4	4	4	0	2	1	5	6	9	4	6	7	2	9	3	3	5	5	4	5	7	1	8	9	1	9	6	1	1	1	2	4	1	6	9
3	6	8	8	2	9	6	7	2	9	2	1	6	1	7	9	3	7	5	0	4	7	7	3	8	1	2	3	5	3	8	5	9	7	9	8	2	2	5	5	1	2	9	4	2	6	5	3	5	7
7	4	7	5	4	9	3	2	3	1	5	8	2	5	3	9	3	8	5	2	0	6	4	7	9	2	7	3	5	8	6	3	7	6	5	4	8	1	7	1	1	1	3	3	4	7	7	1	9	9
7	5	1	1	2	4	7	3	4	3	6	9	8	8	1	6	6	9	8	7	7	0	7	7	3	7	4	1	7	7	6	8	4	9	2	9	3	4	3	8	2	1	8	7	4	7	7	6	9	1
9	5	1	9	9	7	9	1	6	7	4	9	6	7	2	2	2	2	8	2	4	7	0	6	8	6	8	2	7	1	2	7	7	9	6	7	6	6	1	9	6	5	8	5	3	6	8	7	7	1
4	9	4	6	5	9	1	2	2	2	8	7	8	3	5	2	6	2	2	8	4	4	8	0	8	1	2	4	7	2	7	1	7	3	6	5	2	7	9	6	3	4	9	8	2	3	3	1	2	8
4	2	9	8	5	1	9	4	7	5	1	1	9	1	6	3	7	5	5	5	9	9	2	1	0	3	9	9	6	1	3	3	3	7	3	3	8	2	5	5	7	8	6	1	6	1	2	3	6	1
4	3	4	2	3	7	3	4	2	6	6	2	3	6	7	9	3	7	8	1	1	8	7	6	2	0	1	9	1	2	4	2	2	3	1	7	9	9	9	4	5	1	2	4	4	9	6	8	7	2
1	2	3	9	6	9	3	4	1	4	7	1	2	7	4	5	1	1	6	2	6	1	6	1	7	8	0	3	2	4	8	6	9	5	2	5	8	8	5	7	1	9	2	3	3	3	6	9	3	4
5	8	8	7	1	7	8	6	1	8	5	1	9	1	9	2	5	9	4	2	5	7	6	9	5	7	9	0	9	1	9	4	6	8	8	1	9	5	3	1	4	8	9	8	7	9	2	6	9	4
5	4	6	4	8	3	3	6	3	2	5	2	2	5	2	2	7	6	2	7	1	7	7	4	4	3	4	4	0	1	3	1	5	6	4	7	2	7	6	7	8	2	7	3	7	3	3	9	3	8
1	8	4	1	8	6	6	5	5	3	8	5	8	9	9	3	7	2	6	2	2	9	4	8	7	5	1	9	9	0	8	4	2	3	9	5	8	8	1	6	2	5	1	4	3	8	3	7	1	6
6	1	7	8	9	7	5	4	4	7	3	4	4	3	4	5	8	1	9	7	6	5	6	7	8	8	8	4	6	8	0	2	4	8	2	1	4	9	9	8	9	9	6	7	1	7	2	7	3	3
6	7	3	6	4	3	1	4	1	5	5	5	2	4	1	1	7	9	1	3	6	3	3	4	6	2	2	6	8	9	9	0	6	9	4	8	8	2	4	5	6	5	5	4	6	1	8	6	9	7
8	7	6	9	6	3	6	3	4	4	7	7	4	4	5	8	6	4	4	2	5	7	2	4	7	4	7	3	6	9	9	7	0	4	2	7	4	5	7	8	1	1	5	4	4	9	9	1	7	6
7	3	5	1	7	8	5	2	2	3	2	2	7	4	1	6	4	6	3	7	3	8	9	8	1	6	4	3	5	9	9	7	9	0	8	2	6	7	3	8	4	2	4	4	5	6	7	8	7	5
5	1	3	7	5	8	8	3	1	4	4	8	3	3	6	2	7	4	9	7	2	8	8	3	8	6	3	3	2	2	3	8	7	2	0	9	1	8	5	2	1	9	8	1	7	6	8	3	9	6
4	7	7	1	8	9	5	1	4	6	1	9	4	4	5	9	9	9	9	6	3	1	8	7	6	3	7	9	9	2	4	5	4	8	2	0	4	7	6	7	3	3	4	3	5	3	2	4	1	9
3	5	4	4	2	9	8	2	1	4	6	1	1	4	6	5	2	1	8	5	1	2	5	2	9	1	7	6	4	9	9	5	3	9	2	7	0	1	7	1	3	8	2	5	2	8	5	3	9	7
8	7	7	9	4	2	4	3	6	8	8	9	3	8	2	1	2	5	1	3	1	4	4	5	3	1	2	8	8	1	1	5	9	5	6	9	6	0	7	9	8	9	9	3	1	8	3	5	1	2
9	9	1	7	9	5	6	9	1	5	8	2	6	9	7	7	4	4	5	6	1	3	8	8	1	7	4	3	8	9	7	5	1	4	6	6	3	1	0	4	3	7	8	8	9	2	1	6	5	8
9	9	2	9	3	7	1	1	2	8	4	3	1	5	3	5	7	7	8	6	9	6	2	7	1	2	2	7	6	4	3	1	8	2	2	8	5	1	4	0	1	9	6	9	6	3	1	6	7	4
3	6	1	8	3	6	3	2	4	6	7	8	6	2	3	6	4	6	9	9	4	3	7	5	3	2	3	4	1	3	1	3	9	3	3	5	6	2	9	8	0	6	5	7	1	5	9	5	4	2
7	8	1	4	3	2	7	8	9	5	7	2	5	1	4	9	4	7	5	8	5	9	7	2	1	5	7	7	6	1	1	2	8	3	9	8	5	8	6	4	7	0	1	9	3	5	8	1	7	6
6	1	1	3	5	6	7	6	2	1	8	6	9	3	8	4	4	9	4	4	7	6	6	9	7	7	3	5	9	9	3	7	6	5	9	8	8	7	1	6	8	5	0	6	8	2	7	4	1	2
4	2	9	4	2	4	3	6	7	2	5	4	7	5	7	5	1	6	5	3	8	7	9	8	4	7	4	6	5	9	5	3	7	1	3	7	3	9	3	9	4	9	3	0	5	7	2	5	3	2
7	4	6	3	2	1	9	1	1	9	4	6	3	7	9	9	1	2	9	1	8	9	2	5	8	9	5	2	8	4	9	9	8	7	4	5	5	3	8	1	6	5	2	8	0	3	7	2	7	3
4	1	9	8	1	8	8	9	8	3	8	8	7	2	2	7	4	2	4	9	3	5	7	3	5	9	7	4	6	9	3	2	7	1	4	2	2	1	8	6	8	1	5	6	1	0	4	7	1	4
3	8	1	7	3	6	2	6	5	6	1	8	5	2	7	7	8	6	5	2	6	3	2	2	8	6	9	1	6	4	6	3	5	4	8	5	5	9	5	1	4	5	5	7	2	4	0	5	7	6
6	6	8	9	9	2	4	6	4	8	3	5	3	4	8	8	3	6	5	8	4	5	5	5	3	7	8	6	8	8	3	8	9	6	3	6	6	1	6	2	6	1	8	6	1	3	6	0	8	7
9	2	9	4	4	7	5	6	7	1	5	6	4	4	6	4	2	7	1	9	5	3	5	3	1	7	1	9	4	9	7	5	8	4	1	5	6	2	8	7	9	3	2	4	5	4	6	7	0	9
7	3	6	1	1	4	6	2	2	7	6	9	3	9	4	4	8	4	1	7	5	1	7	2	3	4	3	2	2	6	5	3	4	4	6	7	1	6	2	7	5	2	4	1	8	4	6	3	8	0
M9
0	3	8	2	9	7	6	7	5	1	3	8	7	2	9	6	6	5	5	1	1	8	7	6	2	7	8	1	6	4	4	4	5	3	2	6	1	4	1	6	1	4	3	6	8	2	1	8	9	4
3	0	2	9	8	2	7	7	3	3	2	7	1	6	1	3	5	8	7	6	4	5	1	5	5	4	3	2	9	8	9	7	5	6	9	9	3	1	8	1	5	5	2	9	5	1	7	4	7	2
4	8	0	9	1	7	3	2	6	8	3	2	6	6	5	8	5	5	1	6	7	2	2	8	8	3	1	5	1	4	7	3	1	4	7	6	7	4	3	8	9	3	7	3	9	5	8	5	7	1
2	5	3	0	4	8	4	9	4	8	4	1	3	8	7	8	6	1	5	2	5	3	8	5	1	7	7	7	8	8	6	1	7	8	4	6	5	3	9	2	8	8	7	6	8	8	5	3	2	4
9	9	5	2	0	9	2	9	7	8	1	1	1	9	6	8	2	7	3	5	1	8	4	7	4	7	9	1	6	6	1	2	6	1	3	4	4	7	4	6	7	3	3	1	2	1	1	9	2	9
6	2	4	5	1	0	7	9	8	3	2	5	2	7	7	1	9	3	2	9	5	8	3	8	8	1	8	9	9	4	3	8	4	9	3	1	6	8	8	6	3	2	6	6	3	1	2	3	7	6
7	3	4	1	5	9	0	3	4	8	1	6	6	5	1	4	9	2	6	9	2	8	6	4	3	4	6	4	7	7	2	4	9	7	2	8	8	6	9	5	4	9	8	4	7	2	5	2	6	2
2	7	9	2	1	2	7	0	5	9	3	4	9	4	9	4	5	1	5	5	5	5	8	5	2	3	8	5	1	7	1	1	4	6	9	6	6	6	9	9	6	6	8	8	2	7	4	3	4	1
4	1	6	1	2	5	1	8	0	6	9	8	3	9	8	9	1	3	1	7	2	6	5	6	2	1	7	9	2	6	4	6	9	3	1	9	4	8	3	3	8	7	2	5	7	3	6	5	9	3
6	6	5	5	1	6	9	3	8	0	1	6	4	2	9	9	7	2	1	6	7	1	1	9	3	2	9	1	9	4	6	6	9	5	8	1	3	1	1	9	9	9	2	7	5	3	4	3	9	1
3	2	9	5	6	8	6	9	2	7	0	9	5	8	7	1	9	6	4	2	6	9	5	7	8	2	2	8	6	4	4	8	6	3	2	2	2	9	5	2	5	2	6	4	4	4	9	3	1	7
8	9	5	3	1	4	4	7	5	1	3	0	4	7	1	4	3	6	5	3	9	8	7	9	2	8	1	9	4	3	7	2	6	7	5	7	6	3	3	3	9	1	7	7	7	2	9	3	4	6
7	2	1	2	4	3	5	9	1	1	7	6	0	4	5	2	9	6	4	8	8	6	5	8	2	5	6	5	5	4	9	1	7	6	3	1	6	1	7	4	2	1	4	2	1	8	6	1	7	2
8	1	6	7	7	5	9	1	2	5	5	4	4	0	3	9	8	4	9	8	2	3	3	7	8	1	4	1	5	3	2	9	7	1	7	6	4	9	1	7	8	2	6	5	1	1	6	7	3	8
2	2	4	2	6	4	3	3	6	9	3	3	4	5	0	1	8	6	1	6	9	9	1	2	4	3	7	8	2	5	6	4	7	5	6	3	4	1	3	9	1	3	3	1	7	8	8	7	4	9
2	4	6	4	3	7	5	1	4	4	3	7	9	9	9	0	8	7	9	2	1	1	6	8	4	8	2	9	4	8	4	4	2	4	1	1	9	7	7	6	1	3	3	4	5	2	3	3	7	8
4	6	5	7	7	2	7	4	8	4	5	8	5	5	1	3	0	2	9	8	4	6	9	4	9	7	2	9	3	2	8	7	7	2	1	1	4	1	1	2	1	8	4	3	2	6	9	6	7	4
4	9	4	6	1	9	1	8	8	4	5	8	1	9	1	7	5	0	7	1	9	6	2	8	7	3	1	2	1	7	5	3	6	3	8	6	9	6	4	8	1	9	3	6	8	7	8	9	8	3
4	6	8	4	2	1	9	7	2	1	4	7	3	3	9	6	1	9	0	7	1	4	3	9	6	9	6	4	7	8	3	5	7	9	6	4	9	4	3	2	7	3	7	8	7	3	5	8	4	7
9	3	4	2	5	5	7	9	3	2	4	2	4	8	8	7	1	6	6	0	7	8	2	1	7	2	7	7	7	6	7	5	6	5	6	5	1	1	4	2	1	1	9	2	2	5	3	1	8	2
2	2	3	5	5	9	5	2	3	1	5	7	3	2	6	7	8	1	9	4	0	1	9	6	6	4	7	4	4	4	6	4	7	2	4	5	2	9	2	8	5	7	6	6	6	5	2	8	3	8
3	8	2	8	2	7	3	4	2	9	2	9	7	9	6	8	1	1	7	4	8	0	9	8	2	1	5	7	6	8	4	2	6	5	4	2	6	5	8	4	3	7	1	2	9	8	8	4	4	2
3	4	4	7	4	6	9	7	9	3	7	1	5	8	2	7	9	3	7	3	4	1	0	9	1	5	9	6	2	5	9	1	9	3	4	9	2	4	2	7	9	1	8	6	9	5	1	3	4	1
7	7	4	8	5	6	9	2	7	3	2	5	5	7	3	1	1	2	9	8	8	9	5	0	2	9	8	5	7	1	7	2	7	6	4	8	6	7	2	4	5	6	6	1	6	6	6	6	6	1
5	2	8	7	2	4	9	4	5	1	5	4	4	2	2	4	5	7	6	4	6	9	9	9	0	3	3	5	5	6	3	4	9	2	9	6	9	7	7	5	1	7	6	5	1	9	4	9	5	5
2	3	4	7	1	6	2	4	2	9	3	7	6	1	6	3	4	4	4	1	1	3	2	7	3	0	3	4	9	7	9	5	4	1	7	4	5	6	8	1	2	3	8	1	8	3	8	1	5	4
5	1	4	2	9	5	2	4	5	1	3	5	5	4	9	8	6	8	7	8	2	2	9	8	2	8	0	8	1	9	4	2	4	5	5	3	1	5	9	8	8	9	4	3	1	9	9	7	3	9
2	2	1	5	6	4	4	9	3	4	3	3	7	5	1	7	4	6	2	4	4	6	1	3	7	6	6	0	4	3	9	7	8	8	3	1	2	3	3	3	4	3	5	3	6	6	3	1	9	3
8	9	3	9	8	2	7	1	8	7	9	5	4	2	4	8	2	8	9	4	6	2	6	4	7	8	6	4	0	8	2	5	5	8	2	2	9	6	4	9	8	2	2	3	2	8	9	6	5	1
4	5	2	7	4	8	2	7	7	8	8	6	7	5	5	9	9	4	6	7	9	2	5	2	3	1	5	5	1	0	1	6	8	4	3	2	8	4	5	8	3	5	4	8	4	7	4	3	1	7
7	7	8	1	6	4	2	1	7	3	4	9	9	2	8	4	7	1	8	7	1	9	7	4	6	3	7	7	4	1	0	4	2	1	7	9	2	4	8	4	5	5	4	3	6	7	8	6	6	9
5	3	1	9	5	7	3	2	2	2	6	2	6	6	1	8	6	3	4	7	7	2	2	6	5	6	4	7	4	4	3	0	1	2	5	8	8	7	7	1	1	8	5	8	2	1	8	6	6	2
2	1	2	4	7	5	8	7	4	3	8	3	8	8	7	6	5	5	4	3	3	3	8	5	5	4	9	9	7	2	5	6	0	3	5	1	5	2	7	1	4	5	9	5	2	2	1	8	4	7
8	2	4	6	3	9	9	7	9	3	9	4	5	8	9	4	1	9	1	6	7	8	6	4	3	6	1	7	3	6	3	9	3	0	3	5	1	1	5	5	2	3	1	7	3	5	1	9	4	1
5	5	2	2	6	2	5	9	8	4	6	5	6	4	9	5	4	5	1	4	6	3	7	2	9	5	4	5	4	7	5	9	4	6	0	8	7	6	3	6	8	3	3	2	6	6	6	8	1	6
7	8	1	4	9	9	5	9	7	2	8	9	3	3	9	4	7	6	4	9	1	4	6	6	6	4	3	1	4	7	7	1	7	4	4	0	4	7	1	1	1	5	4	4	5	1	2	6	3	4
3	4	4	2	2	4	2	4	6	7	4	8	2	9	6	5	1	4	2	7	9	7	5	9	4	2	9	3	9	2	2	6	9	3	8	7	0	1	7	9	4	6	4	5	7	8	6	7	7	9
2	3	4	4	2	3	1	2	4	6	9	8	3	7	7	2	7	8	9	7	6	3	2	7	8	5	4	5	3	6	1	1	2	8	3	6	6	0	8	7	7	6	2	2	8	2	4	6	1	1
6	1	6	9	2	4	6	1	1	8	4	6	6	8	5	1	8	8	6	6	2	7	7	6	4	4	4	5	1	4	1	2	5	6	9	7	4	6	0	4	2	9	9	6	4	3	5	1	8	3
9	4	4	2	7	5	6	6	3	3	5	2	6	1	2	5	1	5	6	9	9	7	8	4	9	7	4	1	3	7	5	8	5	2	5	7	2	6	8	0	5	1	2	9	9	3	6	4	6	3
9	8	7	8	6	6	9	6	3	3	5	5	5	9	9	6	2	2	9	5	9	9	1	9	2	1	7	7	4	4	4	2	5	9	2	4	7	5	4	8	0	4	8	4	8	9	6	2	4	4
2	2	2	2	7	4	5	4	5	9	6	8	2	4	5	2	4	9	5	9	8	9	6	8	8	4	6	2	6	5	3	2	7	3	3	2	5	1	1	4	8	0	4	2	5	7	1	7	5	7
8	2	7	1	9	1	2	2	5	3	6	1	1	7	1	5	8	9	3	5	2	6	8	5	5	8	8	6	4	1	9	3	8	2	8	1	5	5	7	4	4	9	0	2	8	7	3	8	7	9
3	5	4	8	7	4	2	1	6	3	4	6	8	5	7	5	2	8	7	6	1	3	6	4	8	3	4	2	7	2	2	4	9	1	3	6	7	3	4	7	6	3	2	0	5	7	2	4	2	8
4	6	7	8	7	5	3	7	7	2	7	1	5	3	4	9	7	3	5	3	6	7	5	7	9	8	6	5	2	9	6	6	7	2	7	9	9	1	3	8	9	1	9	2	0	9	6	8	8	8
9	6	1	8	8	3	9	6	3	6	8	8	9	3	8	5	3	8	7	5	9	7	6	4	2	9	4	2	6	2	3	8	8	6	2	7	4	1	7	7	9	7	9	1	1	0	2	7	9	1
3	7	8	3	8	9	6	9	6	8	8	2	3	5	1	1	3	5	1	8	9	9	2	9	1	8	3	6	7	5	6	8	1	4	6	7	9	2	9	7	8	3	1	5	9	1	0	9	8	8
3	9	1	2	8	2	5	7	8	1	4	2	3	6	3	3	7	7	4	7	9	8	9	3	1	7	5	3	2	6	8	9	8	5	7	9	1	8	3	5	4	2	9	2	7	5	4	0	4	3
3	1	5	4	5	2	4	1	4	5	9	8	5	6	3	6	3	3	6	7	3	8	9	1	4	1	1	8	1	3	1	5	7	8	9	1	3	4	5	1	5	5	4	2	5	5	3	3	0	1
7	5	1	3	5	6	5	2	1	7	3	8	5	6	3	4	6	8	7	3	9	6	2	8	8	5	9	2	6	3	5	5	6	3	1	9	4	6	6	5	1	5	7	7	5	3	1	1	4	0
