50  10  1
10
	0	56	1	42	2	68	3	75	4	18	5	12	6	36	7	82	8	57	9	44
	0	72	1	68	2	16	3	37	4	79	5	97	6	7	7	17	8	77	9	63
	0	80	1	58	2	86	3	4	4	64	5	77	6	99	7	18	8	90	9	51
	0	74	1	90	2	41	3	39	4	11	5	53	6	41	7	91	8	12	9	64
	0	53	1	81	2	43	3	66	4	36	5	13	6	32	7	50	8	9	9	57
	0	73	1	61	2	5	3	36	4	36	5	92	6	18	7	72	8	87	9	77
	0	66	1	39	2	73	3	63	4	41	5	11	6	30	7	28	8	7	9	88
	0	9	1	80	2	65	3	28	4	36	5	43	6	7	7	34	8	61	9	25
	0	14	1	81	2	35	3	18	4	83	5	50	6	35	7	75	8	84	9	37
	0	43	1	71	2	73	3	37	4	20	5	35	6	21	7	23	8	41	9	7
	0	43	1	80	2	88	3	77	4	15	5	40	6	20	7	82	8	33	9	61
	0	53	1	88	2	41	3	23	4	24	5	81	6	33	7	32	8	30	9	26
	0	17	1	73	2	61	3	98	4	81	5	39	6	61	7	72	8	5	9	30
	0	1	1	25	2	9	3	4	4	32	5	3	6	36	7	13	8	59	9	43
	0	3	1	67	2	63	3	58	4	68	5	8	6	48	7	22	8	5	9	78
	0	90	1	19	2	76	3	20	4	26	5	30	6	45	7	49	8	13	9	94
	0	74	1	75	2	17	3	43	4	99	5	65	6	44	7	9	8	66	9	82
	0	12	1	62	2	85	3	40	4	19	5	3	6	30	7	49	8	59	9	42
	0	85	1	48	2	100	3	30	4	30	5	57	6	22	7	18	8	100	9	89
	0	62	1	71	2	67	3	90	4	38	5	49	6	38	7	28	8	46	9	47
	0	53	1	20	2	36	3	53	4	33	5	82	6	15	7	44	8	19	9	47
	0	54	1	65	2	89	3	65	4	71	5	37	6	55	7	2	8	27	9	88
	0	66	1	90	2	64	3	24	4	81	5	98	6	59	7	57	8	86	9	25
	0	83	1	71	2	52	3	40	4	80	5	6	6	83	7	8	8	21	9	56
	0	87	1	94	2	77	3	45	4	69	5	19	6	29	7	19	8	34	9	13
	0	12	1	43	2	44	3	2	4	47	5	27	6	71	7	8	8	21	9	7
	0	34	1	51	2	16	3	36	4	26	5	93	6	90	7	85	8	52	9	49
	0	72	1	60	2	41	3	71	4	16	5	61	6	6	7	61	8	24	9	58
	0	60	1	84	2	48	3	61	4	21	5	86	6	9	7	6	8	48	9	20
	0	11	1	68	2	6	3	66	4	30	5	97	6	45	7	70	8	8	9	35
	0	43	1	49	2	77	3	35	4	49	5	45	6	4	7	18	8	17	9	8
	0	25	1	35	2	32	3	53	4	97	5	100	6	63	7	19	8	17	9	36
	0	83	1	24	2	59	3	32	4	59	5	93	6	30	7	14	8	88	9	1
	0	69	1	75	2	40	3	66	4	14	5	6	6	35	7	76	8	21	9	49
	0	50	1	40	2	20	3	34	4	58	5	92	6	18	7	92	8	21	9	90
	0	10	1	45	2	5	3	97	4	42	5	21	6	83	7	19	8	39	9	46
	0	41	1	55	2	5	3	99	4	9	5	71	6	30	7	52	8	80	9	10
	0	91	1	12	2	87	3	1	4	20	5	42	6	52	7	15	8	67	9	46
	0	29	1	5	2	95	3	14	4	99	5	6	6	81	7	82	8	2	9	96
	0	3	1	54	2	98	3	39	4	43	5	82	6	100	7	52	8	45	9	5
	0	24	1	85	2	83	3	92	4	42	5	1	6	54	7	45	8	38	9	75
	0	92	1	48	2	2	3	80	4	52	5	74	6	8	7	6	8	45	9	88
	0	70	1	39	2	86	3	2	4	61	5	1	6	6	7	71	8	45	9	8
	0	47	1	45	2	65	3	26	4	12	5	2	6	61	7	10	8	73	9	32
	0	47	1	64	2	38	3	60	4	40	5	48	6	30	7	7	8	35	9	43
	0	45	1	40	2	76	3	28	4	74	5	53	6	40	7	26	8	12	9	93
	0	61	1	53	2	96	3	8	4	58	5	46	6	39	7	80	8	26	9	67
	0	47	1	93	2	16	3	11	4	46	5	20	6	23	7	57	8	48	9	48
	0	38	1	52	2	40	3	63	4	42	5	7	6	73	7	75	8	52	9	40
	0	72	1	50	2	45	3	17	4	21	5	77	6	16	7	51	8	69	9	90
SSD
M0
0	23	36	33	10	46	42	25	23	9	32	47	41	18	27	16	6	11	40	4	17	11	4	47	10	39	21	11	44	6	16	26	13	35	44	22	3	15	48	42	13	35	24	16	24	1	31	35	33	49
13	0	13	48	42	15	42	29	12	41	34	17	35	35	42	2	38	24	6	22	46	47	36	16	7	46	45	17	34	39	25	16	49	37	46	20	39	25	21	48	15	7	1	25	41	20	5	34	36	20
9	18	0	24	32	18	5	28	3	34	41	14	45	4	22	35	15	48	16	28	26	29	22	13	8	16	15	46	48	6	46	4	12	18	37	38	15	46	38	47	1	19	41	13	41	14	29	1	25	23
23	35	26	0	12	42	11	43	21	7	49	45	12	37	26	10	30	31	30	29	27	17	6	4	20	39	36	10	21	32	3	35	32	30	43	7	12	40	7	22	40	49	33	31	12	18	10	7	2	49
46	27	14	28	0	33	37	43	34	15	30	13	37	19	38	2	24	39	16	19	35	40	7	36	16	5	18	17	15	26	26	47	43	39	29	9	47	1	28	30	47	9	24	47	13	39	15	15	45	13
23	21	34	41	16	0	4	5	2	14	12	17	12	25	46	16	12	27	10	38	23	15	6	30	9	12	11	42	24	24	16	34	7	16	4	32	31	29	23	39	42	23	2	25	22	43	33	20	23	31
14	4	5	39	32	7	0	34	5	6	22	47	7	9	30	20	3	48	14	23	30	13	21	22	40	17	6	26	49	7	9	34	22	16	34	41	4	6	27	32	9	12	12	49	39	9	26	5	11	38
1	23	10	23	26	15	9	0	9	37	11	47	23	36	13	48	8	8	23	14	8	19	28	26	29	34	38	26	41	14	15	37	1	5	25	18	40	7	24	14	3	11	29	23	49	9	28	31	29	42
26	35	4	34	29	4	31	25	0	37	7	39	36	12	49	10	22	18	10	37	40	32	36	45	32	3	40	14	31	5	7	17	42	23	39	47	2	18	30	15	33	37	1	49	38	8	31	42	42	29
47	20	30	1	2	7	20	15	49	0	4	12	20	35	7	3	24	6	26	23	9	41	48	23	45	10	26	14	21	39	18	39	30	2	31	6	20	30	30	6	19	32	17	8	6	44	30	4	35	18
10	30	44	17	23	18	34	20	35	8	0	21	49	5	26	31	48	48	22	9	36	30	34	34	49	11	26	47	30	18	17	48	21	8	28	44	31	3	9	43	45	2	18	35	5	21	7	37	21	33
10	16	27	44	15	46	48	5	28	36	10	0	49	49	2	13	12	47	10	2	25	47	28	37	12	40	41	20	30	19	40	11	33	26	18	8	34	18	6	4	25	22	14	21	47	1	23	2	49	45
19	42	48	49	12	23	11	23	23	29	45	42	0	28	16	32	4	20	25	33	28	31	25	12	20	28	18	38	3	29	49	33	5	30	12	6	44	33	17	6	15	17	35	24	44	27	39	46	49	7
22	45	44	7	4	13	32	31	27	40	31	33	29	0	13	34	30	10	1	24	46	13	11	15	13	10	25	28	6	45	30	48	42	35	1	28	33	13	37	21	28	42	24	45	34	18	19	19	33	35
12	44	24	37	4	23	7	46	3	38	24	3	22	10	0	20	46	1	4	29	7	4	1	27	30	5	47	28	1	21	18	35	28	38	24	3	49	21	41	47	7	10	6	34	35	44	20	11	32	18
9	26	23	40	34	42	22	46	25	47	19	23	18	10	25	0	4	44	38	39	9	21	36	22	46	49	28	27	6	39	14	12	49	45	25	31	38	37	39	24	11	3	20	21	13	30	8	6	3	3
2	29	23	14	30	42	11	30	40	19	49	5	11	2	15	28	0	43	31	45	24	40	8	6	47	12	15	14	41	12	45	3	6	28	24	32	25	39	39	47	41	47	7	6	30	7	10	6	34	13
7	21	11	20	16	40	12	33	12	36	17	31	14	45	26	23	11	0	13	7	29	2	1	20	15	44	37	4	41	42	36	5	33	24	35	15	6	11	18	36	32	33	23	44	5	23	43	49	5	9
2	14	16	38	11	37	2	44	44	39	30	46	43	44	20	28	18	4	0	32	25	40	2	3	5	4	38	2	33	33	24	12	17	46	4	23	30	17	6	9	23	10	29	17	15	37	21	5	49	10
47	34	8	9	25	26	12	42	40	18	47	22	12	45	19	5	31	25	24	0	4	24	26	7	5	36	26	37	1	15	37	49	10	13	3	32	19	12	28	44	39	16	28	13	43	37	25	29	44	5
4	39	7	30	37	28	32	5	11	45	38	21	31	22	28	22	32	36	17	8	0	24	2	28	8	39	21	1	39	37	45	42	31	41	13	6	1	16	25	33	2	2	15	28	46	19	41	36	45	20
31	45	44	22	38	29	34	33	9	19	20	32	45	38	20	26	1	31	49	27	43	0	32	20	10	17	21	12	47	15	14	4	20	46	44	44	19	18	48	38	24	7	48	43	30	41	29	31	49	31
10	29	28	38	38	29	25	19	38	3	31	32	3	20	36	30	4	16	7	8	25	39	0	2	42	11	38	15	25	23	23	7	49	15	30	18	19	48	23	15	31	27	14	1	15	3	19	30	1	7
6	16	34	34	34	36	33	1	46	38	22	39	10	47	21	20	32	35	3	42	24	27	8	0	6	8	3	17	25	22	15	46	38	2	20	32	36	42	28	45	36	22	18	39	6	1	26	32	43	4
12	14	35	28	38	47	15	8	1	23	40	6	8	25	29	26	32	41	27	11	4	39	6	32	0	37	15	12	10	47	36	5	48	20	34	28	7	2	45	19	2	24	1	32	45	31	13	8	41	10
10	38	13	22	16	22	11	46	21	6	49	24	9	16	12	23	3	7	9	4	40	3	39	19	49	0	39	17	11	7	2	49	48	40	35	46	18	26	21	49	14	10	47	36	21	42	42	26	28	13
41	7	5	15	26	34	49	2	16	47	25	23	33	39	38	45	18	37	7	11	11	9	22	18	6	32	0	8	2	42	12	30	19	39	3	48	46	22	14	42	20	22	15	9	47	25	36	8	43	24
33	31	9	21	9	20	11	11	6	6	19	26	27	18	29	42	19	6	8	42	19	44	1	30	48	47	34	0	45	9	29	10	25	11	14	1	5	33	24	37	1	21	41	45	47	20	21	11	25	10
24	14	16	3	18	22	22	28	34	9	14	8	15	27	26	21	8	14	38	31	18	30	26	47	47	5	11	25	0	10	38	1	49	33	28	42	31	39	41	41	32	13	14	42	27	19	35	20	43	42
19	20	13	48	3	47	3	7	37	16	17	48	40	16	42	40	5	42	36	4	4	39	43	32	16	45	45	37	30	0	34	28	27	31	20	4	33	48	33	5	8	5	13	7	38	7	2	17	33	44
12	10	23	30	29	43	46	45	31	34	7	17	29	7	1	11	34	39	3	46	15	24	43	37	47	46	27	30	25	26	0	24	41	19	10	24	28	33	15	12	7	9	47	6	5	3	32	29	12	27
22	4	6	33	32	11	34	14	23	49	13	39	2	10	36	4	6	1	34	34	40	38	22	32	32	4	12	37	35	10	34	0	38	16	4	16	36	48	9	17	4	13	34	15	32	48	12	11	28	30
14	19	26	5	40	33	5	22	12	13	2	23	17	22	30	47	31	3	37	45	41	23	6	33	49	49	25	48	32	45	28	31	0	38	35	12	42	38	1	27	37	34	40	45	26	5	11	36	8	34
20	7	46	17	12	7	35	9	42	26	9	3	13	13	17	19	15	5	39	3	6	48	38	13	32	10	4	6	36	15	3	27	6	0	24	25	47	11	41	12	12	22	28	13	32	29	12	12	14	25
28	32	12	49	14	25	34	34	15	38	31	24	43	46	39	29	31	7	48	18	43	43	4	24	10	20	10	8	29	3	1	14	15	9	0	43	2	17	32	25	49	21	39	23	45	27	21	18	42	30
14	40	1	40	47	18	44	34	14	3	4	41	37	20	12	11	6	33	2	48	35	3	38	20	43	48	18	38	21	25	28	32	25	46	46	0	12	30	32	33	48	7	8	19	47	30	30	29	19	14
19	8	48	48	28	18	41	10	9	2	26	3	41	3	8	16	43	10	32	37	15	47	37	33	49	48	18	7	9	12	3	21	43	49	2	22	0	2	11	47	26	29	2	11	36	12	13	39	14	14
18	23	2	23	4	19	6	33	33	48	8	44	34	38	19	2	25	44	45	17	49	38	5	17	18	35	7	48	39	19	47	41	16	8	43	10	23	0	47	14	41	7	4	35	46	6	9	47	42	1
8	48	6	21	47	33	7	45	16	9	29	43	48	46	18	19	3	24	16	35	11	19	36	49	25	5	39	17	9	1	21	15	21	45	44	21	43	26	0	13	23	39	5	1	18	40	39	34	11	23
41	24	25	35	12	9	34	24	46	13	39	43	19	44	24	11	42	49	2	30	24	27	33	17	18	24	40	17	9	37	45	33	30	11	37	28	7	29	28	0	35	3	24	26	27	46	25	5	3	31
29	21	48	41	23	5	33	33	26	17	11	34	30	46	45	16	41	20	35	45	46	46	16	30	47	16	36	29	26	2	19	43	33	46	21	20	1	10	44	3	0	2	37	15	48	16	8	17	11	24
33	35	45	37	44	46	47	23	25	6	11	19	31	29	48	3	2	10	28	39	16	28	39	11	24	31	34	5	40	5	17	8	38	43	47	9	25	30	36	6	5	0	30	37	26	27	3	4	19	15
8	7	48	34	38	20	31	31	23	27	7	28	12	23	33	8	9	22	47	34	41	43	20	37	16	5	24	44	4	7	6	24	45	25	15	20	46	33	6	44	14	10	0	41	20	42	7	31	20	18
11	16	12	29	28	3	36	28	13	45	8	45	39	28	25	38	29	5	26	1	33	44	31	37	18	28	40	43	33	26	11	39	35	9	45	14	13	12	49	43	7	23	9	0	39	25	44	17	36	38
14	45	21	37	24	41	36	37	40	27	14	8	32	21	30	41	47	13	38	32	18	5	47	38	47	11	42	26	1	9	24	47	16	19	49	24	36	8	14	7	8	42	47	23	0	6	1	30	1	34
39	19	35	10	12	36	6	11	47	12	39	36	17	25	31	14	30	1	36	41	43	35	12	11	15	37	9	44	7	15	9	47	44	44	35	41	15	16	10	10	20	2	5	32	13	0	41	34	41	9
12	31	14	45	23	41	37	43	22	35	37	2	44	39	48	41	27	8	35	37	4	2	44	49	12	45	12	27	17	32	7	27	43	29	45	41	13	35	27	48	41	9	14	7	17	42	0	23	37	49
39	28	35	26	34	20	27	43	26	37	44	26	23	2	4	28	11	45	41	47	34	24	17	29	24	46	49	12	41	38	36	18	35	24	48	20	10	44	15	41	49	14	9	31	32	44	49	0	22	24
37	37	32	27	24	8	18	17	48	13	45	37	40	34	14	8	42	47	31	33	30	41	1	7	37	22	28	11	33	23	3	28	13	4	31	7	32	46	40	10	24	40	20	7	4	23	37	37	0	22
34	19	7	43	7	13	25	46	40	47	34	43	26	21	45	30	46	19	16	1	32	24	11	20	30	23	1	32	38	14	15	15	44	49	37	4	30	19	23	20	29	8	7	30	3	1	12	12	4	0
M1
0	31	46	41	30	44	20	22	37	24	46	8	13	40	46	41	43	49	31	35	1	5	5	29	9	10	5	29	44	36	27	48	46	12	43	18	26	25	25	11	24	31	48	41	20	37	1	36	31	8
44	0	17	26	6	15	34	10	40	32	4	35	49	4	47	26	17	2	45	26	37	49	5	12	36	36	24	30	46	8	3	38	22	34	30	34	6	35	40	17	23	20	44	7	30	17	31	27	12	15
47	6	0	2	9	17	25	18	15	25	8	34	15	9	27	49	11	10	22	33	35	42	22	14	23	24	31	41	8	39	16	22	31	47	9	32	4	48	49	36	14	40	11	37	28	41	42	9	31	45
7	17	24	0	25	26	6	22	41	28	21	26	28	41	32	47	25	48	45	24	46	24	41	41	49	43	17	20	1	12	27	6	31	25	32	47	16	35	26	24	26	11	29	39	20	34	39	11	14	11
2	49	44	47	0	14	28	7	4	6	26	5	44	44	46	15	33	3	42	36	14	37	13	35	35	46	26	4	6	49	21	1	46	12	45	21	25	22	34	47	33	11	43	38	30	9	14	47	5	49
30	44	33	39	46	0	6	6	28	29	33	1	28	26	26	30	32	18	44	19	20	43	35	20	10	33	3	42	28	21	34	37	40	24	42	19	13	9	4	18	2	3	32	45	2	27	34	3	19	9
24	46	44	14	12	44	0	4	22	15	36	22	30	34	42	42	23	24	9	28	11	23	13	17	16	36	49	6	24	24	27	22	2	12	34	21	32	1	33	16	45	8	49	19	6	10	7	19	15	24
42	37	38	37	27	47	3	0	2	3	38	20	47	33	44	14	1	15	6	10	49	7	44	7	33	49	10	12	29	32	31	27	18	20	29	3	49	40	37	7	47	27	6	17	13	23	33	6	24	30
43	34	39	30	8	20	6	39	0	41	14	12	42	39	24	23	47	27	40	39	28	5	36	13	29	25	18	28	17	33	23	9	25	13	17	27	13	47	12	9	1	25	29	34	31	49	9	49	37	41
17	18	9	40	15	1	43	23	27	0	10	4	37	49	22	4	28	48	2	10	28	25	42	49	29	23	24	8	17	22	46	10	16	20	25	47	8	27	29	40	36	49	24	43	38	9	21	28	38	41
28	18	37	12	22	33	34	15	14	7	0	42	44	6	42	28	15	27	2	43	21	37	19	14	41	43	15	22	13	7	17	27	36	1	32	34	42	29	30	30	22	40	28	27	43	11	19	43	41	22
24	6	9	26	13	12	9	44	17	27	9	0	19	43	15	1	43	39	2	46	13	2	18	14	43	42	19	24	35	31	12	17	34	13	25	16	16	37	48	8	7	18	36	37	42	41	6	25	10	22
44	18	37	42	6	12	19	40	11	32	45	26	0	18	33	20	11	6	30	41	39	2	47	14	5	30	23	49	48	39	27	31	8	40	15	34	26	16	35	13	31	47	49	48	10	31	9	12	3	24
4	5	46	9	37	4	34	39	30	7	13	40	49	0	18	16	39	8	3	11	28	7	29	44	19	48	44	44	7	36	23	21	30	2	25	20	19	35	18	33	40	11	21	36	20	14	9	14	16	30
5	36	33	48	23	29	13	37	22	48	34	36	44	40	0	45	2	37	4	39	3	2	47	7	8	40	30	23	12	23	12	14	31	21	23	32	33	4	5	15	13	13	49	40	3	46	32	15	44	41
22	40	1	5	44	11	48	4	11	29	17	8	15	4	20	0	1	26	36	35	37	8	9	13	39	30	34	9	27	10	6	36	6	31	48	40	29	7	23	2	43	4	5	24	38	22	25	21	5	29
16	30	39	45	26	10	18	31	12	49	17	34	6	44	15	22	0	4	35	34	41	10	22	31	38	49	6	21	27	41	21	14	1	4	43	31	45	44	16	2	48	4	47	21	7	30	1	19	14	4
48	29	21	37	5	31	5	1	10	38	19	40	20	24	39	40	49	0	41	5	41	33	39	39	26	3	26	28	14	48	34	10	10	44	30	40	18	30	49	48	28	11	5	31	29	34	48	28	28	28
45	39	41	49	20	13	30	38	46	39	13	47	44	45	39	38	6	12	0	12	21	31	21	38	8	11	40	41	37	15	30	28	6	30	33	14	43	22	38	3	5	26	28	9	19	49	38	23	45	28
19	26	35	17	32	23	27	27	19	30	22	20	40	12	11	31	43	30	29	0	17	41	14	28	38	27	5	45	16	37	49	33	25	15	18	20	33	48	9	18	5	34	23	41	25	37	14	24	39	44
6	11	19	5	21	9	33	12	26	25	24	24	19	18	27	20	40	11	4	44	0	6	9	21	46	19	13	8	30	23	24	1	29	7	31	31	17	16	24	42	5	23	21	25	10	40	19	18	27	43
32	39	49	13	2	33	12	40	15	14	11	44	43	14	12	45	20	48	26	25	28	0	24	19	14	5	33	42	35	4	36	45	27	44	43	3	10	26	27	30	33	42	3	3	40	14	31	26	31	45
10	34	11	1	18	17	44	16	31	47	32	43	25	8	36	48	13	46	16	35	20	46	0	14	1	4	13	33	17	11	24	21	15	41	4	20	43	40	2	30	5	16	35	23	8	30	12	17	34	33
34	32	10	4	1	23	12	9	28	5	36	12	29	21	24	15	2	35	39	37	22	12	34	0	2	46	8	18	3	29	8	27	32	25	46	6	3	25	23	8	29	18	1	8	1	32	34	6	39	3
24	44	33	22	48	34	21	5	47	46	44	47	1	42	30	33	31	4	18	49	1	35	41	34	0	21	14	43	45	12	32	20	38	39	39	34	40	26	43	20	16	12	16	15	26	32	34	36	32	43
12	31	46	14	4	38	13	32	41	15	48	1	14	49	47	18	33	20	10	2	17	12	17	32	1	0	26	43	35	43	5	2	27	14	2	33	42	37	29	18	6	27	40	43	46	47	13	26	34	9
5	7	5	21	29	27	49	24	43	46	43	1	28	29	10	18	18	22	40	22	40	47	26	9	49	48	0	44	21	37	27	44	26	28	3	38	37	16	47	17	12	36	4	37	23	41	8	5	9	48
19	35	7	14	32	36	23	28	4	35	9	41	10	43	21	9	15	26	9	36	13	43	39	29	49	42	19	0	21	39	11	47	38	25	24	6	9	33	42	10	13	19	8	25	34	42	10	2	46	3
17	43	19	38	2	34	49	42	35	31	35	30	11	20	13	36	29	45	49	46	7	9	45	23	47	20	18	47	0	6	8	18	23	30	11	11	22	23	23	28	8	39	44	43	47	23	38	28	42	44
14	27	46	5	9	23	13	40	33	33	8	31	1	30	25	9	45	23	41	1	35	49	40	23	29	45	11	3	41	0	16	28	36	15	1	41	20	4	45	6	16	43	15	10	20	18	17	4	20	43
34	11	35	48	5	5	7	46	34	2	37	41	37	22	45	14	44	22	47	33	15	39	7	17	38	49	40	24	42	46	0	1	15	39	23	39	44	36	37	6	42	42	4	2	28	35	48	33	41	48
11	41	41	39	22	37	9	20	28	46	10	1	37	12	35	2	3	36	3	40	39	33	4	45	13	6	18	29	26	34	38	0	19	11	18	22	31	27	33	11	19	5	29	40	13	6	38	39	45	9
7	5	19	36	49	6	9	26	43	1	18	17	7	13	31	9	2	18	6	3	18	4	33	46	12	6	29	22	34	27	19	31	0	45	33	26	20	15	10	41	4	43	43	28	27	30	33	25	24	28
25	31	12	11	9	4	26	4	25	30	5	30	13	29	40	4	20	21	4	34	18	41	7	22	38	18	11	7	31	5	6	42	39	0	31	41	29	32	14	24	1	40	24	15	28	24	6	42	45	1
17	19	14	20	49	10	28	5	21	14	14	3	45	37	49	8	34	45	39	21	36	26	33	21	48	9	1	48	40	21	42	8	29	19	0	4	43	48	38	47	36	4	25	47	9	35	32	17	27	20
46	4	9	36	29	15	10	20	36	45	41	43	44	30	28	29	22	4	4	10	29	49	3	8	32	28	19	29	37	18	46	23	39	34	19	0	21	32	46	29	33	43	32	18	41	14	1	47	40	21
11	4	49	23	40	1	7	14	2	21	49	30	41	14	33	36	37	11	38	44	14	24	13	20	3	9	27	11	8	3	42	26	20	38	24	22	0	10	49	1	44	32	13	35	23	31	30	42	20	21
34	27	32	37	16	12	49	23	7	9	48	16	31	17	15	24	37	30	30	34	48	20	44	8	7	40	7	45	45	47	42	38	27	18	16	24	4	0	12	11	29	17	13	23	47	21	49	39	12	20
7	12	25	20	24	25	42	28	36	7	49	10	1	25	40	15	33	27	13	10	25	28	31	11	30	14	38	13	30	17	23	42	34	37	26	13	1	46	0	17	16	11	29	21	28	4	9	26	11	36
1	30	34	39	18	14	20	20	30	32	46	4	36	41	2	35	33	21	1	16	11	40	23	17	13	45	1	17	4	42	18	32	30	38	2	25	43	31	41	0	7	14	33	11	17	5	49	30	22	36
25	36	16	14	41	13	27	29	22	32	2	41	34	26	18	17	33	13	29	12	12	35	31	39	6	49	22	49	30	3	48	36	39	43	26	48	22	16	26	29	0	5	28	24	20	42	15	31	19	46
43	28	24	6	22	1	12	25	5	25	19	10	26	12	31	1	25	48	1	6	23	18	48	14	42	5	10	8	1	49	49	45	47	27	25	37	39	40	22	25	19	0	35	28	15	3	49	29	31	9
16	1	41	39	22	5	25	31	18	49	17	40	45	30	30	2	11	7	2	36	38	37	3	36	16	13	20	17	39	40	38	48	39	24	48	34	24	45	27	2	40	46	0	6	25	30	41	39	10	43
4	19	25	3	13	11	2	34	30	44	44	3	35	13	23	11	40	19	38	27	2	17	12	5	28	5	38	7	17	44	4	15	45	30	32	7	30	17	10	11	5	10	49	0	49	41	33	38	47	15
19	47	49	36	3	19	46	43	46	1	21	1	4	36	48	6	48	46	40	8	44	8	23	29	30	34	34	41	12	24	47	6	35	19	27	44	2	34	6	9	9	19	8	41	0	8	40	43	4	11
21	8	42	31	42	47	20	22	38	1	27	44	36	38	15	30	26	11	4	44	15	25	10	16	41	45	46	36	22	28	2	28	20	32	16	21	12	19	10	45	40	34	44	16	10	0	26	42	34	2
19	21	17	24	3	3	41	4	3	30	1	15	10	9	30	24	4	39	21	15	24	2	12	6	13	1	43	1	45	30	7	44	36	38	19	22	39	13	7	27	40	13	49	27	27	25	0	24	24	25
8	47	49	2	18	27	41	6	6	30	44	10	15	23	17	14	29	9	21	41	36	30	24	10	22	16	42	44	49	35	26	19	48	26	18	49	2	45	39	21	29	14	49	11	28	36	43	0	17	48
6	34	17	35	28	44	6	43	18	22	6	22	14	49	24	20	43	20	14	15	22	32	12	47	18	2	22	45	20	11	32	32	38	26	28	45	15	27	10	18	10	3	35	28	34	26	43	11	0	46
7	48	37	5	38	21	42	2	13	41	37	21	22	7	2	45	11	44	21	2	48	1	45	29	43	35	48	39	1	48	45	41	32	9	21	42	17	31	6	8	20	49	20	7	39	10	5	27	5	0
M2
0	35	33	46	22	45	31	49	33	37	10	49	33	27	29	45	49	6	37	30	14	19	32	16	35	5	2	21	43	22	27	43	22	25	25	8	3	2	39	31	36	1	28	4	44	31	46	35	11	4
23	0	11	14	2	27	39	48	44	37	27	23	44	34	13	31	42	10	39	30	21	38	17	40	15	20	16	20	32	17	49	24	20	40	26	39	38	3	28	24	33	26	12	33	41	21	15	1	22	19
44	34	0	44	7	36	10	47	42	23	9	16	41	33	42	28	18	15	4	27	24	15	1	17	10	36	42	45	18	41	46	47	3	21	33	5	28	4	37	45	48	31	22	35	4	46	23	3	3	12
4	11	19	0	21	46	19	27	32	30	5	37	40	40	11	32	18	33	27	43	19	37	35	37	24	36	10	17	5	24	24	14	3	28	21	19	49	1	42	11	5	42	35	21	23	2	7	48	29	29
27	2	17	3	0	20	48	4	37	24	28	37	2	25	38	17	4	32	13	41	33	18	36	32	35	17	44	10	1	32	11	48	3	12	7	17	3	35	20	48	29	31	18	32	17	45	34	34	44	11
46	21	36	8	26	0	14	31	48	16	32	10	39	47	17	25	30	22	24	28	41	33	6	25	49	44	36	27	25	27	32	3	12	24	48	30	49	45	24	12	44	23	29	1	35	9	21	6	22	16
28	2	32	13	49	5	0	13	3	9	44	10	14	34	20	35	6	19	8	13	5	7	26	34	39	2	47	29	14	47	42	20	16	5	16	26	29	22	9	23	17	19	28	49	9	14	24	20	9	13
41	44	9	32	35	15	18	0	13	24	35	48	29	21	45	4	15	43	22	47	42	41	48	44	43	42	46	48	38	34	47	7	45	26	21	8	40	12	1	43	32	6	21	21	47	15	13	21	4	31
49	27	49	22	22	24	23	48	0	9	37	28	5	40	31	18	36	46	45	45	43	21	33	41	16	9	9	31	37	29	15	3	2	15	21	7	31	45	26	5	10	47	1	46	31	13	22	17	18	6
10	33	30	21	37	31	33	22	8	0	7	38	41	40	26	4	4	28	48	14	34	5	49	41	27	29	6	44	19	23	11	46	11	33	13	36	14	38	6	34	43	35	48	8	36	8	26	10	31	40
32	28	22	44	26	7	18	39	17	15	0	7	37	9	21	5	45	17	39	29	47	24	45	4	25	27	22	46	35	39	21	41	46	39	44	9	13	13	24	40	13	38	4	14	25	1	16	7	17	48
29	13	13	10	47	40	33	13	47	40	49	0	36	14	7	27	23	47	11	8	1	8	23	2	26	6	19	2	13	33	18	15	35	10	24	11	44	20	46	35	23	37	33	33	25	39	27	10	8	35
10	12	38	26	45	28	32	7	44	40	8	49	0	15	1	26	46	43	2	21	41	15	23	21	33	28	26	45	24	36	14	43	19	6	38	36	47	43	33	8	31	3	24	31	18	7	30	44	22	15
26	40	43	46	13	20	16	20	23	25	23	40	7	0	1	22	13	31	14	40	4	29	3	41	46	38	16	17	29	2	34	27	49	9	17	9	42	36	29	4	47	29	26	13	29	46	23	33	14	20
3	25	21	45	12	36	22	28	28	1	47	13	14	20	0	24	6	23	19	11	46	8	5	37	6	46	49	20	39	27	3	6	11	41	21	39	32	31	6	15	45	21	49	5	1	22	21	32	4	40
9	13	16	10	13	11	18	17	13	9	33	3	44	5	47	0	32	1	10	9	49	26	4	49	31	19	26	1	24	13	36	24	14	11	11	36	38	13	28	43	6	10	20	22	10	36	39	4	34	35
36	15	9	12	8	6	32	40	11	39	4	42	10	18	45	10	0	25	20	44	25	41	13	16	22	8	43	34	20	9	32	19	48	26	9	44	17	37	36	32	22	42	41	20	19	48	19	49	43	28
46	26	11	46	14	35	8	5	32	32	47	26	23	17	14	43	19	0	41	34	46	22	22	45	28	24	4	16	11	43	48	47	45	16	29	18	27	44	36	49	23	13	34	36	22	44	21	5	2	43
31	41	26	48	31	22	9	47	8	20	22	38	26	9	8	49	47	32	0	11	6	27	8	3	8	42	19	42	48	30	46	21	48	45	9	13	11	22	35	1	21	9	30	25	35	28	15	48	37	22
30	16	8	1	17	14	34	32	37	1	19	7	16	26	21	10	41	33	10	0	44	44	1	42	6	11	28	46	6	6	7	36	41	23	1	19	36	38	5	3	49	49	26	20	23	39	43	18	2	35
5	3	30	38	34	10	20	36	7	15	26	21	24	26	42	14	18	12	47	9	0	2	18	17	26	14	1	10	44	6	15	41	22	36	5	48	28	5	13	45	47	3	16	11	49	46	5	10	42	10
18	33	40	12	30	26	49	26	39	10	10	46	7	2	25	29	38	4	1	46	35	0	49	47	22	10	45	34	24	40	24	36	10	25	26	21	21	34	42	18	42	48	24	14	6	9	48	3	25	32
34	20	21	6	22	2	41	35	26	17	9	19	17	11	43	29	45	17	41	18	6	41	0	8	23	16	37	26	6	1	3	8	22	15	27	20	49	23	38	1	15	5	40	10	48	13	22	27	30	46
15	18	16	25	43	32	36	7	10	7	1	19	12	2	3	5	35	12	34	39	3	6	3	0	48	46	39	5	39	12	18	40	19	32	21	5	35	10	45	46	30	13	45	18	16	5	24	22	47	36
46	23	28	49	32	35	32	31	11	32	17	12	17	23	35	11	2	8	42	42	39	45	28	30	0	49	49	49	43	31	38	23	47	2	22	19	46	18	31	40	40	44	48	16	41	15	3	7	17	40
42	25	3	27	3	4	43	27	9	27	29	23	16	47	11	33	33	15	29	21	40	19	18	14	36	0	6	9	43	10	28	43	44	19	35	19	33	23	19	36	39	28	2	3	39	25	19	44	27	4
40	40	13	45	24	11	44	2	49	9	27	30	29	10	3	44	47	30	4	42	49	43	6	9	26	40	0	13	45	23	43	47	24	45	41	33	11	20	18	20	17	12	26	29	10	25	10	30	20	8
40	46	29	26	1	44	22	49	8	17	11	30	26	39	30	49	4	37	32	33	36	24	26	4	34	8	49	0	16	14	23	40	36	15	37	32	43	44	30	8	19	10	15	15	46	40	22	1	45	13
47	38	1	16	44	42	32	42	11	8	37	19	5	44	24	34	21	34	5	11	41	26	29	38	15	7	12	6	0	49	11	1	18	2	40	17	6	25	47	5	1	27	48	10	45	29	17	38	42	6
48	24	37	11	9	23	25	14	42	1	20	49	30	3	30	5	31	40	6	13	45	24	46	38	46	39	42	28	37	0	14	43	16	22	25	14	24	3	39	38	49	35	26	7	32	21	13	27	28	33
36	19	8	5	42	6	15	29	17	32	13	28	13	9	44	32	42	28	22	28	17	36	3	7	32	14	36	42	16	45	0	10	6	31	46	14	19	9	42	21	33	18	15	22	7	18	21	49	38	20
21	47	22	40	13	46	32	2	17	26	45	19	38	3	35	12	41	40	47	18	8	12	4	5	15	25	36	33	25	6	35	0	12	33	48	43	43	4	42	48	1	16	49	30	49	22	27	42	27	8
48	21	17	42	34	39	23	33	20	24	38	32	4	44	33	6	26	20	6	30	45	45	29	36	30	35	12	23	21	32	31	48	0	6	38	46	27	26	48	5	46	32	20	33	15	2	23	8	32	38
47	7	2	3	22	25	31	21	47	29	34	36	36	43	22	32	19	46	26	15	46	16	7	18	21	42	8	22	10	22	4	42	43	0	23	19	49	34	11	28	6	49	48	11	43	24	41	31	1	3
4	46	23	4	10	42	12	18	10	12	8	24	20	17	3	42	26	18	16	45	41	30	45	14	40	21	28	42	11	34	39	46	4	32	0	11	49	22	8	27	45	7	38	13	19	7	14	35	2	38
24	23	24	11	17	29	13	46	47	43	24	2	39	30	28	29	14	33	19	25	31	6	32	23	14	12	28	48	42	14	45	30	1	30	47	0	45	43	27	9	34	33	7	29	21	4	10	45	11	13
35	6	26	19	18	4	23	27	44	19	20	46	12	18	16	1	41	48	8	40	36	11	39	39	5	6	36	37	17	16	25	37	1	9	19	3	0	14	27	44	31	16	38	7	25	9	33	11	13	3
19	44	14	35	23	23	34	38	28	26	49	44	24	48	33	10	34	30	39	24	17	44	41	48	17	5	26	37	26	26	16	46	6	40	47	28	43	0	19	6	26	6	29	2	41	28	5	36	30	48
22	11	5	30	8	37	32	19	20	46	35	48	23	26	4	15	12	48	1	14	33	1	2	30	44	5	8	2	14	20	22	19	43	26	42	18	37	10	0	20	36	20	36	41	23	8	1	39	7	12
2	17	21	43	29	16	25	29	21	49	40	45	46	38	27	28	21	4	29	11	16	35	47	28	46	4	42	35	30	17	2	29	16	18	47	1	18	36	43	0	4	14	25	8	15	14	22	5	42	3
33	4	29	24	16	10	33	28	17	19	8	47	35	25	37	27	26	18	30	5	47	24	46	47	48	40	36	12	7	45	41	10	3	27	14	15	15	15	31	31	0	36	34	26	22	38	10	44	46	41
5	27	39	47	35	46	36	36	38	21	17	20	47	13	4	17	31	11	36	4	35	29	11	18	37	37	12	11	45	44	12	43	21	11	38	5	29	4	45	9	28	0	28	42	27	17	31	20	5	39
38	45	20	24	43	18	21	49	38	14	27	29	16	35	40	27	24	27	2	37	27	40	41	49	16	43	39	18	4	24	27	21	35	15	17	19	1	8	11	11	21	12	0	5	15	22	6	19	27	30
49	37	26	36	40	13	17	37	10	6	19	27	4	24	40	18	29	15	39	39	35	5	30	27	30	3	15	14	38	45	20	17	8	26	42	11	11	6	11	44	21	18	48	0	28	25	12	7	20	37
49	35	6	6	25	37	44	29	20	46	24	22	15	49	44	20	3	15	41	22	6	32	38	45	10	39	23	27	39	22	1	2	24	39	9	25	48	30	9	8	49	34	23	23	0	1	2	44	18	14
6	28	41	4	3	16	39	5	33	10	27	30	34	40	46	9	16	14	3	4	27	6	5	22	11	15	33	6	10	22	45	24	7	30	41	44	12	22	47	19	29	25	17	40	35	0	45	10	37	14
2	43	25	15	15	45	13	16	39	21	12	2	5	11	16	45	20	41	26	20	49	2	10	31	36	15	3	11	40	44	12	9	8	9	1	2	16	44	36	44	22	29	30	46	44	32	0	37	28	26
13	1	6	39	23	26	2	49	14	30	43	25	15	3	15	31	7	20	14	36	5	1	1	22	27	47	12	12	46	1	43	39	29	24	19	28	21	8	11	6	35	15	9	21	48	42	23	0	31	48
31	46	49	17	4	45	35	10	35	8	6	1	38	14	12	13	6	27	4	43	37	34	29	23	25	25	23	38	34	8	24	44	33	16	28	10	35	44	42	46	39	38	41	4	46	43	5	38	0	10
19	48	26	36	5	30	47	12	10	48	37	44	28	41	8	27	9	41	2	25	24	8	35	35	5	12	30	38	16	37	30	5	2	43	42	19	14	6	8	2	19	37	16	9	22	19	49	23	27	0
M3
0	8	47	48	14	32	48	29	48	29	19	43	49	43	15	11	2	17	6	42	9	35	25	3	9	2	3	25	10	8	33	29	46	41	42	17	3	4	33	5	10	32	18	9	43	13	17	5	16	46
16	0	3	42	34	47	2	27	26	44	12	45	17	25	14	12	6	18	36	37	40	14	25	22	27	43	46	31	47	15	16	11	6	13	39	29	6	49	11	16	20	48	3	14	14	38	42	34	10	44
5	18	0	1	39	31	12	47	20	35	24	11	36	27	21	15	23	31	34	35	31	26	14	14	35	46	31	30	39	40	48	13	31	8	7	24	36	43	2	46	39	21	18	22	11	26	3	45	13	49
35	43	19	0	19	2	9	40	10	48	4	44	33	6	20	25	28	18	38	5	13	8	3	6	15	42	16	16	4	30	14	34	8	15	37	14	42	6	32	11	25	46	35	22	3	28	35	12	34	26
6	22	17	41	0	14	34	45	6	33	33	6	47	34	31	11	11	9	43	25	47	32	8	40	37	34	39	32	8	9	16	39	12	21	40	13	9	4	7	8	49	26	43	30	19	19	33	3	22	34
11	26	42	30	5	0	22	16	20	15	10	5	40	47	47	13	17	39	38	11	16	16	12	47	9	29	30	26	28	10	21	1	26	44	36	49	20	41	1	12	25	19	29	1	25	9	4	23	12	23
7	40	19	18	36	7	0	3	22	13	24	19	16	44	8	31	48	20	25	17	17	26	32	37	22	35	44	7	36	44	45	6	20	14	37	3	34	23	14	41	5	38	33	47	49	42	12	32	5	25
18	11	45	11	20	8	46	0	30	6	28	9	48	38	38	38	31	36	30	46	34	38	18	14	22	46	17	41	26	36	46	19	26	20	14	5	37	46	48	13	16	25	28	40	33	17	31	8	11	16
37	3	45	33	35	32	33	24	0	27	15	48	14	27	23	26	21	10	36	3	20	29	43	2	9	43	35	12	5	41	37	35	47	32	12	1	32	7	46	41	48	26	30	4	32	11	25	9	3	7
43	20	25	30	14	48	37	9	34	0	35	30	13	10	13	1	45	47	9	2	6	42	26	19	11	34	27	39	22	9	36	42	32	43	20	33	44	47	23	7	6	18	46	32	23	32	32	35	30	46
44	38	17	9	16	7	24	16	44	36	0	18	32	47	13	40	17	48	45	21	19	44	35	16	4	32	3	35	42	11	9	13	7	3	22	33	32	45	49	8	47	25	33	42	32	14	28	6	7	19
44	23	6	36	10	15	48	18	44	48	48	0	45	22	43	43	39	17	10	2	3	8	49	43	28	46	23	18	32	2	26	22	12	46	22	33	27	35	29	48	22	14	45	38	12	20	41	31	31	16
10	8	29	9	36	6	5	3	23	28	30	37	0	22	32	21	49	49	29	46	38	31	35	3	27	45	23	14	44	3	10	19	44	7	40	21	3	4	24	47	30	43	24	15	34	35	20	9	32	46
23	31	15	41	30	11	5	2	41	35	28	43	33	0	10	11	37	40	28	5	32	25	40	17	16	44	20	39	33	34	6	8	16	42	20	29	28	43	39	27	3	6	37	1	4	17	30	7	44	1
5	4	2	26	8	10	11	3	11	38	4	33	5	18	0	20	17	6	16	7	23	22	30	24	7	11	37	44	39	19	3	33	13	7	6	38	32	18	10	31	39	30	17	7	42	18	39	31	29	35
29	41	5	32	7	24	10	26	4	1	45	34	4	20	22	0	47	36	19	35	28	27	17	19	49	3	26	47	24	30	31	10	11	41	43	13	36	7	48	5	32	15	30	38	48	45	28	21	41	42
15	17	37	26	43	34	20	17	19	47	15	30	14	40	36	46	0	21	12	43	37	25	9	7	27	14	39	4	46	43	5	9	39	46	46	37	31	19	3	20	28	14	9	4	11	31	4	21	7	31
1	2	13	19	15	6	41	3	30	4	9	11	21	21	11	31	31	0	9	22	39	16	10	46	12	5	16	25	46	34	26	5	27	19	2	5	31	41	16	6	24	7	22	12	37	15	7	12	34	18
28	36	34	42	26	30	37	28	46	11	33	17	20	41	12	46	25	41	0	45	31	49	10	24	28	48	22	38	33	46	16	20	40	8	18	19	28	35	28	38	30	3	34	24	36	22	38	33	46	46
8	33	7	3	38	25	17	37	35	38	26	25	17	47	21	6	19	44	42	0	32	35	33	28	14	45	13	29	8	36	39	25	29	46	49	12	45	23	20	8	12	30	24	42	32	28	27	21	20	46
44	32	41	42	14	2	20	27	4	32	4	44	26	23	29	7	34	18	30	38	0	24	1	11	17	43	30	9	30	13	39	38	17	40	19	17	33	46	43	31	43	10	32	43	43	33	23	44	44	14
23	36	2	27	8	36	38	1	41	4	27	10	14	43	3	39	49	39	37	18	11	0	23	40	5	19	13	33	3	42	15	24	48	49	23	27	39	4	13	19	12	27	15	40	19	20	7	32	30	48
20	26	38	22	37	45	23	31	2	31	22	39	19	15	35	46	28	23	45	28	25	15	0	6	40	49	10	40	21	41	43	40	14	48	19	40	12	32	18	10	9	4	26	26	9	30	45	4	38	19
42	3	33	29	15	19	32	15	46	19	20	2	28	30	22	44	28	29	25	33	2	18	42	0	18	25	48	36	11	49	22	26	39	32	39	33	44	39	46	8	22	30	49	7	36	38	46	23	5	10
34	21	29	21	13	24	44	8	19	41	16	19	40	36	16	33	8	8	8	42	47	20	39	11	0	25	11	31	31	22	43	7	15	5	23	30	30	19	46	39	19	17	37	40	2	46	19	2	31	32
48	22	8	38	26	35	9	34	48	15	20	21	35	5	41	15	17	9	19	21	2	13	26	17	21	0	23	5	11	4	28	9	11	10	8	2	46	31	34	11	15	26	10	28	47	27	33	28	12	3
6	7	15	34	27	15	44	29	41	39	41	43	8	40	12	12	49	23	10	42	15	26	2	36	27	34	0	38	23	6	11	13	41	27	46	6	39	1	40	20	38	16	26	30	17	30	45	30	34	2
4	26	17	8	33	28	12	21	23	14	3	15	18	10	11	46	22	8	12	5	29	12	12	9	41	4	30	0	14	38	30	23	31	6	4	13	48	27	23	22	34	37	33	21	31	25	16	48	4	1
47	48	14	23	37	1	23	19	25	13	8	28	48	37	24	24	10	40	28	27	16	26	5	27	39	9	6	49	0	20	8	4	30	10	46	8	39	11	46	2	49	41	23	39	18	47	46	32	35	23
9	40	19	31	21	10	49	8	25	15	6	30	4	20	39	41	3	19	10	44	26	32	31	35	41	13	6	9	38	0	24	48	31	29	30	8	42	41	18	18	3	1	19	49	28	16	40	43	47	16
34	37	46	7	41	18	26	28	14	33	40	9	32	6	34	12	2	19	20	11	39	3	22	44	3	35	19	36	20	35	0	44	36	45	45	26	43	46	23	15	16	6	39	19	20	10	28	40	21	8
48	34	40	27	33	48	42	33	8	30	21	31	41	9	14	45	26	36	30	10	14	41	14	31	4	45	46	22	22	17	19	0	10	11	49	30	24	42	1	3	5	10	12	38	12	21	26	48	34	41
31	46	31	17	28	10	12	3	45	26	4	24	45	19	19	38	31	19	14	24	31	12	40	25	37	20	15	15	44	44	14	23	0	10	15	5	16	33	13	47	8	14	11	6	4	13	36	4	36	40
32	23	26	30	32	42	36	49	13	13	44	20	2	40	20	21	41	13	49	2	11	19	32	21	15	42	11	20	36	33	28	35	35	0	20	5	21	1	41	18	19	24	42	15	19	24	25	5	9	24
32	15	12	17	32	38	9	15	47	30	26	34	34	5	23	31	13	23	11	31	49	37	35	26	7	13	19	17	32	15	19	45	30	18	0	27	20	26	28	40	4	21	26	49	48	33	28	9	12	1
2	45	12	4	11	12	5	27	8	7	34	28	13	39	30	15	17	46	33	15	1	4	35	28	45	22	46	15	32	45	5	27	16	5	8	0	22	45	35	7	37	49	31	31	36	24	11	38	36	32
5	48	45	49	8	27	2	19	32	46	15	17	31	30	24	3	1	10	3	44	13	46	42	21	48	16	33	1	18	21	36	38	22	31	40	12	0	36	10	38	7	31	18	23	3	14	43	17	1	35
35	20	6	26	47	11	36	26	43	47	8	45	15	45	17	2	23	3	21	44	27	5	2	28	31	34	30	39	38	21	9	41	24	30	20	30	48	0	28	43	42	23	13	34	25	45	40	8	34	41
14	3	9	38	32	29	44	7	47	9	49	47	42	32	39	46	16	26	1	1	46	21	36	14	19	37	34	28	35	7	44	29	34	29	30	13	17	48	0	10	16	13	19	36	43	32	33	34	44	38
4	36	20	34	30	4	24	5	42	2	15	37	17	42	7	4	16	31	35	24	46	15	32	38	8	35	33	29	32	17	38	41	28	11	33	27	13	6	16	0	17	47	2	47	44	49	24	18	40	22
9	3	34	46	12	28	32	45	35	17	15	4	12	24	44	20	17	34	25	44	8	48	5	16	5	5	47	21	18	34	41	5	31	25	44	1	11	27	10	19	0	17	28	12	32	29	21	45	44	22
25	45	32	41	35	22	35	31	4	26	6	40	2	33	12	38	28	18	45	33	6	38	36	14	42	35	9	16	28	24	10	17	25	24	15	43	37	25	9	49	49	0	4	35	43	42	20	38	44	47
33	48	11	38	39	24	3	21	40	28	2	17	36	21	14	16	10	14	14	20	25	11	24	38	43	48	12	5	36	22	36	34	39	8	34	1	38	28	11	16	25	47	0	3	35	19	25	47	41	20
31	12	46	37	35	17	1	2	40	16	12	45	46	22	3	45	7	6	21	15	16	12	15	27	27	20	9	35	15	27	10	38	4	5	32	31	46	39	8	25	14	13	15	0	39	39	34	29	33	8
37	27	3	22	28	46	26	35	39	36	31	29	31	42	14	46	25	42	29	26	48	18	1	27	44	37	37	22	26	4	46	7	49	47	37	3	28	25	43	47	33	43	27	48	0	14	24	13	10	10
44	8	27	2	29	9	48	35	32	40	11	26	30	47	32	27	12	13	31	29	5	43	47	9	33	26	49	1	2	18	26	10	6	47	21	1	27	21	1	49	25	26	18	32	26	0	15	42	10	1
21	2	46	27	29	23	6	32	8	4	40	37	29	6	34	43	34	49	47	34	48	14	31	19	2	49	19	20	42	30	2	44	14	29	42	23	45	23	2	42	32	26	4	4	10	46	0	5	27	4
23	39	14	46	27	15	43	5	5	28	8	41	20	16	24	43	46	26	12	30	49	9	44	37	27	35	40	41	24	49	26	2	23	24	15	9	33	16	1	48	28	30	44	39	15	23	24	0	15	6
5	49	12	13	25	42	40	11	49	46	24	49	11	12	21	48	44	27	22	35	37	23	29	11	14	1	30	6	7	27	40	29	35	32	10	32	31	16	36	26	38	37	22	12	37	5	14	20	0	43
26	15	41	16	15	18	34	43	9	25	11	12	17	35	10	20	42	35	31	45	23	2	17	12	39	15	36	40	27	34	27	10	29	7	18	25	8	19	28	3	17	48	32	39	29	16	9	10	2	0
M4
0	41	41	22	43	39	21	5	44	1	27	41	2	40	26	29	37	9	37	22	10	11	15	1	34	44	5	4	48	7	6	2	21	22	3	45	37	33	22	23	6	42	23	21	2	42	47	38	43	22
28	0	1	5	4	13	18	33	23	42	29	13	33	2	42	48	12	11	42	36	43	45	48	40	21	42	20	3	8	38	17	28	40	30	37	49	37	33	9	1	10	45	47	9	25	18	25	21	38	18
18	1	0	12	15	31	30	33	37	40	30	6	15	47	9	49	34	45	31	28	32	48	36	46	42	5	24	18	41	42	12	19	34	17	16	8	45	48	17	42	41	42	8	10	16	7	41	26	43	25
9	23	12	0	36	4	41	45	4	48	48	34	32	36	15	27	17	42	29	48	45	10	26	19	48	14	48	45	19	21	36	15	8	20	47	16	44	29	21	49	8	21	10	22	30	45	26	20	33	17
3	29	45	28	0	32	19	40	26	1	30	7	32	41	13	14	25	6	36	16	1	26	30	43	31	46	5	22	27	45	43	13	2	36	37	38	7	21	21	11	23	5	16	42	44	40	11	45	13	31
8	18	23	15	45	0	43	22	9	48	39	12	6	36	39	35	14	17	42	40	22	36	10	32	47	18	43	19	27	36	43	47	35	8	40	11	11	35	3	35	1	42	11	14	33	43	34	32	1	8
44	41	31	9	2	35	0	23	19	25	3	33	27	30	18	9	11	45	44	5	23	27	12	29	41	14	39	45	17	48	32	37	42	6	32	8	14	7	12	28	25	2	32	34	25	16	40	23	35	17
16	5	12	30	47	7	23	0	24	31	48	16	24	49	47	48	10	49	31	10	10	43	15	8	33	31	47	30	45	4	25	43	13	31	32	38	38	35	48	32	13	19	42	6	35	27	32	49	13	44
44	35	2	13	37	11	30	14	0	29	1	47	26	44	43	14	10	30	20	35	20	23	34	1	23	19	11	40	32	20	13	44	30	10	14	36	2	3	47	46	30	29	49	36	49	35	36	22	34	3
9	18	48	5	15	6	1	10	12	0	34	7	20	48	6	32	4	47	26	45	26	48	39	21	37	49	14	43	36	18	13	1	22	36	41	18	20	27	43	48	39	43	48	20	19	14	21	41	18	23
44	28	23	17	9	12	36	27	14	2	0	9	30	34	18	29	17	21	24	48	45	26	2	22	3	47	16	34	9	37	11	14	9	25	35	14	23	4	20	48	19	7	43	48	9	7	8	29	47	33
17	28	13	16	30	14	39	31	16	11	29	0	23	7	18	5	11	2	24	7	22	49	40	17	47	14	26	32	25	7	43	5	14	44	45	43	20	47	13	13	35	15	23	15	22	9	22	41	5	16
30	30	9	42	16	20	28	36	43	26	4	13	0	11	2	9	6	43	18	45	1	10	37	30	35	24	48	48	11	36	34	22	15	15	22	6	29	24	36	22	7	30	10	32	38	35	29	25	3	20
40	44	28	34	36	22	26	44	11	39	19	34	29	0	36	37	15	30	4	30	3	26	42	48	45	45	22	10	38	12	28	36	24	30	20	6	9	37	2	8	46	23	6	2	10	4	31	22	20	26
39	2	33	13	33	11	28	41	6	15	8	7	46	9	0	12	30	21	46	46	29	45	32	21	5	30	43	20	18	2	9	25	46	49	39	37	22	27	17	43	1	42	6	47	3	15	23	40	49	43
4	3	5	14	23	34	18	18	39	39	15	2	39	26	49	0	15	28	27	40	40	19	37	20	9	48	28	20	32	32	22	19	31	17	23	14	4	31	35	19	47	1	10	17	44	6	25	13	19	38
9	7	23	42	35	41	9	21	35	11	4	41	23	39	27	16	0	46	14	47	34	1	9	19	47	38	32	8	48	29	33	38	31	26	21	14	38	39	2	16	16	24	11	48	6	14	27	21	18	1
21	10	33	35	35	7	17	49	48	23	13	46	26	48	7	19	39	0	32	36	33	30	28	37	13	36	42	31	19	24	1	27	8	6	44	7	24	36	7	10	33	35	38	40	40	29	25	49	14	23
37	38	28	3	15	5	37	36	24	25	16	36	49	37	29	45	38	8	0	29	49	36	36	45	44	7	28	30	46	37	37	32	43	20	24	13	39	19	49	1	41	41	44	35	42	1	31	18	28	12
18	44	3	39	23	10	12	44	20	34	5	6	32	35	26	8	48	9	4	0	7	16	22	15	2	47	14	39	35	29	19	45	24	41	40	20	28	11	16	4	27	13	30	46	46	36	26	5	13	42
12	6	14	13	35	1	24	43	41	44	31	38	19	47	18	10	16	21	39	49	0	20	17	40	5	45	37	23	39	49	20	33	13	49	47	3	13	43	25	35	43	12	43	13	7	44	40	19	30	1
18	33	7	44	33	30	41	14	11	48	20	40	21	2	42	29	28	5	48	14	49	0	24	7	21	42	5	19	16	39	41	34	3	18	41	11	27	14	2	23	23	19	32	46	27	11	36	38	33	39
28	21	30	13	40	45	21	17	26	48	42	13	33	32	8	25	19	5	24	5	21	48	0	12	35	31	21	27	3	39	35	27	18	49	38	45	39	40	22	18	13	47	7	26	41	27	8	33	35	43
42	6	32	16	18	26	3	49	39	1	15	49	43	2	45	21	28	24	33	45	48	20	43	0	35	43	11	8	42	21	22	38	14	44	12	4	22	32	15	31	41	31	1	23	39	47	30	48	17	26
3	31	34	40	40	42	2	47	31	5	30	8	47	22	3	41	44	10	35	44	29	4	6	18	0	18	11	19	10	12	46	32	35	29	4	44	12	46	15	9	44	13	32	31	30	13	16	8	30	26
24	13	5	27	20	40	6	38	18	30	16	26	6	37	19	21	1	27	27	9	32	16	49	23	44	0	19	26	48	44	43	18	44	2	22	18	18	2	41	43	36	40	4	30	31	35	23	7	11	6
39	4	3	38	30	16	21	6	2	7	16	28	4	28	1	27	39	38	16	37	3	13	29	34	3	40	0	15	39	6	37	47	34	4	8	6	45	6	35	7	35	24	14	2	29	49	44	17	21	3
21	40	36	14	39	26	9	25	11	42	17	20	16	47	33	48	8	1	34	44	36	22	11	14	10	26	8	0	18	17	29	33	9	20	12	29	14	33	26	33	7	32	8	11	27	12	42	31	13	22
25	6	47	36	49	17	37	37	35	15	18	7	39	47	15	43	7	13	39	44	21	31	17	21	37	9	10	4	0	31	40	48	20	18	32	11	43	15	43	43	12	5	1	30	39	18	27	40	47	5
6	23	10	42	37	10	18	31	42	22	37	27	4	16	22	25	3	31	1	33	39	16	25	39	5	8	3	48	20	0	12	40	40	45	46	6	17	39	25	41	22	40	42	20	14	46	33	47	43	28
49	41	12	10	26	46	23	15	28	48	35	4	17	31	1	39	40	46	7	33	38	35	21	22	21	21	38	27	33	20	0	26	36	7	35	48	17	28	18	17	12	41	41	46	40	4	29	27	14	30
36	22	22	10	17	16	5	31	26	14	33	6	11	29	27	42	43	35	30	12	11	14	21	18	10	15	23	32	45	15	15	0	40	14	9	17	33	32	27	48	19	32	22	37	2	43	11	19	40	12
3	26	3	19	33	14	4	45	43	26	19	39	15	9	42	9	8	35	39	3	1	7	2	1	9	42	32	41	36	49	35	27	0	23	37	12	14	24	3	14	3	1	7	44	25	29	29	8	39	48
2	45	23	12	31	21	4	38	34	19	31	24	26	8	14	12	5	34	42	16	49	40	1	18	4	45	14	15	32	3	12	7	46	0	1	17	18	15	40	30	40	30	42	36	44	26	37	34	24	25
2	27	14	6	44	19	47	37	22	19	34	42	42	19	43	8	41	32	1	45	46	29	10	30	45	35	23	45	48	37	8	4	28	17	0	6	21	13	4	7	13	33	6	1	3	40	43	15	33	38
41	24	8	47	16	11	15	28	3	39	2	18	15	49	2	17	36	5	37	1	13	27	13	48	39	33	26	6	6	18	23	47	46	30	27	0	26	16	22	49	4	19	28	28	15	41	31	37	3	34
5	43	41	16	10	7	47	34	7	46	47	15	41	37	11	21	38	28	36	20	38	28	42	11	25	31	10	34	23	36	8	36	29	20	36	48	0	21	42	18	7	45	16	20	18	14	43	4	17	49
25	6	32	21	30	28	9	22	36	19	46	39	32	38	45	30	42	11	9	41	1	12	26	32	6	28	2	6	14	39	10	42	31	32	20	49	13	0	3	43	14	36	9	20	32	13	36	38	36	34
16	8	21	45	37	10	49	8	22	37	31	30	14	5	23	2	39	12	18	20	18	44	49	44	39	35	48	25	28	19	8	9	20	19	26	22	16	26	0	37	33	1	39	42	30	9	28	28	35	22
3	37	24	37	44	32	46	23	12	24	24	26	14	33	27	18	30	37	8	27	45	36	13	11	6	36	7	42	35	23	28	47	48	35	32	33	27	18	42	0	15	6	39	19	27	29	29	44	26	42
3	11	11	38	44	45	44	27	47	14	15	7	2	19	6	20	5	31	38	24	19	7	22	12	12	29	14	46	42	8	34	19	36	25	18	25	12	3	45	29	0	6	9	16	46	38	42	11	49	7
41	45	21	48	29	47	15	5	27	4	20	47	12	3	39	21	21	10	29	41	21	3	27	28	8	16	38	33	26	47	34	17	15	9	2	26	23	40	36	19	46	0	49	33	47	44	17	42	2	6
7	22	42	11	3	24	28	33	25	38	18	43	24	34	30	34	41	2	23	18	1	34	49	25	39	42	27	39	33	33	43	16	39	28	25	1	29	13	7	16	34	30	0	2	12	21	21	5	17	17
9	16	15	23	10	32	10	45	33	46	23	32	28	27	22	48	22	7	37	16	23	7	41	22	23	24	42	42	33	16	11	19	10	36	34	2	48	42	2	27	14	46	17	0	16	9	47	25	36	28
6	37	41	22	15	5	2	2	3	42	14	20	7	44	40	41	17	14	27	24	49	13	25	19	46	37	9	19	19	8	14	23	47	38	34	18	6	7	22	26	32	13	35	43	0	36	32	37	45	45
15	39	2	13	9	21	10	45	44	9	14	20	37	3	33	8	47	20	4	48	5	16	32	40	48	27	30	29	17	22	9	16	15	24	31	33	14	26	24	21	45	36	16	47	10	0	35	36	19	39
20	14	3	13	3	33	29	40	34	20	26	24	20	23	22	12	15	3	3	9	40	23	28	39	35	9	12	6	3	11	16	10	7	19	18	6	36	17	34	23	23	16	35	13	15	29	0	15	23	45
45	7	32	47	45	3	19	20	38	43	36	7	35	38	23	46	29	37	10	4	46	15	25	33	33	32	23	2	19	47	36	44	24	19	28	16	6	9	25	28	15	36	45	11	40	29	15	0	6	41
42	13	32	11	15	20	27	2	7	26	35	35	28	9	38	44	7	49	1	43	39	40	23	13	2	9	35	7	35	38	48	43	10	7	28	27	2	27	39	15	16	28	31	23	18	15	3	48	0	29
6	40	24	16	43	37	19	18	34	16	15	8	16	35	10	6	43	38	34	25	8	26	27	33	14	14	24	32	3	10	18	33	13	10	38	39	7	26	32	28	11	42	47	1	42	25	2	37	28	0
M5
0	40	49	14	20	20	9	48	2	18	35	39	35	29	22	12	43	20	6	39	45	19	17	45	12	19	38	24	30	25	21	4	26	1	17	23	16	21	42	18	42	40	3	15	48	30	18	46	27	14
16	0	24	24	18	49	44	40	8	20	40	10	38	7	45	8	19	3	38	41	7	23	15	19	35	22	33	47	27	3	11	4	22	40	32	46	47	20	19	32	33	27	15	34	17	37	44	2	29	3
25	38	0	24	11	28	44	19	40	27	5	33	10	21	15	9	22	29	14	4	31	29	5	28	46	20	24	11	28	24	44	2	36	26	40	44	27	13	17	18	7	31	14	9	12	32	13	27	32	10
22	7	1	0	2	9	35	12	28	20	17	33	48	27	43	48	14	28	11	8	41	13	18	21	34	38	13	20	42	6	10	17	49	10	48	7	29	26	9	13	19	33	29	46	25	48	43	12	38	26
39	3	2	43	0	15	31	29	11	3	33	41	9	28	46	1	12	43	43	20	21	13	35	25	41	40	46	1	16	28	22	31	4	18	22	49	3	15	39	13	32	29	39	11	45	39	21	44	8	29
17	49	39	21	18	0	31	45	41	4	14	43	8	5	1	24	10	43	6	13	34	45	34	25	46	13	21	44	32	12	43	19	17	47	11	8	18	49	27	14	19	24	45	49	28	6	34	44	46	5
7	32	2	4	49	30	0	2	19	37	42	34	20	37	14	38	16	11	38	46	22	9	35	9	5	17	14	22	3	49	20	37	8	8	48	2	14	16	8	42	10	13	33	7	18	43	7	49	21	25
23	12	25	22	16	44	29	0	41	20	5	43	42	44	10	17	28	33	32	33	47	38	13	25	45	16	45	9	10	2	29	20	44	34	29	49	20	35	6	20	24	9	27	5	35	12	16	14	6	37
49	14	8	22	5	44	22	49	0	31	19	14	2	27	37	26	30	23	38	7	39	21	36	10	29	27	39	34	8	31	37	42	47	23	11	20	27	8	34	22	48	33	49	11	2	16	8	44	47	28
35	43	43	17	27	37	38	25	24	0	20	13	2	43	10	30	28	32	5	42	10	49	16	33	1	29	34	43	44	32	39	8	38	34	42	36	17	30	34	46	30	14	5	2	48	2	41	33	4	33
42	26	46	35	16	34	22	12	47	12	0	29	21	17	13	11	29	22	20	42	21	21	24	31	36	28	44	14	43	42	37	46	22	14	7	48	23	25	35	19	27	44	35	12	2	3	46	9	16	3
23	12	12	10	49	9	47	10	6	14	12	0	29	7	15	8	6	31	46	32	39	31	49	31	43	38	7	14	33	26	10	40	10	37	42	6	3	4	23	28	47	44	34	18	38	34	27	47	6	16
20	22	43	20	5	4	46	40	2	8	16	49	0	48	1	22	28	47	42	44	30	23	34	18	14	37	31	21	48	12	3	9	47	43	39	15	9	14	4	31	4	5	1	23	46	21	43	23	29	40
49	21	25	40	49	27	12	7	38	44	9	7	34	0	12	32	40	18	24	12	39	12	7	35	48	22	43	30	33	18	49	42	29	45	11	43	43	30	10	31	46	35	45	4	11	4	17	45	32	33
30	1	29	38	8	39	37	13	31	44	1	23	42	42	0	23	33	30	46	34	13	30	8	36	35	22	9	31	22	29	31	36	45	36	1	16	18	3	11	48	29	10	17	1	10	45	21	24	8	40
5	4	5	30	23	27	13	43	27	39	4	7	6	19	4	0	34	49	18	9	33	41	33	40	16	6	19	29	9	38	37	1	42	43	22	42	30	5	43	5	42	47	13	12	14	2	45	48	9	37
38	47	24	18	13	28	4	1	3	31	33	27	13	30	29	45	0	1	38	33	22	30	13	20	37	41	12	16	22	26	5	37	14	17	47	28	19	33	37	44	25	8	21	27	38	46	5	36	49	30
27	16	40	9	3	41	48	23	18	35	42	21	36	36	35	26	44	0	25	20	12	28	25	33	3	1	49	41	36	22	37	5	42	24	38	19	19	1	40	15	19	47	46	3	36	48	14	15	26	2
26	41	39	21	49	12	12	23	14	26	24	16	1	15	48	17	36	13	0	26	48	15	1	47	17	28	17	26	31	22	21	11	10	21	46	30	2	37	30	25	45	40	4	1	9	34	39	1	19	26
19	17	1	32	3	39	44	12	16	43	14	2	33	8	31	26	42	20	19	0	25	38	38	22	49	1	5	13	37	47	30	23	4	33	3	25	24	2	34	48	36	1	38	16	35	33	33	9	38	34
17	34	16	20	10	9	18	18	22	27	3	15	9	42	40	41	14	2	39	8	0	32	47	39	42	8	41	48	14	35	8	34	19	2	22	28	38	7	14	25	21	37	39	13	22	39	20	42	26	6
25	41	14	43	12	17	31	46	35	6	22	1	21	19	37	29	23	48	41	8	45	0	5	49	31	25	40	10	13	24	38	14	8	4	13	46	38	14	17	27	48	31	15	15	46	16	25	27	25	36
28	7	49	12	45	10	33	1	2	23	4	47	39	27	19	8	2	13	47	23	40	9	0	3	49	26	3	30	36	15	18	39	28	36	47	32	22	37	27	20	16	4	17	22	9	36	30	12	21	21
3	12	14	45	26	48	49	27	5	40	2	30	38	44	26	8	5	12	37	27	1	16	14	0	45	49	14	4	46	35	34	41	2	35	32	9	40	47	21	29	1	49	3	8	41	6	33	22	42	4
8	19	14	42	43	23	15	40	8	3	17	45	3	29	40	16	19	31	39	10	4	24	20	18	0	28	24	47	35	24	22	9	2	49	28	1	41	22	11	45	12	21	2	23	11	9	8	1	30	45
7	10	21	27	8	49	2	13	1	27	37	7	41	41	37	25	28	44	48	19	33	8	46	4	23	0	22	27	17	16	13	45	40	11	25	9	21	43	43	48	35	7	36	15	43	13	40	32	33	31
6	41	48	34	16	32	41	16	46	30	12	3	23	10	46	19	9	18	12	31	1	12	14	43	12	16	0	20	32	22	39	33	4	2	12	26	45	26	15	6	4	10	4	4	31	43	7	16	10	40
17	23	11	8	4	48	32	18	34	43	6	21	44	44	9	49	23	9	38	34	46	3	34	3	27	24	31	0	3	49	10	10	5	39	26	9	47	41	25	26	48	7	44	5	35	13	46	13	22	9
7	21	29	36	23	35	47	20	27	40	46	33	1	48	38	40	40	40	38	3	16	48	27	14	27	15	32	44	0	29	32	46	22	25	41	40	3	43	7	41	2	40	14	37	35	19	6	32	46	33
10	44	18	27	3	4	34	16	32	43	21	41	35	5	33	18	35	38	17	26	26	16	30	12	18	2	16	10	11	0	32	49	20	10	21	28	1	15	9	38	9	19	18	6	43	39	28	34	34	25
36	11	18	46	26	14	16	32	36	17	24	45	35	15	12	20	12	29	13	38	3	40	29	49	22	43	5	14	8	36	0	24	24	37	22	49	44	9	2	45	2	1	12	24	40	47	26	19	9	4
26	26	3	24	2	19	11	36	11	7	28	35	20	33	31	36	45	39	26	29	39	20	31	22	7	33	30	23	34	49	33	0	27	27	38	11	38	26	45	4	10	19	39	3	7	35	7	36	21	32
38	22	32	15	28	42	45	39	33	46	23	13	9	39	49	3	30	45	43	13	47	42	6	8	3	9	23	2	35	16	18	40	0	36	36	40	13	34	18	30	30	20	24	13	3	49	10	34	25	21
12	13	6	36	6	6	2	7	18	37	8	8	34	47	37	4	1	5	11	23	5	3	29	43	48	11	17	22	17	32	28	12	41	0	1	42	47	32	8	5	24	5	8	13	12	46	21	44	48	24
8	33	3	12	7	22	19	5	39	35	24	20	38	49	41	42	40	6	36	27	24	5	34	41	46	45	32	42	38	42	14	38	8	46	0	5	13	3	24	20	29	25	8	3	18	37	35	33	48	43
24	34	8	37	22	29	3	19	3	1	3	46	18	28	4	44	13	32	44	14	34	29	10	47	5	2	47	7	37	44	20	1	17	42	4	0	41	8	10	14	44	2	47	46	27	15	5	4	34	38
11	7	34	30	42	34	41	17	11	33	15	18	18	40	30	2	37	11	1	45	38	1	48	29	1	29	10	34	40	48	24	25	40	11	22	27	0	11	41	43	1	20	38	20	42	33	22	32	39	15
34	43	1	34	39	7	42	33	45	10	33	21	26	40	17	41	34	3	17	1	22	47	37	16	14	25	34	4	1	33	35	46	44	17	21	32	9	0	1	16	20	30	37	28	14	48	35	5	9	17
17	26	36	14	49	24	32	1	21	26	27	38	39	39	24	26	32	35	22	36	17	45	32	3	43	39	22	2	44	24	10	12	23	13	2	11	47	27	0	2	26	43	5	38	25	36	44	15	26	18
6	6	2	43	46	35	23	20	47	36	2	27	3	32	33	45	18	40	4	46	35	2	6	15	15	7	24	37	41	6	5	20	27	46	34	24	3	47	40	0	49	38	30	35	27	16	40	13	25	13
10	34	3	5	12	45	5	10	36	24	35	13	9	34	49	24	17	15	5	19	32	40	9	4	13	20	13	30	17	41	19	3	22	48	29	12	6	38	20	48	0	15	42	4	37	7	3	33	4	48
24	38	17	48	46	12	45	28	46	33	9	21	27	49	22	4	39	40	2	6	14	10	46	19	19	41	36	7	11	17	8	35	45	28	41	8	23	18	20	6	30	0	16	9	31	36	8	41	40	2
7	40	32	42	15	27	8	23	28	28	36	20	10	6	29	12	33	5	15	20	26	41	12	15	17	33	2	4	49	10	27	31	49	13	4	31	18	20	26	44	24	23	0	48	8	39	4	42	7	17
38	24	27	26	30	44	19	24	27	7	24	48	10	19	25	48	22	34	28	43	14	3	5	15	27	17	15	48	36	49	14	45	44	37	22	1	16	40	35	48	31	45	8	0	42	6	32	31	32	43
38	15	5	3	5	47	18	42	39	43	48	21	33	20	38	43	5	21	22	34	18	35	36	32	37	25	37	43	43	47	36	20	26	15	11	36	31	43	28	13	33	11	15	10	0	37	10	21	26	23
27	6	26	34	14	9	10	27	13	6	4	37	23	49	14	6	40	7	25	18	37	20	29	42	46	40	32	16	22	22	4	36	34	8	41	30	43	16	36	30	21	35	44	11	7	0	16	8	33	38
34	33	35	2	46	24	31	42	33	3	31	42	23	5	37	22	26	36	29	20	40	33	35	10	31	9	20	1	31	5	13	47	22	32	40	35	39	28	37	7	20	19	9	11	10	28	0	16	11	48
24	43	17	38	14	3	6	14	22	31	5	45	25	46	43	44	4	22	10	11	13	21	9	41	8	31	16	23	44	11	6	6	26	20	33	48	35	18	47	22	40	22	22	13	11	31	39	0	13	32
8	26	48	47	15	30	7	29	43	47	6	40	6	5	20	20	38	43	39	49	37	36	9	3	28	6	43	21	16	38	34	13	8	8	22	43	25	18	40	26	1	47	7	25	35	40	4	38	0	15
48	4	5	40	39	44	29	47	9	48	37	43	30	3	45	20	6	30	8	29	31	33	22	17	6	28	25	29	35	13	25	3	24	19	43	28	33	17	22	36	35	44	10	6	44	8	36	25	47	0
M6
0	47	42	27	43	42	23	17	17	24	37	17	49	41	27	37	21	36	49	26	12	28	18	13	41	1	6	44	47	28	3	39	35	31	42	44	40	43	18	34	22	5	29	23	32	29	1	39	19	39
6	0	31	28	47	31	4	33	41	15	44	45	34	14	15	45	14	49	25	20	25	27	16	15	33	35	21	20	3	9	18	21	39	36	13	2	13	12	47	17	45	45	42	31	38	49	39	34	11	47
39	47	0	43	2	17	42	28	12	34	38	33	20	15	6	26	11	15	15	25	41	41	1	43	26	20	37	43	44	34	30	13	17	27	46	24	27	2	48	9	33	30	1	31	12	6	28	19	44	2
12	3	31	0	43	42	22	2	8	33	44	43	8	39	41	31	5	7	4	20	45	30	3	45	25	10	2	18	5	20	16	45	11	1	32	27	22	2	21	41	34	28	28	43	2	42	46	9	7	31
40	27	34	33	0	36	11	34	5	37	29	8	37	43	17	4	4	15	6	4	38	32	31	24	19	21	4	43	46	7	13	44	36	6	30	15	8	45	15	19	14	25	42	49	13	8	7	14	6	18
25	29	13	5	26	0	2	39	42	37	46	34	29	2	48	48	38	41	42	49	15	9	38	4	41	15	46	5	44	9	45	5	26	28	45	37	39	3	36	15	4	14	9	14	3	26	23	13	43	5
33	11	36	17	2	30	0	6	6	2	45	16	9	29	11	40	36	13	23	41	5	48	6	6	13	13	21	41	35	47	32	42	47	14	39	4	31	12	36	27	34	4	47	15	37	14	1	29	5	48
34	19	47	3	12	41	18	0	27	15	39	18	21	28	23	28	20	37	16	13	22	4	7	28	27	44	14	22	26	12	24	21	31	34	37	15	14	21	46	22	5	32	21	12	15	31	41	36	48	7
26	43	32	2	39	19	28	47	0	12	33	10	44	27	4	3	37	12	10	43	11	47	23	35	33	37	45	26	36	16	46	6	49	40	23	40	38	7	46	2	45	38	35	35	14	4	5	10	10	13
7	1	45	10	28	42	7	21	44	0	23	4	34	11	10	20	19	23	42	11	36	9	27	49	2	38	45	48	36	7	13	17	17	46	41	28	43	1	34	16	32	29	44	5	2	18	37	21	25	33
32	3	44	10	17	49	39	46	3	38	0	24	24	31	27	2	43	21	49	48	9	6	49	9	12	5	24	36	35	25	8	29	13	48	37	40	9	22	10	18	8	45	38	34	6	45	6	49	27	42
39	17	31	35	22	20	2	39	11	25	14	0	21	35	2	40	31	26	22	26	25	19	30	17	33	16	48	30	45	24	47	49	4	16	31	2	37	24	11	3	9	26	21	37	32	12	18	15	17	19
33	36	46	45	2	10	47	3	14	8	30	49	0	36	32	4	35	17	11	12	23	9	11	41	46	43	20	26	43	10	4	37	3	5	21	40	29	35	20	45	42	47	32	11	3	10	14	37	42	38
7	43	10	18	18	43	9	27	8	31	38	9	45	0	27	5	12	20	46	38	11	24	3	41	28	30	8	5	15	6	46	19	5	45	1	4	21	13	39	15	25	30	35	5	5	46	12	38	19	28
40	16	40	42	22	23	6	8	2	27	6	36	23	36	0	13	39	41	47	32	24	31	31	6	49	37	3	37	33	21	6	34	1	31	32	14	41	24	19	43	5	32	43	37	6	4	4	5	7	3
12	41	28	38	33	4	6	43	42	3	3	28	48	5	46	0	16	31	47	33	5	28	22	41	2	24	20	30	25	19	10	25	12	40	20	45	7	16	20	26	24	35	1	20	6	46	21	33	23	34
40	20	34	11	38	23	21	46	17	49	20	18	3	26	29	5	0	16	41	3	31	22	17	8	43	35	20	22	17	14	36	19	36	17	3	3	40	5	34	11	32	47	21	21	24	46	2	48	3	9
24	17	48	44	17	32	29	12	8	45	14	6	35	4	11	34	25	0	23	5	3	43	3	10	31	21	5	1	47	48	4	6	4	47	11	48	37	48	46	6	41	8	42	33	11	20	14	7	25	25
33	4	28	48	38	4	44	45	48	47	4	21	8	13	38	10	21	26	0	17	12	11	38	41	13	23	7	34	35	20	45	3	37	40	2	42	32	19	41	18	12	27	4	2	31	13	48	27	4	5
39	18	45	43	40	28	37	49	6	23	34	29	29	8	37	28	24	25	8	0	6	2	33	5	12	47	23	47	6	12	13	18	41	10	39	14	24	29	26	15	29	37	16	25	32	31	13	48	48	14
22	21	23	12	28	29	21	43	38	44	8	30	19	32	35	21	47	17	42	20	0	12	45	18	49	40	26	5	5	16	38	30	23	44	48	1	3	43	11	22	46	11	6	25	4	46	25	13	21	24
37	48	32	15	3	19	29	19	10	9	24	46	16	23	19	21	3	32	4	26	43	0	31	46	44	21	48	10	26	16	21	21	19	36	2	32	21	28	33	47	15	7	42	44	11	37	47	31	45	22
20	46	23	40	9	26	35	35	7	2	18	21	31	45	46	10	22	38	18	31	9	19	0	29	5	36	42	46	5	1	4	29	33	25	12	38	35	15	3	19	5	11	10	9	49	38	32	39	35	39
23	48	44	43	41	10	47	8	24	18	11	48	42	1	40	23	33	28	31	9	33	25	37	0	8	36	17	7	8	31	45	22	45	5	8	17	30	6	41	39	9	18	20	45	32	19	3	31	44	44
4	48	44	14	23	3	31	13	38	42	29	7	28	12	39	5	47	18	12	37	4	36	28	31	0	24	43	14	16	44	26	33	28	28	32	25	27	24	25	46	46	47	48	14	37	20	27	31	45	21
37	25	2	15	6	36	44	34	31	30	29	5	27	43	21	22	40	2	44	31	36	8	18	48	14	0	45	12	18	24	44	1	36	33	9	3	36	20	43	16	29	34	38	19	26	18	36	8	8	7
22	27	37	25	3	36	24	21	33	36	34	39	8	42	6	33	47	30	19	9	40	28	20	18	19	9	0	17	15	38	26	10	30	32	23	28	37	5	34	35	47	5	27	1	43	13	46	44	36	23
17	8	9	6	39	45	44	27	34	4	15	30	11	10	31	26	19	32	25	20	21	24	16	13	15	14	36	0	12	37	22	9	16	29	38	14	3	36	23	21	38	46	28	49	8	3	41	48	44	39
15	49	44	31	9	40	33	43	35	4	15	40	12	37	3	25	35	26	30	28	48	47	1	7	49	29	25	39	0	43	42	26	47	38	27	5	28	38	33	14	19	45	10	43	34	43	29	9	47	18
2	22	3	46	21	36	42	43	49	45	10	7	40	8	44	3	32	14	45	40	48	24	14	40	2	31	44	45	10	0	8	30	44	7	45	20	24	31	39	43	49	35	42	6	27	40	24	20	1	44
23	48	21	37	7	10	31	11	18	49	6	24	19	45	16	13	6	18	12	12	26	11	28	46	3	18	6	11	7	4	0	15	4	14	23	15	44	28	6	47	46	8	30	11	37	12	3	25	49	40
13	22	42	36	13	1	21	20	37	45	39	34	10	22	4	7	35	35	7	26	10	33	5	11	15	7	33	2	48	5	3	0	25	41	47	47	33	27	11	32	47	9	4	31	35	44	37	46	5	24
27	10	13	46	2	10	1	35	38	17	3	21	30	15	18	20	6	43	1	47	14	34	3	24	41	14	33	49	21	42	48	5	0	11	30	20	4	28	20	10	21	8	11	24	43	16	37	14	39	47
45	45	29	33	14	10	29	26	31	2	7	21	7	12	19	37	40	6	29	9	24	31	7	19	8	27	29	22	26	42	17	49	9	0	48	42	10	38	4	17	25	1	10	35	28	12	5	34	37	9
47	38	3	45	17	23	31	22	17	29	46	45	18	44	19	35	13	18	48	9	29	35	12	7	27	42	25	40	22	42	18	45	47	8	0	38	37	29	6	8	34	47	32	30	17	41	40	40	23	13
4	24	8	43	29	14	3	17	25	35	27	43	14	17	7	30	25	8	36	43	38	14	46	20	17	5	20	47	49	30	11	47	7	24	48	0	11	47	12	13	43	17	25	18	34	42	2	44	42	46
22	8	41	7	21	29	36	48	43	37	6	41	29	36	36	2	5	29	9	38	41	30	18	40	49	13	44	47	16	3	3	36	7	5	18	45	0	3	24	41	31	11	14	22	11	11	27	24	22	37
27	21	1	41	19	47	7	7	21	11	27	35	22	5	26	5	8	25	43	38	40	30	8	13	47	37	31	26	9	27	17	11	3	46	33	4	10	0	39	15	36	9	2	1	13	35	13	8	25	30
27	38	10	9	45	8	48	45	27	48	6	49	32	1	29	48	39	37	25	7	46	3	20	46	25	18	29	22	14	37	43	20	48	17	3	28	27	3	0	5	20	2	35	8	15	3	46	15	39	17
15	7	29	21	44	27	15	20	2	46	6	19	35	1	4	22	20	7	17	14	47	13	42	8	41	20	11	21	43	4	32	7	17	4	20	11	6	24	49	0	15	1	4	4	10	34	6	41	43	36
17	14	39	39	45	39	25	41	10	40	44	44	2	15	44	47	22	39	14	38	15	44	18	40	21	29	43	30	34	25	17	8	30	26	38	11	14	47	22	35	0	23	2	3	15	28	8	27	10	26
17	23	32	45	1	28	21	44	38	46	33	26	30	7	25	49	32	40	35	24	6	49	48	34	35	46	32	20	15	13	8	31	2	32	16	5	26	27	20	1	32	0	21	15	38	12	37	32	28	28
24	23	21	14	43	35	45	28	2	39	30	20	18	46	8	14	30	8	20	33	29	39	45	8	40	13	46	9	44	20	28	31	15	22	43	28	25	21	40	10	16	40	0	28	40	20	34	29	42	4
13	14	45	38	7	14	4	49	24	39	41	22	34	12	26	37	20	19	10	3	10	30	7	8	6	1	25	7	25	24	45	38	23	46	41	40	26	19	8	18	14	24	12	0	25	19	46	20	13	41
18	29	19	31	6	38	21	15	49	4	27	29	25	49	16	23	22	6	9	28	2	47	36	7	24	4	21	20	4	36	10	49	2	14	48	41	34	19	20	15	43	39	37	3	0	16	4	19	31	35
32	49	17	34	46	21	41	29	33	33	32	9	20	44	48	24	45	7	19	16	7	43	12	18	27	6	6	36	23	23	6	23	20	7	24	16	25	6	21	44	1	48	5	40	36	0	32	26	29	17
39	22	26	6	1	29	25	44	11	48	31	45	5	45	12	25	7	8	26	45	2	12	42	34	12	34	31	18	34	12	2	25	29	33	21	14	26	2	32	1	41	41	47	26	36	33	0	22	14	12
49	23	16	41	41	13	48	29	20	18	18	10	22	21	25	45	9	36	23	25	26	24	34	46	45	37	40	40	43	12	5	21	9	42	37	28	3	10	36	18	11	43	9	17	12	4	28	0	39	35
33	20	27	15	2	21	33	24	4	33	35	38	35	26	18	19	49	8	39	2	5	24	4	7	49	34	11	25	12	4	1	21	8	38	31	42	31	15	22	39	8	20	36	16	35	13	20	40	0	40
18	26	6	35	22	22	10	37	5	42	41	44	27	3	2	28	2	14	46	47	3	40	7	12	33	7	16	45	8	30	10	37	4	11	49	8	19	21	20	7	2	13	33	46	32	3	39	46	31	0
M7
0	20	29	1	4	29	38	33	27	10	15	42	10	38	38	42	45	38	26	41	37	7	41	17	25	21	7	1	8	44	20	42	42	19	4	7	19	36	2	41	26	5	26	43	23	18	13	37	18	27
45	0	23	33	45	27	27	47	11	9	33	3	8	7	23	44	2	49	48	31	22	12	14	21	46	4	8	13	27	48	33	40	17	29	8	43	16	30	1	8	27	24	12	19	7	39	25	41	35	7
25	7	0	6	36	26	24	40	39	35	48	10	32	17	26	22	12	14	35	4	7	7	14	9	25	44	18	39	31	16	33	4	29	4	41	17	43	14	18	40	12	17	6	46	31	8	35	28	43	29
10	7	13	0	16	46	45	25	30	20	40	22	39	12	19	36	14	16	45	49	11	4	43	39	38	21	1	33	4	19	43	34	5	1	32	3	7	5	23	21	12	47	30	29	20	15	13	7	6	40
43	27	10	2	0	49	27	21	34	21	7	28	26	49	11	12	22	48	35	7	5	26	2	20	34	12	43	10	25	40	37	44	9	18	43	3	2	2	21	32	43	44	43	36	48	1	10	35	20	33
18	1	34	34	43	0	31	19	26	33	41	19	29	33	11	46	42	21	39	15	44	4	29	4	39	11	13	22	23	34	27	25	24	10	26	2	28	11	10	47	48	41	24	19	30	16	3	10	45	31
22	19	17	44	11	28	0	11	4	19	28	15	49	5	46	20	21	25	32	35	5	12	24	37	37	47	39	16	21	33	39	18	46	6	15	9	5	17	35	49	40	47	42	1	32	4	28	28	11	42
23	28	19	37	8	39	15	0	31	41	32	43	34	6	12	40	2	19	4	30	29	2	29	17	18	35	23	24	26	44	18	40	27	39	29	30	25	17	33	46	21	30	46	46	3	14	38	36	22	20
37	9	20	11	13	4	29	21	0	48	31	39	4	18	22	33	16	10	7	6	25	37	28	43	5	3	2	1	46	17	9	35	25	38	12	5	3	44	48	10	9	19	21	26	42	16	19	17	9	35
5	3	14	49	30	4	9	11	46	0	10	24	30	34	14	13	37	4	37	25	5	23	16	4	46	24	37	34	13	43	41	41	22	18	29	23	8	4	35	32	10	33	24	44	19	38	32	27	11	35
17	33	10	26	34	2	15	36	41	30	0	16	11	19	7	32	28	41	45	31	20	3	6	8	24	8	39	36	48	20	36	31	44	31	36	12	33	30	47	33	14	20	17	44	35	21	20	26	7	35
36	27	30	45	10	37	46	39	23	42	43	0	12	25	21	9	10	5	45	42	46	28	31	30	23	11	29	33	19	12	13	13	49	4	37	9	35	14	1	40	14	41	11	1	43	48	1	44	24	14
33	30	6	24	13	18	17	11	9	21	40	36	0	46	42	13	14	36	8	22	36	26	11	43	21	22	49	7	31	35	5	38	45	31	47	10	14	3	25	34	48	33	16	14	15	32	32	47	41	38
4	34	37	14	23	6	22	20	22	45	18	41	31	0	5	40	31	24	39	17	1	14	24	37	12	36	27	39	19	5	15	16	38	48	28	23	35	8	46	36	6	47	11	21	29	5	19	43	10	10
3	49	27	8	1	22	16	2	16	19	7	23	20	25	0	19	22	41	43	35	9	25	37	42	8	5	25	11	43	20	10	29	35	39	21	26	44	47	30	24	30	24	36	40	36	6	15	47	28	38
43	32	32	21	31	3	37	34	32	42	6	34	49	37	6	0	16	36	14	24	11	21	28	44	47	41	16	34	11	35	25	46	14	13	16	48	26	6	20	17	9	15	30	35	31	30	15	1	28	44
29	12	6	36	28	14	35	2	24	43	12	46	41	33	40	35	0	48	41	2	30	37	33	44	16	26	16	24	27	31	26	3	39	34	34	14	48	34	11	43	9	5	28	30	14	16	20	20	38	17
6	24	8	8	19	10	44	31	20	15	21	38	15	40	9	13	33	0	31	14	17	9	29	20	42	42	24	10	9	14	33	45	28	4	36	22	44	12	26	33	44	7	46	3	23	24	27	35	23	12
23	19	9	31	4	13	25	29	47	14	13	48	40	25	14	7	47	38	0	21	46	21	32	12	26	5	16	10	37	22	45	43	38	19	34	48	3	33	36	32	16	43	14	5	33	30	37	28	3	34
5	21	12	23	12	25	13	17	15	6	15	18	13	27	41	15	11	40	48	0	37	8	45	22	46	3	47	2	19	39	45	39	38	2	39	45	18	11	27	42	2	9	4	41	32	3	48	17	24	32
43	43	40	13	41	5	34	32	41	15	5	32	16	31	19	40	29	36	43	38	0	7	28	17	14	34	27	15	25	6	21	27	14	30	16	18	9	45	9	24	10	19	10	11	12	11	4	49	16	4
23	40	22	49	21	16	6	9	10	42	35	20	24	18	4	33	42	5	21	31	16	0	25	49	48	47	44	18	24	46	24	4	39	47	7	13	40	12	39	15	27	2	22	35	32	10	10	31	42	1
32	44	19	48	37	26	34	16	36	35	23	14	48	13	19	49	40	25	11	28	22	29	0	23	40	37	17	10	25	31	8	12	22	42	44	25	16	4	16	15	30	49	43	46	20	47	32	38	23	45
47	41	36	38	43	15	41	4	20	40	31	26	27	3	33	28	6	18	17	8	7	16	28	0	24	15	8	44	13	34	2	9	30	37	8	40	6	10	8	42	13	29	34	49	8	16	37	18	35	32
10	37	24	40	44	26	31	19	39	31	49	25	24	1	6	20	35	33	32	38	41	11	38	21	0	27	19	2	30	48	6	15	46	12	1	18	18	45	14	20	18	1	35	33	38	30	43	36	41	46
46	17	43	39	37	29	18	23	39	5	12	29	30	23	42	33	20	49	46	49	10	16	19	21	26	0	3	44	6	33	43	16	12	1	2	49	11	39	16	37	2	23	25	31	31	22	18	32	30	47
15	39	21	6	28	25	4	36	14	41	46	14	49	30	49	1	18	36	3	10	7	41	15	47	41	42	0	19	18	12	47	7	22	7	19	10	19	40	30	24	11	41	14	8	34	30	37	24	44	38
41	42	17	39	35	36	2	46	31	15	1	21	41	15	21	7	12	2	45	18	27	29	11	22	26	5	39	0	19	12	48	17	30	10	47	6	30	21	14	40	49	16	3	6	17	33	4	10	37	6
15	4	4	1	41	6	13	23	14	29	48	45	34	38	48	40	17	46	24	41	16	28	28	45	25	19	23	15	0	21	43	14	41	7	40	20	30	3	33	34	33	21	3	9	4	38	21	42	44	36
35	46	38	35	46	24	4	36	28	18	45	11	15	41	18	17	26	18	41	29	42	27	19	22	10	42	17	19	14	0	49	35	26	43	48	44	37	38	46	4	1	21	34	7	16	4	19	43	21	9
28	3	10	44	43	21	24	49	45	38	29	5	2	36	43	20	14	40	8	9	21	40	40	35	9	45	26	29	34	29	0	30	11	9	27	7	15	7	15	43	24	20	39	19	19	21	27	27	37	3
47	10	28	39	43	41	11	29	32	29	48	19	47	41	31	48	23	4	42	3	6	7	36	19	10	39	20	21	42	5	44	0	5	34	23	29	10	23	46	37	41	5	11	9	43	24	34	45	14	43
6	30	36	34	1	39	2	12	35	11	7	28	37	17	39	14	5	9	8	20	11	6	42	20	3	41	22	44	25	4	49	34	0	44	43	28	20	23	35	29	25	3	31	24	33	21	6	3	41	33
25	23	9	49	8	34	7	37	21	9	1	17	31	31	39	21	9	15	16	29	30	19	49	32	10	12	16	37	36	23	20	9	3	0	13	46	36	35	22	12	42	6	48	40	45	30	12	42	9	20
48	6	37	28	40	3	15	15	47	41	4	13	6	45	4	26	4	21	6	31	16	1	44	46	30	19	32	28	24	26	7	32	49	8	0	26	35	18	25	36	2	3	29	20	12	33	8	17	44	33
2	5	40	29	10	16	28	32	1	34	30	29	14	33	13	5	20	31	10	29	25	33	13	39	10	26	37	21	41	14	22	9	41	36	8	0	29	45	28	28	25	4	44	14	18	27	32	43	15	23
2	8	7	28	37	31	11	18	42	19	10	26	39	32	4	25	18	28	37	31	2	9	19	5	38	35	8	29	19	21	1	30	45	38	34	34	0	28	26	12	47	26	13	22	36	5	17	9	18	23
47	28	13	1	22	19	38	30	24	48	29	31	2	45	36	29	10	4	9	35	7	28	47	20	1	6	41	47	27	27	20	39	14	31	4	42	8	0	18	44	17	38	16	30	28	9	2	17	33	33
7	39	33	19	38	24	3	38	41	3	28	28	33	10	11	24	30	38	36	44	2	22	31	9	16	31	44	25	38	33	44	20	42	30	46	48	11	41	0	36	9	35	29	27	49	16	1	44	28	11
19	42	49	48	25	41	45	34	23	36	2	38	25	12	29	11	8	44	20	7	22	18	22	26	23	1	33	29	37	6	24	14	19	20	28	25	15	49	31	0	34	43	30	46	3	15	44	25	18	17
46	42	26	41	32	10	28	30	25	35	45	46	21	12	34	29	21	22	43	12	44	27	7	24	30	37	49	8	11	20	22	21	18	18	14	35	46	34	35	42	0	1	25	2	35	28	43	21	14	49
15	5	40	49	16	26	41	8	10	13	42	39	28	37	7	24	33	4	45	15	31	23	45	49	33	4	45	22	21	27	2	7	24	2	34	23	12	39	15	10	17	0	41	36	20	15	30	25	26	15
23	22	25	12	41	19	18	7	21	49	10	45	8	45	38	9	17	33	9	1	29	10	7	22	2	40	3	43	21	49	32	29	37	20	2	14	23	39	24	3	41	3	0	9	22	23	15	41	16	28
34	35	45	1	36	39	4	28	39	45	31	36	24	1	27	7	3	3	1	28	25	8	44	18	39	46	4	38	48	9	30	2	42	17	35	43	47	23	3	18	46	19	46	0	3	11	35	2	32	39
23	11	44	39	32	16	21	31	9	44	22	8	30	23	45	17	3	33	22	43	43	24	38	11	3	5	3	39	37	31	4	8	41	9	41	41	34	17	37	26	43	2	44	21	0	46	8	11	27	28
31	31	17	11	34	21	11	37	26	25	13	8	33	5	42	22	36	15	34	21	9	19	10	10	31	33	36	41	32	37	47	10	44	45	6	9	15	15	7	21	29	9	1	44	16	0	10	34	15	10
41	16	26	16	35	44	23	40	18	22	1	35	9	12	6	15	18	41	41	10	33	43	16	35	47	44	41	22	36	31	5	21	25	27	1	27	22	28	12	36	31	15	4	41	48	7	0	3	10	29
2	36	27	10	45	41	13	40	4	41	35	39	38	12	37	48	5	24	45	32	39	15	28	12	23	32	17	23	31	27	23	39	7	44	38	40	21	29	36	39	7	36	25	19	18	39	4	0	26	30
43	33	32	39	30	27	2	23	11	14	38	36	39	23	39	23	38	26	39	8	19	26	1	4	13	3	15	40	29	38	48	30	31	21	9	21	15	41	44	11	14	23	42	32	33	6	46	12	0	14
37	38	28	13	7	33	12	8	14	9	30	6	37	35	23	32	49	12	9	39	32	41	1	16	23	26	38	41	41	9	27	40	34	33	36	20	2	2	20	3	45	23	22	31	22	36	24	14	23	0
M8
0	10	10	31	13	44	30	34	31	20	28	27	25	2	18	8	40	38	17	13	35	24	35	31	22	22	6	48	38	30	42	15	10	36	13	28	45	12	3	36	5	47	32	41	31	30	30	29	42	32
38	0	23	33	22	34	20	5	13	29	40	10	23	33	49	40	42	40	31	43	4	42	39	36	20	39	22	7	28	49	42	41	12	48	40	23	21	15	46	45	40	46	22	34	1	42	2	12	44	43
48	21	0	36	43	4	9	45	45	38	26	10	12	7	1	39	30	19	31	49	41	34	32	45	18	44	36	28	15	30	30	26	9	48	42	27	19	40	43	20	3	46	37	15	42	2	46	44	47	19
35	41	1	0	6	42	7	15	44	16	49	36	14	16	36	3	12	25	1	2	9	47	31	21	38	18	16	15	33	21	22	44	14	14	34	47	30	41	45	10	42	48	37	40	8	6	41	25	27	34
31	44	13	20	0	9	16	40	18	11	44	28	27	33	1	33	47	20	6	23	34	25	37	46	36	42	2	36	45	24	6	45	38	3	19	7	44	24	12	14	14	29	44	36	30	8	24	22	15	42
21	1	12	49	36	0	46	7	45	42	49	47	33	9	25	5	46	17	41	46	39	39	6	10	28	19	29	13	38	7	31	48	1	6	25	5	14	3	21	12	7	27	16	35	34	30	37	2	3	49
15	36	8	35	48	33	0	44	18	2	17	38	24	24	29	47	44	6	31	6	41	31	30	14	17	32	46	9	45	12	1	14	46	25	16	25	45	9	38	41	38	22	49	32	30	23	40	41	38	1
49	3	13	24	19	34	15	0	13	33	5	15	39	22	25	8	14	23	27	21	38	6	16	17	30	31	16	13	12	15	41	12	15	4	25	34	33	6	14	21	46	8	37	30	19	35	37	4	24	34
43	21	25	41	39	38	39	44	0	49	43	31	37	13	4	1	27	35	30	24	48	26	29	47	47	36	15	14	14	5	23	45	15	42	11	42	26	14	31	34	36	10	22	37	42	23	28	11	42	34
33	2	29	27	27	47	45	49	24	0	42	30	34	24	14	18	35	13	46	19	20	19	25	17	38	34	42	15	46	15	41	9	16	31	2	6	49	47	6	4	41	44	36	9	39	35	14	36	23	8
31	1	18	18	40	9	45	44	19	43	0	8	15	39	25	17	21	48	10	4	18	49	39	41	45	37	22	35	5	28	49	1	32	24	32	46	40	34	48	7	2	3	14	37	47	48	28	13	6	49
4	30	9	33	34	45	30	46	47	41	49	0	37	25	4	30	39	47	22	43	34	35	16	36	35	14	20	3	10	42	23	43	47	20	1	37	31	31	18	31	25	10	31	6	18	20	6	2	24	7
42	28	37	33	29	9	23	33	44	38	11	31	0	6	3	23	21	11	15	41	37	37	14	44	35	32	30	45	29	28	6	13	47	32	38	17	18	24	15	28	12	1	35	40	45	14	7	37	43	39
46	33	24	49	26	37	3	26	49	42	36	28	8	0	23	31	46	16	16	29	40	29	26	39	36	39	31	26	38	37	40	49	42	31	2	25	17	47	44	39	48	8	30	11	6	28	10	45	18	45
2	20	36	12	1	8	1	19	15	1	14	32	16	27	0	5	13	10	35	18	39	19	26	38	20	26	15	6	46	12	5	9	6	13	6	36	2	47	8	46	12	22	34	16	35	32	40	41	32	47
18	47	45	22	40	38	21	46	44	9	49	3	46	9	19	0	12	16	31	20	20	33	32	23	29	33	10	1	44	30	43	22	25	43	18	42	26	14	45	15	5	37	40	30	41	38	39	6	34	43
28	23	35	27	20	31	12	39	5	35	42	11	34	10	26	2	0	5	37	15	28	12	24	12	17	18	38	24	21	48	27	37	44	49	46	16	34	24	30	41	34	49	7	49	25	15	19	8	40	5
20	30	16	41	43	26	45	48	30	28	10	15	41	49	38	37	8	0	48	49	14	36	38	37	35	38	26	38	14	16	48	23	27	12	24	10	42	34	6	26	31	22	21	47	44	49	26	8	46	8
28	18	13	34	21	6	45	10	16	44	40	11	49	28	48	17	12	42	0	29	28	4	46	7	34	49	4	22	48	41	47	49	29	12	38	48	27	5	36	2	8	1	13	31	13	35	44	14	22	14
1	16	28	21	34	7	44	2	22	13	29	42	17	36	35	13	7	1	40	0	3	13	21	28	44	38	4	20	3	25	31	43	16	17	26	5	9	7	4	38	45	22	11	26	2	38	12	24	9	21
6	16	24	8	9	20	47	39	2	28	22	36	28	32	11	30	31	47	13	16	0	14	8	37	49	36	20	11	48	48	23	35	30	2	18	29	32	13	44	46	13	2	28	34	9	47	21	1	26	12
18	28	7	42	4	17	27	42	35	37	45	35	43	38	35	32	29	24	35	23	15	0	10	31	4	3	5	34	46	22	1	42	48	46	47	8	37	31	12	49	9	41	19	41	25	26	24	36	42	1
11	5	20	4	45	41	42	31	21	21	3	32	35	17	28	30	11	40	37	4	31	42	0	43	1	18	12	40	47	10	34	34	4	42	15	25	41	43	17	28	37	43	36	7	30	37	40	40	39	6
10	22	41	21	3	34	21	17	45	18	14	22	31	11	30	18	31	4	13	29	8	1	38	0	4	16	18	25	2	2	29	12	18	12	15	22	14	7	49	7	24	44	13	13	47	31	31	40	32	5
9	14	15	38	27	46	10	3	10	10	32	41	42	7	30	31	28	31	25	3	33	4	18	25	0	44	15	33	36	9	14	31	27	38	43	47	9	7	19	37	9	23	8	44	2	32	49	22	40	15
10	7	19	11	4	1	14	1	24	35	3	8	2	8	26	28	9	7	47	16	8	38	6	17	26	0	12	26	5	37	24	48	24	6	43	7	35	43	45	5	33	25	23	33	49	22	48	20	10	25
11	5	10	7	36	30	15	3	21	6	17	38	11	5	40	25	10	42	40	3	3	1	13	33	22	36	0	8	13	44	13	2	15	12	10	23	9	27	30	6	7	15	35	35	36	6	46	44	30	12
32	35	7	39	23	25	48	21	18	11	34	27	49	18	6	44	17	18	47	29	20	47	41	1	10	26	38	0	30	49	6	41	40	3	12	27	1	1	23	1	17	36	39	13	32	11	10	32	34	5
38	4	34	24	13	41	42	24	10	19	5	26	35	35	24	10	38	26	48	30	24	4	19	48	29	45	37	18	0	23	39	36	29	4	49	7	33	41	23	16	26	12	23	44	29	36	44	25	35	13
13	24	20	15	3	43	15	21	1	23	28	44	26	43	21	15	5	32	47	39	34	8	11	12	14	14	48	5	12	0	41	35	13	41	36	40	45	23	20	44	9	13	13	39	1	49	33	38	1	33
22	35	29	6	12	27	42	26	25	13	24	33	5	42	43	10	19	28	35	24	37	48	37	39	30	36	11	22	19	13	0	18	40	7	23	48	48	36	23	41	13	37	37	23	14	33	14	40	10	27
29	19	47	42	38	11	5	47	42	35	16	49	4	5	31	41	6	4	10	45	49	47	45	9	29	20	16	30	34	16	28	0	40	7	46	16	45	27	32	5	32	19	27	8	6	45	26	1	3	36
16	14	17	5	8	17	43	30	24	9	33	14	14	46	9	35	35	34	14	26	13	4	1	16	28	34	8	47	26	39	42	35	0	22	20	35	40	19	40	44	22	38	18	17	37	5	42	7	2	19
40	28	1	14	34	16	22	23	35	8	46	28	35	31	33	28	18	49	10	34	44	12	24	5	26	39	16	40	34	31	8	48	2	0	27	16	4	3	41	13	38	12	45	5	35	17	16	28	5	32
16	13	11	32	42	46	7	23	43	38	47	38	1	19	38	21	9	35	2	29	35	4	42	18	43	8	29	10	14	26	38	16	49	5	0	8	24	33	33	21	6	9	16	36	14	8	12	23	30	34
27	34	8	5	47	42	18	12	21	18	33	16	1	32	7	29	38	40	8	27	21	15	30	48	37	43	15	16	27	2	45	23	7	29	2	0	4	35	39	32	44	32	42	1	35	35	7	22	41	20
26	44	15	31	45	5	14	18	35	41	13	21	40	13	4	42	19	40	34	47	25	36	20	6	20	22	8	31	48	14	34	4	37	13	34	25	0	14	48	36	47	6	34	9	11	20	13	18	3	40
26	46	1	32	16	3	33	46	48	42	48	11	14	14	47	49	11	22	3	11	37	36	41	28	33	35	26	39	6	14	8	33	30	38	2	35	12	0	42	31	49	28	20	12	12	37	49	8	42	7
12	3	20	4	20	42	8	19	47	12	14	36	4	26	42	42	5	45	1	21	24	41	33	4	44	11	38	31	19	41	1	38	35	49	14	34	25	18	0	24	19	24	25	25	28	7	30	17	22	38
14	34	49	17	32	30	11	42	46	41	24	9	10	11	13	22	9	9	28	27	12	37	6	14	38	19	39	4	40	8	48	29	28	37	11	27	46	3	32	0	14	34	39	28	18	20	16	7	47	32
12	37	37	41	38	43	41	33	13	9	35	30	21	22	17	47	47	22	43	5	44	41	29	1	17	34	5	34	11	15	37	11	21	22	49	3	44	43	2	10	0	34	9	3	23	16	10	35	20	48
11	41	2	23	9	34	39	27	18	38	13	43	5	14	25	26	49	44	17	4	10	14	26	31	42	17	41	9	49	18	31	11	11	32	9	39	1	46	5	35	36	0	46	17	19	11	45	40	8	45
38	29	41	43	18	8	17	45	48	12	15	49	47	5	1	11	12	22	21	25	5	14	27	29	18	11	44	38	49	14	39	39	30	14	14	36	28	41	22	35	30	9	0	7	36	2	3	23	10	9
15	24	36	21	48	2	17	3	6	30	11	42	39	34	20	8	17	4	28	31	27	41	11	3	9	10	7	7	27	25	11	41	36	36	32	32	4	27	3	8	19	41	22	0	36	49	48	34	41	13
24	3	35	30	38	5	17	38	4	26	37	17	45	27	11	9	21	6	45	36	35	22	5	13	46	35	41	14	28	33	37	2	17	36	22	25	41	29	36	27	22	31	15	47	0	14	26	2	34	22
44	40	19	28	40	22	5	20	34	16	42	11	27	36	9	3	2	46	5	46	31	31	3	2	26	9	36	2	32	35	36	13	29	21	34	19	9	48	11	36	20	16	31	27	32	0	15	34	31	15
35	21	16	38	35	44	34	35	35	36	22	30	20	19	44	38	14	32	42	8	35	47	28	16	43	17	48	22	35	7	31	38	38	41	26	9	39	33	14	5	10	40	29	9	46	8	0	47	40	16
22	46	1	41	34	29	13	1	22	35	27	44	27	10	26	28	46	23	36	47	49	40	46	44	27	18	14	41	7	31	3	48	29	46	33	37	40	28	22	36	10	43	35	24	26	4	29	0	48	29
17	43	21	26	17	43	49	17	26	1	17	44	34	35	6	40	24	31	3	34	16	23	45	30	17	41	40	6	27	43	17	46	36	36	33	44	49	49	32	16	32	28	21	26	22	41	5	8	0	28
5	27	36	41	17	24	20	42	46	47	47	25	6	25	18	23	4	17	38	49	37	48	19	5	15	35	31	43	21	33	43	22	45	14	19	3	22	11	9	47	10	31	7	20	3	35	27	39	14	0
M9
0	16	41	31	47	1	10	6	35	26	16	21	18	4	27	37	27	21	5	4	29	48	10	4	47	14	15	14	11	33	21	11	19	32	40	13	42	39	12	38	22	48	14	10	19	1	47	22	5	20
14	0	4	45	21	28	19	31	5	29	38	3	26	9	31	4	30	19	17	2	13	32	45	13	39	31	41	9	31	10	38	15	42	23	15	1	15	4	47	41	46	34	3	47	46	14	10	34	32	15
20	27	0	18	22	14	4	21	2	29	13	25	31	17	28	29	5	2	40	12	17	31	16	16	38	44	6	46	23	21	7	23	15	3	38	46	16	19	48	2	35	14	4	33	42	6	45	30	34	33
33	40	37	0	8	47	27	25	32	34	4	35	9	4	46	8	48	24	41	39	29	6	25	18	13	47	32	36	15	1	10	38	35	16	30	19	1	36	28	6	13	34	15	14	32	35	7	31	46	44
40	6	6	43	0	20	9	26	5	20	21	27	9	36	42	34	44	6	10	30	42	3	18	12	2	4	36	14	46	17	26	37	27	30	17	47	35	49	45	30	30	16	16	35	19	44	26	12	45	40
40	4	29	19	22	0	31	26	13	40	47	14	3	31	18	21	45	12	48	12	12	40	32	25	13	6	4	9	24	16	3	13	3	33	23	19	31	7	7	41	10	29	40	44	47	39	36	42	19	19
41	11	42	32	17	33	0	27	37	10	41	28	42	46	13	13	47	29	41	29	35	49	28	34	19	16	28	46	42	48	30	28	5	3	29	9	34	48	43	47	20	48	10	18	34	36	28	36	32	7
32	36	46	1	10	47	40	0	16	38	4	32	11	39	1	23	48	17	16	36	19	39	33	29	31	39	18	22	19	15	35	22	30	34	11	8	29	4	34	34	47	29	36	4	35	47	13	17	36	34
3	5	2	48	19	48	37	39	0	9	38	46	44	23	42	16	47	48	9	35	22	4	8	33	36	17	49	36	49	35	19	17	47	43	31	45	43	12	31	9	47	33	15	22	12	7	6	21	29	29
16	45	24	34	29	14	29	31	16	0	34	12	39	46	30	29	49	31	32	41	38	39	8	37	44	34	6	28	43	14	45	44	16	22	18	11	29	32	44	7	26	47	3	17	42	8	8	10	14	49
18	5	3	49	10	12	7	30	10	26	0	37	5	29	14	11	45	36	28	14	11	49	2	6	43	17	22	11	1	25	26	18	4	42	38	28	3	10	8	41	37	1	8	39	8	4	16	47	30	16
17	36	26	18	28	36	48	9	48	6	7	0	46	23	25	39	21	43	11	1	17	41	32	41	48	42	1	37	43	34	46	47	49	13	17	49	4	33	43	12	15	41	39	49	28	2	37	25	49	15
21	10	8	15	23	29	28	23	17	48	12	14	0	14	41	11	46	49	17	30	45	15	33	21	13	20	40	18	21	39	9	1	41	1	11	24	8	18	36	18	8	33	33	16	3	39	34	49	40	1
27	34	25	44	12	22	45	3	29	7	45	3	12	0	29	10	15	46	26	36	29	1	1	28	42	23	4	8	48	23	45	16	8	42	23	15	39	48	15	42	42	1	23	47	31	31	17	46	2	24
38	44	32	11	11	32	33	35	13	41	3	30	10	34	0	33	37	15	38	17	44	48	23	40	33	39	7	18	40	24	26	20	11	4	12	11	7	39	39	45	29	24	25	47	6	27	6	11	2	1
4	3	2	28	30	45	39	21	10	37	39	40	16	4	42	0	29	48	9	28	30	37	13	49	9	35	15	24	17	31	47	37	31	48	34	23	13	23	4	21	21	1	2	3	35	28	8	13	40	45
31	15	31	35	18	31	31	8	21	34	24	9	21	10	28	43	0	9	13	14	32	10	20	37	29	8	31	6	20	10	33	28	28	41	10	44	9	43	44	45	33	17	14	23	29	35	47	28	41	32
25	47	9	7	15	6	3	35	2	28	43	12	25	49	2	16	5	0	25	6	17	1	46	10	39	15	17	30	14	42	35	27	23	15	35	20	33	22	8	36	3	16	9	42	36	25	29	5	37	42
32	42	13	48	24	44	10	14	38	40	5	48	18	17	8	38	48	6	0	26	46	12	2	11	3	32	10	30	32	8	8	4	17	30	5	8	25	5	49	35	15	48	36	27	36	13	10	25	3	17
23	21	33	31	27	47	15	11	28	12	10	40	13	17	24	35	49	20	6	0	9	43	9	47	38	37	23	36	22	37	22	15	23	2	2	13	19	48	34	33	36	29	23	32	1	5	44	9	20	49
20	5	48	5	7	17	26	9	10	43	14	11	7	34	1	36	46	7	20	9	0	29	13	31	36	27	40	29	48	12	16	9	1	25	22	27	16	41	4	10	8	23	16	25	27	47	19	40	46	34
23	20	8	25	35	43	18	11	35	30	44	4	44	30	17	47	49	39	18	12	14	0	17	38	25	26	6	11	23	30	35	17	40	8	47	2	47	7	5	37	34	33	28	21	16	42	19	31	2	15
19	8	48	31	4	49	48	9	25	23	20	27	34	4	39	46	21	4	11	10	20	2	0	29	13	10	42	6	7	10	48	44	34	45	42	21	13	4	32	48	12	17	4	38	23	36	32	49	13	1
36	14	5	28	13	1	18	32	2	37	37	45	39	35	14	37	31	32	43	31	23	5	45	0	31	25	36	28	48	47	42	18	38	26	37	25	43	19	25	3	15	26	39	35	19	47	28	46	3	45
19	32	28	6	18	36	37	43	33	8	29	15	31	12	27	10	2	30	11	11	3	35	46	24	0	46	1	30	34	26	14	44	9	7	14	17	5	12	22	17	45	8	24	41	18	32	33	3	27	10
7	4	23	7	49	32	36	6	35	31	30	28	34	5	7	3	2	47	40	33	3	22	1	48	42	0	3	10	7	8	40	28	49	16	24	37	32	39	42	35	24	42	28	37	34	18	19	27	49	32
48	28	1	43	17	9	6	28	33	13	13	1	7	18	45	46	4	28	47	15	14	26	18	25	31	25	0	37	10	12	17	29	17	29	28	7	22	36	4	38	46	9	22	8	15	13	11	6	11	3
15	43	47	1	43	15	36	6	34	33	45	1	31	3	46	26	43	16	30	28	2	17	17	7	47	46	41	0	7	27	25	47	10	11	32	21	22	9	2	33	19	23	11	47	43	31	20	34	6	24
14	22	9	47	20	5	10	21	30	11	31	42	32	22	42	25	1	36	15	21	27	19	42	21	9	27	40	35	0	16	20	12	13	12	15	10	23	38	29	6	44	10	39	19	41	42	25	48	11	7
4	32	14	46	2	3	27	15	33	33	17	10	20	19	46	42	40	31	38	22	11	34	39	32	34	45	15	4	22	0	3	15	32	48	43	1	29	37	30	9	11	5	4	9	6	27	29	8	10	41
36	36	31	18	39	44	43	40	25	13	2	7	11	29	31	10	33	30	3	35	8	4	29	17	27	2	43	8	25	24	0	41	26	7	43	36	22	19	20	34	39	16	38	7	46	6	41	30	38	5
30	5	4	24	20	49	35	18	40	49	6	17	16	39	17	40	16	18	45	26	45	47	3	16	5	23	34	49	32	28	49	0	25	12	33	2	19	32	47	11	33	28	31	40	44	49	25	45	2	43
16	10	17	20	20	39	17	31	40	40	34	26	46	22	30	18	47	40	39	37	47	34	22	26	36	6	25	35	45	10	21	47	0	33	39	1	12	37	47	48	43	35	10	30	44	30	46	21	23	15
30	35	2	23	36	23	1	44	24	7	29	19	21	45	32	28	7	40	9	33	13	34	25	18	14	36	2	47	27	15	34	14	33	0	8	10	43	34	18	27	20	40	15	29	34	4	37	32	25	38
6	19	39	9	39	17	33	49	31	7	36	34	45	41	35	13	16	16	25	33	29	35	15	27	5	29	8	43	28	15	3	8	17	18	0	33	47	19	17	12	39	20	13	11	46	15	15	26	31	20
46	33	28	21	16	15	33	11	19	25	42	13	31	4	43	1	4	42	31	20	28	21	31	41	20	6	11	38	8	45	5	35	42	31	49	0	48	13	40	31	45	30	44	13	4	11	30	21	34	40
39	48	30	13	11	1	8	20	28	33	49	5	14	45	30	19	30	19	9	28	48	22	1	41	48	32	30	19	42	20	4	16	48	25	31	38	0	17	45	15	49	10	36	48	24	10	22	28	9	36
46	38	23	30	30	47	25	41	41	38	1	14	17	45	34	36	28	43	32	13	43	34	42	3	5	2	14	23	49	6	14	6	28	19	13	11	8	0	34	46	48	43	39	33	26	42	49	20	21	11
30	25	3	45	17	23	33	34	40	7	3	45	43	6	42	48	20	21	4	30	41	18	22	6	11	27	22	27	12	18	18	15	44	9	30	29	44	13	0	49	37	14	14	10	28	26	26	47	33	5
29	5	2	24	44	32	8	48	24	4	2	32	41	38	22	33	27	20	46	25	28	23	39	38	31	14	16	41	36	19	42	27	24	45	49	20	27	25	44	0	13	46	33	47	12	23	43	48	33	36
36	28	48	28	47	25	44	37	44	30	32	17	4	28	31	1	44	29	44	10	18	20	31	2	33	48	9	16	39	4	22	45	26	27	30	17	39	48	30	40	0	43	39	45	18	45	28	5	11	3
20	41	32	2	7	46	27	38	36	33	43	32	31	19	22	20	25	17	44	37	21	12	31	10	16	31	9	35	19	25	13	8	27	33	28	37	37	21	42	40	46	0	1	45	24	16	37	42	37	27
34	5	4	22	18	35	6	32	41	28	13	16	12	23	33	34	22	25	12	8	30	48	41	14	28	35	17	28	28	37	30	17	36	35	22	41	47	6	1	11	37	34	0	16	22	26	14	35	47	39
48	34	28	17	32	8	23	38	43	9	28	36	45	35	1	4	18	1	33	14	31	25	25	28	7	27	30	19	15	8	49	44	13	33	22	40	7	11	12	9	19	44	15	0	45	13	27	13	1	31
18	15	47	31	22	48	30	43	31	20	35	14	28	1	25	31	15	26	27	20	34	17	19	33	19	25	35	42	13	12	16	46	26	16	44	6	42	9	15	10	7	9	10	4	0	11	34	1	11	3
38	20	5	23	26	4	26	22	34	22	44	37	34	20	30	2	32	17	40	46	29	4	43	30	4	18	35	3	12	16	3	47	23	26	20	30	29	49	5	43	4	15	35	26	40	0	12	42	41	20
45	1	6	37	25	2	29	49	29	18	38	19	47	1	21	7	21	12	21	15	49	49	20	35	17	39	45	17	17	38	16	48	25	32	4	12	11	9	25	29	3	15	36	19	48	46	0	16	29	46
6	19	24	49	7	35	20	19	37	42	26	42	19	18	3	19	16	31	30	45	11	38	15	37	49	49	48	4	24	48	41	11	10	9	47	49	45	21	35	5	18	3	6	24	27	14	29	0	5	14
39	22	19	22	37	15	26	1	18	22	23	13	11	12	37	14	35	28	2	4	8	46	1	25	43	22	25	3	40	39	28	19	42	16	23	28	38	28	4	4	16	28	49	35	13	18	18	40	0	3
8	16	35	22	10	23	11	20	12	39	30	10	5	49	8	12	43	7	32	4	41	43	2	2	33	2	12	40	3	9	43	27	30	2	19	38	17	29	35	21	43	37	35	6	13	48	36	29	36	0
