6  4  1
4
	0	78	1	91	2	58	3	89
	0	99	1	89	2	15	3	20
	0	20	1	10	2	62	3	71
	0	77	1	43	2	96	3	6
	0	25	1	12	2	38	3	66
	0	69	1	32	2	82	3	21
SSD
M0
0	37	38	21	17	18
31	0	31	3	12	36
12	33	0	7	31	42
27	44	16	0	10	40
27	28	29	41	0	44
45	15	4	43	9	0
M1
0	30	43	44	40	43
45	0	15	25	49	21
48	37	0	43	47	3
23	40	31	0	42	44
9	12	7	48	0	22
7	21	26	31	13	0
M2
0	8	24	37	46	26
8	0	40	16	32	13
8	23	0	8	13	39
37	29	7	0	21	31
46	32	29	18	0	15
40	12	1	38	8	0
M3
0	19	43	26	38	37
5	0	4	14	34	17
4	33	0	37	24	5
48	14	39	0	22	24
37	14	30	14	0	42
40	7	45	46	25	0
