6  5  1
5
	0	72	1	50	2	96	3	14	4	80
	0	97	1	97	2	52	3	91	4	26
	0	51	1	55	2	45	3	71	4	10
	0	20	1	99	2	21	3	8	4	66
	0	63	1	13	2	35	3	81	4	2
	0	64	1	12	2	35	3	40	4	1
SSD
M0
0	106	81	10	44	45
74	0	43	8	96	16
74	7	0	73	47	32
33	36	46	0	108	33
23	91	14	103	0	37
8	2	101	78	93	0
M1
0	46	91	5	38	19
106	0	82	93	72	94
54	56	0	114	64	41
53	41	21	0	37	17
40	2	109	18	0	62
110	40	37	109	57	0
M2
0	43	25	95	35	118
27	0	8	10	11	26
62	57	0	116	93	12
15	7	71	0	118	22
104	59	3	30	0	109
114	88	36	31	2	0
M3
0	14	65	98	90	66
94	0	110	46	66	124
45	110	0	57	30	56
38	55	93	0	1	56
27	26	41	105	0	31
74	46	40	122	82	0
M4
0	14	96	38	39	57
12	0	54	48	109	30
107	57	0	78	115	13
99	46	54	0	40	82
49	60	8	38	0	113
31	101	78	122	111	0
