6  4  1
4
	0	5	1	75	2	76	3	3
	0	51	1	62	2	92	3	11
	0	42	1	49	2	42	3	14
	0	72	1	93	2	65	3	83
	0	99	1	80	2	37	3	34
	0	46	1	49	2	14	3	2
SSD
M0
0	45	78	64	8	26
123	0	114	54	43	16
39	27	0	95	115	33
32	1	6	0	104	79
89	10	56	51	0	7
92	87	84	28	67	0
M1
0	94	107	71	86	97
101	0	25	32	55	7
4	81	0	92	42	83
25	44	44	0	76	34
52	15	68	8	0	61
73	109	44	119	47	0
M2
0	85	62	35	80	89
81	0	96	74	27	121
93	14	0	75	27	46
54	34	17	0	53	1
25	42	114	93	0	116
97	18	67	31	121	0
M3
0	85	75	69	47	68
122	0	97	108	29	57
48	14	0	68	67	80
14	60	39	0	58	66
54	43	37	39	0	68
119	112	96	120	58	0
