6  5  1
5
	0	31	1	20	2	73	3	99	4	32
	0	62	1	41	2	60	3	40	4	62
	0	3	1	60	2	56	3	23	4	83
	0	37	1	80	2	96	3	20	4	44
	0	36	1	86	2	68	3	17	4	68
	0	74	1	25	2	57	3	80	4	42
SSD
M0
0	17	28	1	45	43
11	0	33	42	1	45
28	25	0	31	33	19
15	25	27	0	3	37
45	19	1	43	0	47
3	37	47	41	49	0
M1
0	45	45	10	37	17
37	0	39	30	16	42
12	49	0	4	2	47
40	26	34	0	8	40
16	18	24	7	0	13
41	6	17	14	1	0
M2
0	33	17	22	41	5
26	0	8	27	36	37
6	16	0	19	39	30
46	25	40	0	40	41
49	38	21	13	0	2
30	12	43	35	5	0
M3
0	29	1	43	19	12
41	0	11	19	36	42
6	13	0	49	17	36
1	33	4	0	22	49
31	6	35	12	0	25
26	42	31	9	25	0
M4
0	13	10	43	4	11
21	0	37	24	12	3
29	39	0	31	39	48
18	24	9	0	28	23
35	8	48	39	0	25
19	1	43	22	5	0
