6  5  1
5
	0	45	1	12	2	61	3	66	4	60
	0	1	1	84	2	99	3	79	4	86
	0	45	1	27	2	88	3	42	4	33
	0	59	1	68	2	57	3	44	4	90
	0	11	1	100	2	1	3	9	4	80
	0	80	1	42	2	90	3	20	4	89
SSD
M0
0	69	39	8	88	98
41	0	78	48	15	23
15	44	0	2	41	38
36	118	115	0	14	69
109	67	94	101	0	103
33	91	38	78	75	0
M1
0	77	124	41	87	82
91	0	104	94	55	95
110	107	0	31	86	23
51	100	56	0	84	112
69	106	116	105	0	89
122	39	120	82	42	0
M2
0	41	124	50	69	46
92	0	41	2	92	27
40	111	0	81	1	120
29	77	20	0	67	14
46	39	111	26	0	39
93	54	8	9	88	0
M3
0	113	120	84	16	78
39	0	50	62	29	95
53	93	0	43	79	80
14	80	26	0	52	64
2	14	17	121	0	10
98	85	113	21	93	0
M4
0	55	60	51	14	29
36	0	88	86	46	7
76	74	0	97	22	57
124	98	26	0	30	96
20	82	5	115	0	31
89	19	18	80	96	0
