6  4  1
4
	0	66	1	98	2	19	3	14
	0	62	1	16	2	92	3	74
	0	44	1	73	2	6	3	9
	0	17	1	99	2	75	3	48
	0	11	1	84	2	64	3	84
	0	89	1	73	2	68	3	20
SSD
M0
0	84	33	45	17	20
96	0	15	37	32	92
20	40	0	26	28	9
63	3	77	0	3	13
68	94	36	28	0	90
60	79	5	65	16	0
M1
0	15	89	32	57	95
81	0	20	89	7	99
32	62	0	38	1	94
32	7	71	0	25	36
97	7	7	65	0	24
62	60	59	7	43	0
M2
0	59	79	36	56	27
33	0	63	59	7	32
28	54	0	5	39	34
33	39	15	0	12	67
44	63	41	92	0	14
73	25	28	87	61	0
M3
0	26	49	8	85	16
90	0	9	90	97	37
5	89	0	3	53	95
98	62	48	0	12	79
21	73	53	61	0	32
93	9	42	49	3	0
