6  4  1
4
	0	48	1	84	2	17	3	51
	0	30	1	66	2	13	3	15
	0	74	1	54	2	97	3	29
	0	74	1	94	2	74	3	50
	0	62	1	52	2	75	3	39
	0	48	1	41	2	2	3	61
SSD
M0
0	4	20	14	64	40
58	0	24	64	25	83
51	49	0	27	68	52
1	76	32	0	97	75
6	40	4	1	0	64
51	15	67	67	29	0
M1
0	91	55	3	20	73
83	0	92	76	96	94
12	57	0	97	24	83
57	33	74	0	30	25
89	46	24	86	0	78
60	74	86	24	80	0
M2
0	70	88	96	31	18
31	0	44	56	81	12
38	76	0	7	41	21
31	69	6	0	23	12
5	21	2	32	0	85
58	99	87	71	88	0
M3
0	40	94	41	77	95
16	0	73	11	7	14
55	44	0	37	93	18
7	78	5	0	33	6
59	42	27	99	0	11
55	81	41	93	43	0
