6  5  1
5
	0	15	1	18	2	3	3	80	4	61
	0	1	1	64	2	99	3	6	4	73
	0	64	1	57	2	62	3	97	4	13
	0	40	1	37	2	50	3	85	4	44
	0	14	1	56	2	77	3	34	4	99
	0	22	1	3	2	82	3	57	4	42
SSD
M0
0	79	121	109	16	84
93	0	51	114	101	45
54	121	0	48	50	5
14	57	95	0	24	68
64	95	103	41	0	87
9	108	98	97	35	0
M1
0	71	41	39	32	84
58	0	71	76	27	121
32	113	0	120	51	15
57	114	66	0	116	102
27	37	58	51	0	55
57	48	84	33	124	0
M2
0	35	114	96	103	25
86	0	116	68	51	31
21	31	0	33	62	110
69	42	72	0	53	50
43	110	107	38	0	48
12	64	12	61	94	0
M3
0	24	42	92	26	60
115	0	21	14	78	78
42	96	0	92	59	41
3	62	41	0	61	49
68	6	23	95	0	19
3	47	104	116	4	0
M4
0	107	121	92	81	43
53	0	108	96	103	104
39	107	0	119	71	90
2	22	47	0	23	4
122	36	12	116	0	80
102	83	100	6	110	0
