6  4  1
4
	0	3	1	45	2	49	3	54
	0	94	1	28	2	27	3	34
	0	20	1	75	2	32	3	29
	0	80	1	23	2	85	3	72
	0	65	1	66	2	79	3	80
	0	14	1	17	2	62	3	45
SSD
M0
0	1	44	34	25	29
6	0	43	35	13	49
38	21	0	27	6	43
12	18	48	0	21	33
11	46	35	39	0	18
18	14	14	10	3	0
M1
0	2	28	32	44	25
40	0	1	26	25	39
32	35	0	48	14	19
6	6	11	0	38	10
16	47	20	9	0	19
46	35	16	28	15	0
M2
0	17	3	13	43	45
28	0	43	4	28	1
42	37	0	33	18	44
10	44	36	0	1	44
6	11	47	4	0	7
20	38	2	46	13	0
M3
0	8	31	8	22	22
21	0	3	21	12	33
46	26	0	34	37	43
8	9	4	0	14	25
16	14	33	38	0	33
16	28	32	47	49	0
