6  5  1
5
	0	55	1	32	2	76	3	35	4	38
	0	97	1	89	2	11	3	89	4	41
	0	46	1	18	2	16	3	11	4	6
	0	84	1	66	2	27	3	51	4	8
	0	72	1	27	2	10	3	68	4	45
	0	40	1	97	2	60	3	8	4	96
SSD
M0
0	6	5	2	3	2
6	0	2	5	1	3
9	1	0	4	1	5
5	8	5	0	7	7
9	2	1	2	0	3
7	2	1	3	4	0
M1
0	7	2	7	8	2
1	0	4	1	4	3
5	5	0	5	6	8
1	8	7	0	1	1
6	3	1	9	0	6
7	6	4	9	4	0
M2
0	3	4	9	6	6
8	0	9	5	7	7
3	3	0	2	5	4
7	9	4	0	5	6
1	4	6	3	0	2
5	6	3	1	2	0
M3
0	8	2	4	7	1
1	0	3	1	9	8
6	5	0	5	7	2
1	4	7	0	1	5
1	5	7	5	0	6
1	1	7	7	2	0
M4
0	6	8	1	7	6
4	0	5	7	4	2
4	2	0	2	6	3
5	5	2	0	1	5
8	6	4	8	0	3
8	5	1	4	9	0
