6  4  1
4
	0	43	1	30	2	47	3	76
	0	5	1	58	2	41	3	84
	0	88	1	84	2	44	3	23
	0	20	1	69	2	97	3	94
	0	91	1	60	2	50	3	55
	0	63	1	16	2	49	3	2
SSD
M0
0	13	22	16	10	8
29	0	14	36	30	46
43	47	0	12	1	35
10	38	7	0	38	32
35	37	42	24	0	24
33	23	1	41	28	0
M1
0	32	10	16	33	9
25	0	34	27	11	8
47	3	0	34	13	40
21	30	6	0	33	22
49	6	10	31	0	34
27	20	34	31	32	0
M2
0	31	35	33	21	42
43	0	48	13	14	24
25	11	0	3	47	12
23	30	30	0	2	37
6	43	16	2	0	33
41	3	18	26	20	0
M3
0	26	18	27	36	4
44	0	21	15	45	40
19	2	0	2	42	28
14	36	8	0	20	27
32	36	12	18	0	21
7	24	28	35	6	0
