6  5  1
5
	0	92	1	37	2	62	3	38	4	16
	0	89	1	52	2	88	3	15	4	27
	0	77	1	66	2	96	3	10	4	82
	0	98	1	60	2	36	3	65	4	71
	0	33	1	87	2	84	3	52	4	50
	0	89	1	82	2	57	3	94	4	4
SSD
M0
0	17	78	90	72	116
40	0	104	85	21	74
13	41	0	4	110	29
108	93	55	0	12	55
88	100	58	106	0	52
59	91	51	12	14	0
M1
0	60	121	65	119	112
34	0	82	33	50	2
24	105	0	112	69	98
21	75	16	0	8	66
47	91	25	27	0	119
48	112	88	64	33	0
M2
0	21	49	59	105	115
33	0	67	29	73	65
29	23	0	5	32	72
63	95	55	0	76	113
102	118	101	55	0	17
46	104	12	40	108	0
M3
0	112	26	91	30	107
92	0	94	124	98	79
55	20	0	67	82	109
122	94	79	0	14	113
14	111	35	50	0	106
25	61	60	123	94	0
M4
0	56	13	71	111	115
90	0	115	53	79	79
112	4	0	114	2	47
4	70	85	0	78	38
56	4	36	50	0	116
78	2	1	21	63	0
