6  5  1
5
	0	83	1	80	2	87	3	52	4	11
	0	40	1	47	2	56	3	95	4	40
	0	80	1	53	2	46	3	11	4	44
	0	70	1	30	2	9	3	91	4	58
	0	71	1	87	2	90	3	9	4	83
	0	53	1	45	2	80	3	25	4	61
SSD
M0
0	1	1	3	51	88
96	0	88	54	89	29
21	15	0	84	57	97
91	30	63	0	1	63
91	89	84	23	0	3
96	31	56	37	16	0
M1
0	60	20	27	86	37
85	0	50	72	21	8
67	11	0	37	18	94
41	88	71	0	29	16
16	94	74	80	0	79
5	26	85	37	94	0
M2
0	19	69	10	24	38
8	0	90	41	55	48
26	34	0	42	45	64
79	58	78	0	71	51
34	23	45	96	0	82
97	79	83	20	12	0
M3
0	62	7	72	86	6
67	0	98	23	50	92
61	39	0	81	56	21
6	52	96	0	43	42
6	70	31	58	0	43
72	33	59	65	6	0
M4
0	87	36	99	96	1
19	0	87	85	69	69
86	28	0	93	16	23
87	56	92	0	85	29
37	10	61	10	0	4
72	46	44	13	35	0
