6  5  1
5
	0	4	1	52	2	97	3	18	4	13
	0	15	1	97	2	9	3	81	4	89
	0	14	1	20	2	71	3	12	4	13
	0	15	1	15	2	36	3	16	4	85
	0	27	1	24	2	74	3	48	4	89
	0	95	1	96	2	77	3	89	4	27
SSD
M0
0	46	56	10	33	23
27	0	9	58	51	38
33	85	0	70	48	50
22	1	27	0	14	19
10	51	71	51	0	17
95	89	44	5	70	0
M1
0	59	32	34	52	97
91	0	71	96	76	76
79	53	0	17	42	30
8	52	57	0	38	18
47	13	30	23	0	2
96	92	50	17	93	0
M2
0	62	42	69	10	55
67	0	26	52	50	10
15	8	0	69	33	11
87	21	71	0	20	54
99	95	51	35	0	59
46	35	80	2	41	0
M3
0	3	41	44	99	51
55	0	71	39	59	79
64	26	0	8	7	79
7	51	37	0	14	35
23	15	80	72	0	72
45	73	43	69	41	0
M4
0	10	47	36	73	69
78	0	68	26	61	3
70	75	0	13	81	21
43	37	56	0	31	98
27	22	68	5	0	94
60	59	40	46	13	0
