6  5  1
5
	0	1	1	86	2	44	3	81	4	64
	0	63	1	6	2	6	3	37	4	76
	0	42	1	49	2	81	3	49	4	65
	0	7	1	42	2	14	3	73	4	82
	0	28	1	94	2	85	3	4	4	77
	0	69	1	23	2	39	3	22	4	21
SSD
M0
0	96	69	108	47	100
92	0	83	27	79	33
85	23	0	112	112	26
104	102	95	0	98	42
98	123	108	80	0	118
49	84	19	93	106	0
M1
0	59	38	73	28	63
51	0	121	102	19	63
112	4	0	6	40	43
52	36	50	0	6	46
123	6	1	35	0	88
84	49	86	71	91	0
M2
0	90	124	23	21	69
65	0	62	26	11	16
39	124	0	34	88	21
18	66	23	0	77	45
3	95	34	102	0	16
96	6	94	69	24	0
M3
0	74	59	31	88	87
111	0	14	118	30	21
122	30	0	119	11	73
118	13	32	0	48	43
104	33	51	73	0	86
47	74	8	92	57	0
M4
0	32	52	24	8	80
110	0	56	123	78	98
120	103	0	26	32	57
8	20	79	0	29	115
11	8	80	7	0	100
29	18	72	68	32	0
