6  5  1
5
	0	34	1	1	2	13	3	50	4	100
	0	94	1	39	2	68	3	60	4	20
	0	74	1	95	2	24	3	71	4	88
	0	24	1	8	2	17	3	35	4	36
	0	78	1	39	2	27	3	69	4	85
	0	5	1	80	2	6	3	4	4	13
SSD
M0
0	30	32	28	3	48
21	0	39	6	30	39
18	48	0	10	47	21
3	11	35	0	48	12
26	19	30	13	0	47
44	18	24	34	42	0
M1
0	10	14	8	26	24
39	0	49	10	23	8
47	32	0	25	17	2
13	34	5	0	6	13
8	37	2	9	0	47
43	31	17	30	46	0
M2
0	14	46	20	32	10
11	0	23	24	6	38
33	24	0	23	38	12
35	45	40	0	35	19
5	37	2	7	0	38
30	44	35	33	13	0
M3
0	27	33	2	45	24
27	0	16	8	21	9
35	18	0	16	9	17
29	42	39	0	27	16
44	28	18	31	0	30
34	4	36	36	47	0
M4
0	31	44	15	21	17
5	0	1	24	42	13
44	44	0	28	20	33
47	49	31	0	33	38
26	13	28	22	0	41
42	21	29	36	46	0
