6  4  1
4
	0	35	1	38	2	84	3	42
	0	6	1	14	2	90	3	52
	0	74	1	7	2	4	3	9
	0	96	1	19	2	50	3	80
	0	12	1	34	2	15	3	46
	0	20	1	100	2	68	3	66
SSD
M0
0	43	63	19	30	55
49	0	4	78	92	7
26	50	0	60	80	79
88	97	63	0	37	36
91	50	82	70	0	18
93	13	86	67	32	0
M1
0	46	12	87	46	16
11	0	46	51	15	28
88	46	0	45	64	51
70	83	84	0	60	36
43	8	14	40	0	29
27	39	75	87	56	0
M2
0	58	93	14	10	28
90	0	63	46	10	11
75	44	0	2	93	17
98	40	25	0	92	38
38	41	89	2	0	39
2	41	51	81	61	0
M3
0	38	82	21	58	22
58	0	42	34	28	2
63	47	0	74	7	20
26	11	45	0	69	98
70	96	64	81	0	90
21	73	13	94	51	0
