6  4  1
4
	0	72	1	23	2	14	3	43
	0	39	1	79	2	24	3	73
	0	58	1	58	2	13	3	41
	0	42	1	65	2	25	3	16
	0	71	1	71	2	63	3	42
	0	74	1	54	2	94	3	20
SSD
M0
0	78	31	6	74	87
82	0	20	70	3	88
65	62	0	22	29	64
91	60	13	0	95	62
82	50	23	61	0	41
71	10	6	62	64	0
M1
0	68	32	19	74	90
52	0	89	1	80	59
87	74	0	80	41	9
99	49	37	0	35	16
53	57	91	70	0	63
36	44	52	71	97	0
M2
0	81	5	79	51	26
10	0	16	46	63	44
76	55	0	83	11	8
58	74	14	0	80	58
11	51	2	42	0	36
97	84	70	17	40	0
M3
0	66	57	24	79	39
76	0	83	91	44	11
68	41	0	29	14	59
69	90	68	0	79	9
30	54	75	93	0	2
59	15	65	46	95	0
