10
12 92 91 72 45 15 34 63 14 83 142 18 19
16 71 148 30 90 38 49 86 46 149 97 107 113 66 43 44 54
13 36 81 101 73 11 137 13 123 98 32 2 103 21
19 62 17 3 58 26 141 51 67 121 23 57 105 89 135 119 145 88 115 116
14 48 127 0 16 126 122 134 20 56 108 41 99 124 133
16 129 6 59 147 61 76 95 5 102 7 143 110 22 118 50 64
14 128 25 106 52 33 27 53 10 111 68 8 69 40 77
18 31 87 37 132 79 117 60 93 140 12 75 55 96 139 100 131 9 39
11 85 28 29 146 35 144 84 138 65 78 125
17 120 130 47 74 70 109 42 1 136 104 4 24 114 94 112 80 82

Total makespan: 188

