20
6 11 63 118 57 8 24
7 148 7 138 41 28 144 102
9 45 84 68 81 105 95 114 62 32
7 146 79 99 116 52 113 119
8 40 110 16 77 97 120 80 90
5 108 19 34 15 4
7 10 124 82 46 129 132 5
6 47 103 73 17 117 139
9 149 71 54 51 14 127 121 21 125
8 60 72 12 85 78 142 122 39
9 112 91 31 35 2 56 134 0 88
9 53 74 13 48 83 126 66 29 1
8 145 92 55 59 44 76 98 93
4 58 43 141 27
7 94 87 100 140 136 61 9
7 137 101 42 70 131 104 128
8 67 130 89 75 25 143 133 69
10 111 64 18 3 30 49 38 135 20 86
8 6 23 106 123 26 37 109 107
8 36 115 65 147 22 33 96 50

Total makespan: 123

