20
6 16 106 58 6 56 89
7 85 137 29 87 0 113 17
6 37 128 71 39 28 94
8 22 136 149 25 110 111 32 75
8 101 40 90 132 38 41 48 26
8 34 96 43 14 5 125 8 130
7 60 108 50 121 131 115 114
7 116 117 99 10 42 146 105
6 3 31 45 123 9 148
7 107 74 118 145 82 62 61
8 15 18 72 57 88 103 35 129
7 138 73 91 20 142 79 143
7 144 80 2 13 47 83 7
10 134 86 54 102 55 93 77 12 30 109
8 59 64 124 46 120 49 141 68
7 78 95 100 24 126 23 84
7 19 135 67 81 139 51 63
9 27 133 21 11 52 70 119 69 104
7 1 140 65 4 66 36 44
10 97 98 127 33 112 53 92 122 147 76

Total makespan: 54

