10
15 92 23 1 115 146 28 126 41 140 58 142 84 93 70 11
15 55 24 103 132 77 30 72 32 19 31 108 102 69 74 18
12 44 88 85 82 27 131 54 128 143 116 78 122
13 63 35 136 104 33 111 120 80 4 14 73 87 76
12 65 125 101 37 100 59 46 130 118 8 137 40
18 96 51 66 149 94 67 95 98 145 5 139 89 83 71 38 17 105 99
15 110 91 56 119 112 123 16 106 53 60 7 127 29 47 6
16 57 62 45 13 135 26 133 113 114 49 42 81 52 25 147 2
17 22 109 124 107 134 15 21 86 75 39 10 79 61 12 97 36 48
17 117 0 141 3 144 148 64 34 90 9 43 68 138 129 121 50 20

Total makespan: 253

