25
9 112 103 98 47 24 53 148 80 110
5 78 8 118 37 84
7 28 3 117 132 71 138 134
6 108 120 129 141 74 27
7 147 75 144 2 57 61 143
6 113 119 13 56 104 100
7 20 4 89 14 73 65 115
7 88 7 69 99 106 123 51
4 131 107 79 82
9 41 55 59 40 52 5 85 77 18
6 39 109 29 33 86 16
5 97 94 70 128 126
5 60 12 44 32 125
5 116 31 114 54 63
3 50 6 135
7 66 48 58 142 43 1 127
5 137 26 130 21 36
6 121 45 64 30 76 146
6 145 38 0 46 15 19
6 102 90 87 35 133 23
5 139 62 93 67 11
5 17 111 83 22 68
7 101 72 9 96 122 149 81
6 105 42 140 10 95 136
6 92 124 91 49 25 34

Total makespan: 36

