25
4 11 76 119 93
7 46 58 65 15 125 13 129
7 100 91 148 88 110 145 38
7 107 122 86 42 16 31 106
3 139 30 81
5 142 131 111 95 114
5 61 83 96 63 20
6 14 51 25 80 55 73
7 8 33 10 54 123 124 120
7 1 116 48 101 57 85 28
7 39 104 82 67 50 115 87
7 44 97 75 74 53 127 26
4 60 3 7 52
8 18 121 21 23 36 5 141 19
3 35 24 108
7 40 12 45 147 27 98 92
6 70 94 99 133 77 140
7 105 126 62 137 64 138 32
8 71 132 37 84 4 113 49 43
7 128 78 72 29 117 134 90
7 143 56 6 149 89 68 79
7 59 17 22 118 102 69 103
5 144 109 34 135 41
4 0 136 66 2
5 9 47 146 130 112

Total makespan: 114

