15
13 17 55 13 133 10 18 75 87 145 134 28 100 143
13 86 113 56 22 42 117 24 80 59 52 19 49 90
7 139 70 77 96 20 115 8
12 135 37 25 116 104 81 26 109 91 58 82 44
9 125 34 11 6 62 23 21 103 30
10 114 51 127 131 39 142 130 27 120 40
9 121 7 97 71 9 35 53 136 95
10 74 54 47 149 85 140 66 72 102 16
11 118 33 94 78 128 106 144 141 107 4 101
11 38 29 36 5 76 63 129 119 110 12 60
13 67 15 43 98 112 123 1 93 88 69 65 50 99
9 32 31 132 48 111 89 3 148 92
8 138 124 79 46 126 83 57 41
10 2 45 61 105 73 137 0 147 122 68
5 14 146 108 64 84

Total makespan: 156

