20
6 109 125 14 118 78 103
7 147 38 5 49 4 21 127
9 65 60 121 117 141 54 99 57 3
9 42 77 139 111 24 76 7 23 135
4 84 95 115 0
6 133 83 81 128 116 108
7 143 9 40 51 52 82 69
9 136 63 129 86 43 97 1 101 62
7 87 67 93 71 122 91 112
6 46 29 104 106 72 50
9 89 102 144 15 11 2 26 68 88
8 124 110 25 80 39 142 105 34
7 22 134 98 107 44 33 31
6 10 19 94 18 55 113
7 149 58 35 90 146 85 123
7 79 53 114 32 28 73 126
7 75 27 20 138 41 12 45
8 131 130 36 64 119 56 145 16
13 148 66 137 8 59 140 70 30 120 17 6 37 48
8 47 96 13 61 132 74 100 92

Total makespan: 123

