15
9 127 39 75 80 15 143 50 41 89
11 101 6 82 77 119 46 81 26 34 33 100
8 18 84 3 139 47 30 141 4
12 14 65 131 86 90 109 40 105 85 56 130 102
12 103 121 147 74 63 83 68 135 99 11 132 1
10 71 138 92 111 23 146 140 115 0 45
11 107 60 54 94 25 76 32 125 38 43 12
10 35 69 128 10 70 120 134 62 59 72
10 144 126 21 9 142 44 95 58 118 53
7 52 149 78 148 29 28 17
10 91 64 110 42 112 8 106 13 67 133
8 122 20 97 129 87 57 113 49
9 108 24 145 36 55 88 7 61 96
13 123 19 37 137 79 48 98 2 5 114 51 117 93
10 22 136 116 66 104 124 73 16 27 31

Total makespan: 117

