30
6 57 129 31 76 91 98
6 35 117 95 99 126 114
2 39 142
8 77 90 120 121 62 140 53 107
5 84 111 27 4 149
4 75 46 37 14
4 141 10 105 122
6 36 73 63 139 101 108
5 134 131 16 133 136
6 13 6 7 109 116 12
4 42 130 93 106
4 145 50 81 15
7 56 1 61 147 80 85 28
5 64 87 49 72 21
4 146 89 71 33
4 20 24 94 22
5 51 18 143 125 83
5 25 5 118 104 0
7 41 92 96 9 97 119 74
6 17 60 48 132 79 68
4 19 70 115 40
6 38 23 65 32 86 43
6 47 69 110 88 78 34
3 148 138 124
7 26 55 45 135 103 52 127
4 58 112 29 144
5 137 59 82 66 30
3 8 54 100
3 2 102 11
6 113 3 123 44 67 128

Total makespan: 31

