30
4 29 15 111 114
6 149 49 64 70 68 33
7 101 2 147 92 94 17 32
3 20 116 89
7 0 60 129 40 6 140 79
5 23 139 62 46 31
3 88 141 51
7 146 63 96 42 3 13 37
6 100 82 16 71 113 77
5 84 85 4 22 24
5 138 135 74 25 30
6 76 124 35 73 36 5
6 11 57 125 80 41 1
4 134 10 109 110
3 137 67 118
4 122 136 144 78
3 131 143 8
4 75 52 50 44
5 105 126 115 95 93
4 99 107 97 12
6 121 91 26 87 56 59
5 127 119 19 38 34
6 66 130 132 72 108 142
3 112 86 7
5 27 123 81 148 18
5 47 133 43 14 61
5 90 21 83 65 58
7 103 102 28 54 120 145 69
5 128 9 48 45 104
6 117 106 55 53 98 39

Total makespan: 33

