30
5 133 101 69 58 95
4 124 10 120 51
7 24 147 13 91 80 14 136
4 29 122 18 141
4 79 96 11 39
3 32 0 99
4 116 111 36 17
6 8 26 47 41 82 25
5 83 84 115 145 37
3 20 144 113
4 68 127 140 31
4 87 53 42 102
7 4 104 89 149 65 59 73
6 49 56 72 16 1 114
7 66 100 12 106 30 21 103
4 78 71 85 45
4 2 128 130 110
6 77 22 107 23 148 118
4 117 119 137 109
4 40 28 135 46
6 139 57 64 7 94 38
7 112 129 35 9 132 90 63
5 126 27 50 19 60
6 3 131 98 86 6 88
6 52 143 121 105 92 97
4 138 44 74 146
5 34 142 15 5 33
5 55 67 75 48 76
5 43 81 108 70 134
6 125 62 93 54 123 61

Total makespan: 90

