10
17 135 32 126 7 2 123 24 149 33 129 79 144 136 28 41 142 66
9 108 59 125 93 37 111 26 138 35
17 112 53 73 109 14 127 75 51 20 47 83 94 131 70 30 89 6
14 67 130 16 92 42 124 0 77 23 132 72 45 104 117
17 18 80 19 121 95 87 54 147 58 22 74 62 140 55 118 63 11
14 21 133 122 145 29 141 64 103 102 50 25 5 76 13
18 15 101 88 46 137 60 39 65 48 31 69 86 99 52 85 134 56 110
13 8 113 116 128 71 10 57 98 84 91 106 3 78
17 44 68 139 12 119 148 115 4 43 17 49 120 40 100 1 96 90
14 107 27 146 38 82 61 81 9 34 97 114 143 36 105

Total makespan: 268

