30
3 134 65 145
5 23 6 102 63 20
6 22 45 5 52 143 50
6 12 137 62 88 46 34
5 54 131 144 14 114
4 15 118 75 16
6 112 97 99 8 110 117
7 96 133 35 126 31 77 61
7 79 4 125 55 84 100 71
6 146 28 142 78 24 60
4 80 86 19 27
3 105 107 30
3 93 72 87
4 13 39 68 9
4 116 3 10 123
3 90 11 74
5 1 111 108 40 140
6 56 119 104 149 18 82
5 101 124 29 94 127
5 83 41 76 81 36
6 89 92 106 113 44 43
5 69 49 17 98 141
2 147 64
6 67 132 70 59 37 95
6 136 135 26 129 121 66
8 148 7 0 122 33 109 25 53
4 2 38 57 91
6 120 51 47 130 73 42
5 115 21 32 85 103
5 139 58 48 138 128

Total makespan: 33

