10
14 76 5 75 68 42 96 79 138 66 123 95 88 60 29
17 106 32 8 70 25 94 24 4 129 1 146 143 0 147 43 124 64
15 82 122 27 20 73 40 72 111 139 141 93 30 78 140 54
13 119 21 114 98 35 104 112 136 59 89 11 85 34
11 84 7 6 149 103 61 148 47 50 80 121
19 130 48 97 14 26 9 23 118 87 74 33 91 18 125 145 13 69 2 52
16 37 12 92 63 142 46 115 65 39 128 45 131 116 132 109 49
17 120 117 86 16 99 67 77 113 108 41 135 53 144 133 71 36 105
12 62 51 102 90 22 17 107 3 101 83 134 110
16 10 15 44 19 100 127 57 137 38 55 81 58 28 56 126 31

Total makespan: 176

