15
15 71 43 146 31 132 17 25 102 22 135 0 130 69 41 142
10 58 51 101 139 34 29 52 94 149 97
5 63 121 90 27 68
11 38 87 12 82 144 24 20 86 36 83 110
7 42 131 136 62 141 127 37
9 15 3 118 74 61 115 116 39 19
10 100 55 84 59 137 4 145 113 91 40
11 111 33 108 67 129 81 96 65 140 126 13
12 103 26 60 79 18 147 57 16 8 138 56 148
10 46 48 80 106 92 6 47 114 21 50
11 93 70 14 123 77 107 44 89 88 35 117
9 28 104 120 54 133 5 109 75 11
8 105 98 143 45 119 30 73 10
11 85 112 66 7 76 134 2 99 23 95 9
11 1 125 124 78 49 64 122 128 72 53 32

Total makespan: 87

