30
5 129 28 65 96 154
8 189 183 14 194 163 82 53 62
11 157 3 126 93 141 152 37 97 45 186 108
4 71 90 188 184
4 165 171 100 9
8 144 43 153 133 121 91 132 94
6 122 92 187 169 55 38
6 139 34 33 47 178 66
5 167 197 60 115 79
6 7 16 172 160 88 25
6 199 48 143 26 57 24
6 69 73 118 89 103 120
6 64 193 4 11 74 29
6 124 109 161 181 87 19
8 175 198 135 75 68 76 190 149
5 31 10 174 113 107
6 136 101 150 114 137 41
6 99 49 98 192 30 58
7 77 5 176 78 155 158 110
13 138 1 146 32 85 191 95 151 12 128 52 50 130
7 180 125 59 140 173 179 46
6 131 112 156 61 164 159
7 44 21 162 40 83 105 177
7 63 13 15 54 20 106 185
6 51 22 27 18 104 8
10 23 67 80 117 70 119 0 56 116 6
8 196 102 147 2 182 127 170 36
4 145 39 86 142
6 42 134 148 168 35 123
7 195 81 166 84 17 72 111

Total makespan: 116

