25
9 140 120 41 182 24 172 72 124 92
11 14 90 189 9 50 158 94 63 176 59 28
8 132 54 95 127 8 145 180 155
9 175 133 177 22 74 111 138 157 187
9 160 181 151 98 67 93 68 29 46
8 102 42 122 115 2 26 52 110
11 23 125 82 51 91 6 167 85 196 149 147
7 137 58 154 20 73 101 45
7 53 184 62 77 39 193 165
9 104 116 11 146 174 109 179 186 130
8 86 150 47 88 139 65 108 71
5 118 33 135 194 78
9 191 152 97 153 34 4 170 100 40
8 83 103 35 16 0 25 70 96
10 168 87 159 185 80 31 190 199 162 129
7 121 114 69 84 48 15 19
5 171 37 106 148 166
8 141 128 123 27 44 198 1 188
7 89 131 32 142 56 49 66
8 36 75 79 164 163 13 55 60
5 99 57 112 3 136
8 134 21 173 197 195 81 5 144
5 18 169 183 10 161
10 30 105 64 107 156 178 143 7 119 43
9 61 113 192 76 12 117 17 126 38

Total makespan: 152

