20
11 73 102 174 67 21 173 54 84 47 87 147
10 103 134 139 185 140 158 191 51 133 149
10 143 108 63 39 34 120 136 146 124 61
8 145 86 154 128 35 196 37 127
9 24 7 176 95 141 48 159 167 76
12 94 186 55 169 11 162 97 105 168 56 92 19
12 151 32 155 93 182 116 12 23 111 91 42 41
10 43 62 117 81 194 30 188 75 57 9
10 101 137 16 10 3 77 148 49 88 156
12 199 163 66 175 27 65 119 74 107 104 181 58
10 13 40 189 20 192 36 78 142 178 59
8 89 90 164 112 153 60 109 85
10 17 131 100 180 152 157 82 70 8 121
10 190 5 38 29 183 114 72 2 166 110
11 150 165 68 118 179 115 125 132 18 197 1
9 138 126 44 0 14 79 144 106 26
11 99 96 160 170 184 83 129 52 123 80 195
5 71 15 193 69 161
13 122 135 98 46 64 33 31 172 45 28 53 50 187
9 198 177 25 130 171 4 113 22 6

Total makespan: 164

