20
13 191 42 171 135 146 105 27 172 186 150 51 151 163
10 180 17 111 124 92 10 184 189 142 73
9 174 25 169 96 94 154 156 30 91
13 187 137 65 80 97 190 9 86 64 29 36 7 195
10 193 90 197 131 16 93 31 103 155 140
12 26 133 129 66 52 109 161 70 20 188 101 45
11 158 54 22 71 59 100 2 0 76 88 74
10 108 166 192 112 165 159 115 43 99 11
9 119 175 8 18 152 12 38 122 46
8 47 107 164 85 37 34 134 40
12 120 125 44 160 63 5 81 149 58 28 33 168
10 153 79 49 23 4 106 139 116 178 176
8 53 183 75 1 127 95 77 110
7 69 128 170 89 21 141 162
12 61 60 67 84 24 182 199 194 173 14 117 55
9 35 68 157 32 56 48 181 123 136
8 72 130 143 102 13 104 148 15
9 138 118 196 147 87 121 83 132 145
10 144 19 78 177 179 198 113 41 114 3
10 185 167 98 57 50 82 39 6 126 62

Total makespan: 104

