25
8 64 164 174 132 196 130 145 116
9 55 142 21 172 12 1 11 80 17
8 72 36 42 150 90 154 93 41
10 183 138 161 114 62 6 16 124 31 121
7 18 186 199 128 160 49 168
6 23 54 195 163 45 71
11 10 78 32 190 2 193 99 105 86 175 48
10 106 177 82 179 167 100 166 74 188 46
6 137 29 68 3 15 84
10 109 61 98 197 60 66 181 52 58 35
8 165 120 47 27 92 169 173 126
7 157 87 144 75 133 141 81
7 95 63 79 182 159 91 156
6 20 146 69 178 151 152
8 85 67 139 129 147 88 153 119
10 4 103 155 26 110 170 56 189 148 104
7 9 127 33 184 59 89 113
8 171 115 5 143 94 108 97 117
8 131 125 192 83 70 14 112 122
7 136 39 96 7 135 134 176
11 123 76 185 22 43 38 194 158 77 101 111
7 118 149 107 13 28 50 34
5 25 162 180 40 44
9 24 198 102 187 37 0 191 8 53
7 19 51 57 65 140 30 73

Total makespan: 48

