10
16 169 10 128 72 111 194 18 90 162 102 130 126 108 3 85 29
25 40 74 63 60 47 163 100 7 48 189 186 16 131 95 51 182 133 114 177 112 172 135 52 198 143
23 69 39 148 87 70 82 0 71 86 68 170 76 178 113 142 180 110 134 54 5 55 175 31
17 187 164 30 166 91 89 118 160 139 62 136 185 14 46 168 116 165
20 17 49 109 121 36 140 67 179 101 19 56 94 97 8 123 144 81 93 105 153
19 28 156 44 65 196 119 107 24 104 190 23 151 45 88 195 188 183 9 137
19 12 122 20 99 157 64 13 154 77 92 25 61 127 125 145 84 192 43 147
16 191 106 42 32 146 50 11 173 34 199 21 159 167 197 66 120
25 1 152 171 80 79 83 184 132 124 35 96 57 37 149 59 161 2 75 138 174 6 103 98 33 22
20 141 115 78 117 181 193 15 73 150 176 26 155 41 53 38 129 27 158 58 4

Total makespan: 297

