25
8 106 31 94 9 70 63 184 7
7 199 51 61 105 64 174 19
8 122 120 91 81 189 129 58 69
4 187 25 101 44
8 182 114 23 11 67 180 20 1
8 16 90 102 131 172 82 41 152
9 55 43 196 138 71 163 150 80 195
12 121 193 65 27 176 185 188 130 75 125 37 54
8 162 108 128 168 39 8 119 22
8 93 113 88 4 159 89 181 133
11 0 76 145 66 165 98 142 10 77 56 26
9 169 73 179 24 5 192 47 46 147
9 154 171 115 96 34 15 72 86 183
6 95 3 97 112 143 190
7 198 21 117 170 28 50 151
9 144 173 124 197 139 92 136 111 99
8 29 175 123 6 146 14 74 62
8 148 45 52 132 53 60 13 134
7 140 178 161 118 126 57 107
8 35 153 141 137 177 156 33 87
5 155 167 191 186 149
8 135 166 17 160 78 100 116 85
9 109 12 164 36 48 110 40 157 158
6 2 127 194 103 30 84
10 104 42 49 38 79 59 32 68 83 18

Total makespan: 47

