30
4 160 95 62 156
5 157 177 31 129 192
9 186 145 92 104 73 4 51 114 134
4 154 12 0 195
7 66 158 57 22 90 15 126
4 24 53 119 93
6 41 170 120 38 173 178
5 39 14 91 45 83
6 141 143 125 108 102 23
6 151 98 197 29 163 198
10 132 35 97 79 116 188 103 152 161 67
3 75 193 190
5 88 135 30 194 191
5 20 100 59 110 61
7 107 37 189 3 13 122 63
7 44 105 175 82 16 148 2
11 50 117 27 168 78 176 64 140 131 185 19
10 130 26 180 169 123 48 54 71 80 65
8 184 113 68 25 11 8 46 33
10 182 42 124 199 196 101 166 74 1 5
8 17 87 142 162 106 149 85 28
4 179 96 69 70
6 99 127 144 187 94 55
7 164 36 167 147 118 112 138
6 181 72 32 133 52 139
6 153 172 10 109 89 81
6 111 115 49 121 183 40
8 47 174 165 146 60 77 171 21
9 159 128 7 9 18 6 58 155 76
8 43 136 84 137 150 86 34 56

Total makespan: 75

