15
16 178 66 132 112 182 0 192 21 195 156 85 139 174 46 33 130
10 142 148 162 31 76 99 124 105 119 54
12 45 186 94 30 166 113 121 190 136 157 177 104
13 5 164 198 172 53 4 9 48 155 47 154 96 17
13 37 97 41 91 58 135 78 56 43 146 129 111 115
11 173 57 110 50 196 8 147 61 117 103 125
11 74 140 60 118 145 93 34 92 24 150 32
16 65 127 11 29 158 193 70 79 163 199 75 185 180 153 59 126
15 19 168 3 68 80 15 84 176 123 161 51 69 14 82 128
15 102 13 152 6 167 131 160 1 133 44 181 62 144 40 107
12 116 188 81 100 83 189 143 55 10 7 49 159
14 28 109 175 149 71 108 88 18 170 151 25 26 73 67
16 141 184 191 101 39 194 12 27 171 169 64 20 35 120 134 106
15 89 90 114 122 138 38 42 98 36 23 2 52 187 137 63
11 16 95 179 87 22 86 183 165 197 72 77

Total makespan: 121

