30
8 180 21 10 175 48 152 104 41
7 69 49 116 126 3 8 156
6 140 89 171 172 133 106
7 155 190 9 167 148 95 151
9 142 36 53 187 177 98 93 102 81
4 122 19 169 32
5 184 161 0 127 141
8 134 60 170 119 193 99 145 136
7 37 138 123 11 88 46 85
6 125 107 45 112 144 2
9 14 195 84 132 135 39 150 20 79
8 181 52 78 160 101 94 115 65
6 30 6 143 165 47 194
6 22 59 15 164 174 44
8 146 158 188 153 114 34 157 120
7 168 90 186 196 87 56 61
7 33 16 147 66 50 103 29
7 51 75 108 72 71 23 26
6 74 24 173 38 129 27
9 118 63 54 97 68 57 35 189 109
7 176 82 192 43 124 73 149
3 117 86 113
5 12 197 58 4 64
9 77 83 13 163 55 154 40 17 131
8 67 121 111 139 91 162 185 7
5 166 80 70 62 25
6 199 31 28 182 137 198
7 1 5 179 76 178 42 159
5 130 128 92 18 96
5 183 191 110 105 100

Total makespan: 37

