15
14 129 176 3 98 28 68 36 106 110 86 66 102 30 76
12 9 14 50 182 46 116 61 127 20 144 88 159
14 62 10 54 189 154 74 119 1 136 113 78 26 92 11
12 21 12 111 128 32 147 142 165 48 4 94 35
14 90 198 25 131 72 161 196 191 39 135 91 81 148 83
17 71 186 173 188 23 7 180 24 42 58 193 99 96 87 56 18 108
12 194 38 137 199 185 168 175 133 139 107 118 15
14 75 177 174 6 184 27 97 169 29 163 105 73 172 164
14 85 16 59 181 45 52 167 158 33 49 155 47 67 82
18 166 89 112 101 5 103 150 117 13 190 138 84 152 17 57 40 123 115
12 55 8 31 93 70 171 69 132 104 51 187 109
13 0 44 141 2 170 140 19 95 146 77 120 114 192
10 121 162 41 53 143 60 149 153 160 183
14 130 80 179 134 197 156 157 63 65 145 64 37 22 79
10 126 195 100 125 43 124 178 122 34 151

Total makespan: 151

