30
8 175 119 197 38 9 18 63 110
6 178 41 55 133 143 27
10 50 193 3 184 19 36 48 120 43 134
7 118 52 137 95 191 76 58
5 12 199 135 68 20
8 61 102 130 198 54 145 149 124
7 24 23 148 138 10 7 89
4 17 94 35 87
7 66 25 67 121 37 126 152
7 169 44 161 114 60 106 128
11 116 154 170 156 140 132 112 182 47 53 159
8 14 173 98 62 189 160 142 155
5 111 16 187 166 164
7 72 165 113 21 71 8 151
6 158 96 93 176 28 101
5 91 183 86 122 11
7 30 1 80 46 125 59 39
4 104 139 29 108
9 144 88 40 69 32 105 168 2 92
5 188 190 196 33 26
5 79 129 127 49 99
6 4 70 174 179 22 6
6 131 57 81 15 147 103
6 162 97 74 45 146 180
7 157 163 5 181 195 51 171
9 83 42 109 90 13 167 115 56 194
6 64 153 31 82 0 136
6 85 73 75 34 186 100
6 117 172 77 150 185 123
7 107 177 78 65 84 141 192

Total makespan: 120

