25
8 190 120 89 119 154 158 149 141
9 5 64 73 184 168 39 35 1 54
7 104 134 29 55 11 12 43
9 198 126 28 122 131 179 86 27 145
8 181 32 7 0 56 84 9 166
7 186 57 130 91 138 169 195
9 41 38 118 30 196 4 58 52 77
10 16 180 19 113 8 142 99 102 148 22
10 192 191 129 74 175 114 97 117 110 15
6 171 185 78 178 21 75
8 62 140 157 96 164 36 100 88
7 101 109 132 106 70 46 61
6 162 48 79 146 124 45
8 108 44 68 144 66 197 60 173
7 93 95 143 153 163 187 182
9 20 37 23 83 156 6 81 170 85
8 87 92 13 176 112 65 82 2
12 10 188 135 26 33 80 147 115 165 172 67 71
7 17 42 94 53 161 50 49
4 47 189 34 25
10 139 18 194 150 111 160 72 128 199 125
9 98 136 107 103 133 152 24 183 63
9 76 51 69 193 14 121 90 159 59
7 177 151 105 127 40 3 123
6 167 31 174 116 155 137

Total makespan: 138

