20
10 134 65 160 133 143 112 110 41 128 9
10 17 182 148 62 191 60 189 196 123 8
12 197 11 167 19 27 34 161 113 181 185 12 144
10 179 91 71 77 100 175 117 162 165 103
10 64 31 63 156 97 30 66 153 169 104
10 163 166 45 75 54 74 44 16 40 99
8 180 127 136 29 69 51 93 26
11 18 101 108 67 116 147 95 52 187 159 57
8 13 155 68 20 137 150 7 132
12 89 164 14 152 122 158 23 73 53 25 131 50
8 130 177 107 6 120 4 193 145
11 102 92 84 96 24 61 109 87 119 85 106
11 32 43 199 198 1 188 171 82 125 139 36
10 80 121 184 35 192 114 38 70 176 59
10 83 56 174 15 88 168 94 0 49 28
11 37 118 72 33 157 5 2 141 21 115 79
10 47 3 154 126 170 98 48 173 194 42
8 151 190 105 140 138 178 55 146
7 111 149 172 78 81 86 186
13 135 46 195 58 90 129 10 183 76 142 39 124 22

Total makespan: 68

