10
18 56 63 75 141 161 172 178 125 145 0 152 83 173 188 9 2 55 189
17 120 158 111 142 52 185 128 131 59 146 1 89 82 132 114 109 150
23 157 116 14 24 165 180 192 96 197 195 99 126 194 15 27 51 50 39 139 107 115 88 121
21 74 6 100 42 80 86 44 147 174 135 37 153 67 140 18 71 90 129 21 78 186
18 7 122 48 190 149 170 94 5 23 130 183 181 123 104 119 43 33 155
20 98 84 8 187 11 53 136 17 102 64 87 182 58 110 16 162 3 175 31 69
22 26 196 177 57 106 97 61 79 124 105 112 4 163 91 184 138 92 113 171 19 34 65
23 137 60 127 164 25 30 148 13 169 32 193 191 134 29 28 41 49 95 73 199 68 154 38
15 36 77 103 108 143 85 151 156 168 70 12 72 167 45 47
23 101 179 10 198 93 117 176 133 35 62 159 40 81 76 22 118 46 160 54 166 144 66 20

Total makespan: 308

