15
13 100 114 7 52 191 65 120 95 188 105 72 43 198
15 159 24 88 137 194 112 75 192 144 3 83 17 106 145 79
11 41 12 117 157 23 170 9 40 178 124 54
13 122 136 59 182 158 138 130 109 123 68 66 32 185
8 48 99 174 101 45 148 18 113
19 96 161 93 115 16 15 21 34 193 131 142 154 10 69 53 86 196 85 190
14 104 29 143 70 160 116 27 19 175 4 189 74 55 31
15 162 0 20 73 183 151 67 57 91 177 46 139 62 125 166
14 181 187 197 94 76 35 92 126 118 173 103 150 78 14
15 50 140 132 56 28 107 134 184 8 38 81 156 165 47 89
10 37 60 49 169 87 127 133 155 26 98
15 121 58 80 39 11 13 195 186 135 168 176 36 146 129 141
17 167 102 164 108 128 64 110 77 82 97 171 71 152 22 5 90 147
10 180 63 172 179 30 2 163 199 44 84
11 149 111 1 51 61 42 33 119 6 153 25

Total makespan: 135

