30
5 22 73 196 0 156
7 17 179 66 171 139 194 131
8 104 77 7 48 58 71 5 20
7 40 174 14 111 6 86 83
6 35 183 51 46 103 74
7 110 101 116 65 182 88 24
6 59 70 63 90 31 159
7 4 189 134 12 123 152 136
10 173 16 47 95 69 185 107 175 68 145
6 94 161 186 27 130 29
6 148 109 91 25 62 187
4 154 165 163 9
10 30 41 89 52 129 18 114 60 99 169
8 138 53 190 2 140 21 3 146
7 102 160 36 113 108 93 176
7 39 112 137 132 120 115 133
4 82 141 28 44
8 56 125 13 11 178 23 199 195
5 100 184 61 191 119
5 153 37 151 149 167
8 50 45 49 42 127 147 78 80
7 198 122 72 97 150 121 197
7 26 81 155 84 55 105 75
10 177 34 118 117 144 135 8 170 15 143
5 67 38 164 79 85
7 126 57 64 181 192 76 128
5 87 172 43 54 168
6 19 193 124 98 96 188
4 106 1 158 142
8 10 32 162 180 166 33 157 92

Total makespan: 111

