10
17 61 113 37 13 199 54 79 33 83 126 167 20 140 147 55 119 177
25 44 110 29 139 161 104 174 193 2 0 143 106 25 8 67 189 150 64 96 198 175 56 117 120 151
22 11 24 169 88 14 94 115 90 15 77 75 70 97 191 47 116 183 112 35 187 125 196
15 53 34 58 49 45 73 10 159 145 39 21 65 40 69 80
23 32 158 124 155 190 82 22 6 144 122 103 181 179 130 26 101 59 102 16 149 27 146 160
14 138 123 186 164 162 36 18 30 131 86 184 148 23 43
19 92 50 74 134 93 170 89 12 51 172 176 168 42 62 105 87 173 121 141
20 180 63 95 185 84 17 108 66 31 85 98 68 182 118 128 133 71 137 136 171
22 3 152 57 48 194 114 156 81 107 127 197 165 195 129 78 38 99 5 19 46 178 154
23 4 166 52 9 1 109 153 28 7 100 163 157 132 76 72 60 142 188 135 111 192 91 41

Total makespan: 294

