30
8 188 112 25 15 149 146 57 160
4 95 187 155 151
7 51 34 39 16 191 136 192
7 97 190 167 126 119 60 22
8 101 127 62 179 122 20 193 1
5 94 21 11 92 130
6 86 87 28 141 36 35
5 12 38 55 144 58
4 176 29 80 195
8 14 42 135 59 138 114 124 93
5 64 98 46 199 154
5 181 0 162 89 134
10 128 13 159 129 175 30 164 165 73 198
8 70 140 171 133 139 131 186 77
5 156 118 178 194 44
8 66 132 7 152 49 145 184 53
9 45 177 174 110 48 91 85 52 3
7 117 24 31 99 17 109 81
5 78 111 2 150 76
8 108 5 120 163 90 104 172 143
4 6 158 170 121
6 173 103 10 65 183 197
4 137 169 83 19
8 37 47 79 32 50 116 182 72
8 54 67 161 157 63 196 106 115
8 33 180 105 82 189 88 185 148
6 123 61 9 147 71 41
9 40 153 102 168 8 23 113 4 84
8 27 68 74 18 43 166 69 56
7 75 142 100 96 26 107 125

Total makespan: 132

