25
6 168 181 198 138 150 73
7 100 139 136 170 172 146 99
8 26 162 177 153 66 120 143 86
8 91 118 141 113 65 46 133 119
9 169 50 165 192 164 148 142 12 90
8 25 81 37 67 175 112 60 182
8 49 63 79 117 22 2 104 17
10 9 140 82 7 38 115 102 129 188 121
11 80 158 42 185 78 184 56 97 16 35 151
9 76 174 20 44 14 61 160 33 88
6 173 98 128 107 71 43
4 77 8 13 189
11 167 193 106 163 144 191 114 68 4 6 19
9 62 127 89 58 95 131 74 84 110
7 149 27 10 196 28 180 145
10 195 47 57 166 103 122 1 59 5 15
9 199 134 159 94 155 92 105 109 48
10 30 85 186 93 176 72 70 156 126 52
6 137 69 55 194 171 41
7 0 178 130 187 147 87 29
6 152 64 190 11 116 40
6 18 132 31 34 154 179
7 183 45 101 157 96 32 108
7 83 21 53 51 125 161 111
11 197 75 124 123 24 39 23 3 36 54 135

Total makespan: 51

