30
8 227 238 94 194 37 133 99 116
8 224 199 144 28 6 185 105 241
9 248 108 26 59 81 195 201 212 52
6 0 2 38 156 151 187
9 233 236 154 140 22 77 139 129 120
10 203 183 75 92 104 152 8 198 205 49
8 157 145 101 225 174 35 40 166
6 215 12 207 66 44 32
9 60 29 4 153 155 48 189 93 63
10 61 89 111 219 169 56 13 167 188 135
9 231 130 214 197 30 246 237 50 208
8 244 121 143 55 67 98 95 232
6 112 21 211 147 218 243
10 57 235 125 126 10 54 202 119 1 141
9 178 47 165 175 100 11 114 146 51
9 82 234 138 209 123 206 76 150 109
9 43 106 159 46 25 39 110 148 80
7 137 17 27 69 149 3 217
9 84 192 242 118 79 20 122 53 16
9 42 196 220 216 180 7 58 132 15
11 83 97 72 249 91 18 163 74 70 87 142
5 5 161 200 160 23
9 171 88 9 134 128 186 73 221 193
9 124 103 68 14 223 45 191 179 41
8 229 213 190 107 164 240 34 31
6 62 136 173 170 177 162
8 113 226 96 204 102 168 184 230
9 86 247 19 158 131 90 36 127 228
6 176 24 222 245 85 210
11 172 65 117 78 71 182 33 115 64 239 181

Total makespan: 51

