10
23 125 50 15 88 60 81 2 211 175 71 89 205 122 65 95 25 154 195 123 190 113 146 184
29 245 189 21 61 174 36 76 11 230 213 248 8 78 5 115 132 38 156 64 130 23 97 165 200 94 186 75 28 167
23 178 26 199 59 37 241 161 225 235 172 220 29 243 118 3 228 66 32 74 0 69 198 185
29 232 135 34 53 33 80 177 196 212 160 238 19 99 171 129 143 67 155 6 105 142 144 249 10 210 47 13 103 41
25 193 206 100 209 244 188 84 83 204 187 45 150 227 110 62 52 39 127 27 48 90 145 56 98 233
19 86 247 153 120 182 12 106 173 112 92 121 16 114 79 159 147 93 1 163
27 207 116 236 246 194 51 87 164 55 14 111 57 17 73 70 140 201 134 151 191 240 203 221 168 58 229 119
27 44 128 46 215 158 108 222 183 223 136 216 42 91 104 20 77 49 139 4 117 162 234 63 85 30 138 242
22 231 179 169 72 82 35 166 202 40 43 226 126 218 152 176 214 157 192 109 22 9 149
26 54 131 101 181 148 107 180 197 170 124 224 141 31 7 208 24 217 239 237 18 102 68 133 219 96 137

Total makespan: 382

