15
19 135 103 49 203 181 217 59 232 234 13 185 131 199 229 202 20 35 220 242
14 177 209 23 222 215 93 116 235 175 1 224 48 87 97
18 166 111 130 52 218 214 91 28 24 3 113 73 205 90 226 195 104 26
14 129 83 36 186 247 241 15 9 41 7 39 128 182 2
23 213 45 142 92 143 160 100 72 245 50 89 156 231 114 123 40 204 82 198 240 63 95 152
17 138 77 42 62 84 8 167 53 51 201 127 55 118 151 137 57 147
18 154 188 133 163 243 228 79 122 193 61 189 169 248 164 126 37 4 67
15 207 216 176 225 30 60 172 159 102 136 11 16 206 98 33
19 46 119 210 162 120 6 96 212 246 25 70 173 174 80 34 68 85 230 109
21 179 71 180 155 178 125 149 221 47 192 161 21 14 81 121 237 106 18 244 12 44
14 64 249 187 43 101 105 194 170 99 66 146 183 158 140
13 76 144 139 32 239 191 27 236 197 211 88 110 0
18 22 227 171 54 233 190 117 124 5 148 58 184 134 17 29 115 238 196
15 107 65 94 168 108 38 153 10 165 74 132 78 200 19 141
12 157 86 145 112 56 69 208 31 223 150 219 75

Total makespan: 137

