10
25 95 209 179 50 211 14 71 59 155 125 33 113 39 136 6 107 38 66 168 185 203 15 197 40 235
23 91 189 201 174 85 79 101 114 213 178 120 129 230 119 208 63 4 181 163 37 56 43 135
27 139 212 239 106 137 128 243 12 115 28 87 166 226 151 72 217 22 62 5 92 80 183 140 84 42 158 58
22 202 111 100 83 195 246 175 109 214 90 240 233 186 249 2 237 61 31 223 10 221 164
23 218 77 47 220 141 99 216 244 227 177 247 224 98 153 165 192 205 149 75 19 118 25 41
27 27 123 236 238 16 105 138 110 11 76 232 1 108 191 134 116 225 145 30 198 9 0 82 60 54 93 144
22 7 207 148 24 245 215 18 104 68 173 190 103 146 204 52 127 23 219 89 44 94 161
28 176 143 96 36 8 187 73 21 180 228 117 81 193 32 133 152 182 17 169 147 35 222 172 199 159 97 53 69
26 86 46 49 57 124 150 34 154 29 13 156 188 242 67 194 132 74 102 3 70 78 112 231 210 160 20
27 122 241 200 55 167 142 196 184 170 88 131 157 162 234 65 26 121 64 126 229 171 48 51 45 248 130 206

Total makespan: 264

