20
13 236 102 190 65 235 117 202 28 172 224 185 170 66
10 162 201 152 93 212 43 101 147 222 110
13 200 21 29 46 73 127 175 61 221 57 180 109 49
12 149 213 178 154 112 238 176 203 96 52 105 138
11 3 87 0 164 209 239 47 163 151 183 196
12 198 37 215 230 98 74 133 160 123 120 246 167
12 146 116 86 121 60 56 91 247 197 158 191 192
11 106 41 18 181 95 62 184 189 159 24 169
14 89 40 6 135 132 59 33 174 107 42 126 157 90 166
12 145 243 22 182 245 78 206 229 63 219 81 100
13 80 5 30 240 210 242 50 214 188 150 130 177 156
12 124 76 195 216 67 205 114 187 139 227 113 118
11 155 4 92 16 69 226 228 218 225 161 134
15 237 241 82 186 23 115 25 211 104 64 31 20 77 233 103
12 111 194 68 85 7 249 83 137 223 45 129 94
15 72 53 35 99 108 75 140 119 244 79 136 32 36 2 165
13 9 39 97 141 15 19 1 34 179 55 26 128 199
13 13 171 232 11 207 217 220 248 27 88 48 153 70
14 10 142 51 173 204 58 131 84 143 234 71 148 44 12
12 8 17 144 168 122 125 208 231 193 38 14 54

Total makespan: 142

