30
8 111 222 41 37 161 86 237 209
10 48 61 5 178 206 233 189 174 172 106
8 153 134 211 240 82 204 148 158
6 78 95 27 135 121 181
11 125 169 18 221 235 196 104 47 218 91 184
8 247 245 60 152 102 0 38 242
10 58 140 120 193 122 243 97 101 9 159
8 68 231 13 166 164 20 226 15
8 35 217 43 25 114 207 163 239
6 182 55 137 227 64 133
9 54 4 71 99 248 126 224 108 96
10 84 130 124 244 199 202 34 241 98 85
7 26 162 175 187 246 75 62
9 127 201 215 176 77 144 100 39 117
6 10 216 197 69 210 129
12 1 170 213 118 214 228 11 136 116 139 191 33
8 156 150 92 190 30 31 24 234
8 225 147 83 143 232 109 79 29
7 132 192 74 94 113 12 21
10 229 107 81 188 160 105 17 220 110 80
8 89 249 103 70 179 177 203 167
10 115 219 53 146 23 56 66 123 32 195
5 119 186 49 36 173
8 8 93 22 205 223 73 87 165
6 57 131 51 42 128 50
11 72 142 171 200 138 194 46 59 168 141 2
6 212 28 238 67 198 45
9 155 151 88 180 65 6 76 63 16
8 230 14 40 112 208 149 7 183
10 145 44 157 236 3 19 185 90 154 52

Total makespan: 51

