30
9 4 85 19 236 20 12 203 149 15
6 64 23 184 117 78 179
7 188 42 242 157 38 170 79
8 17 39 216 193 240 49 182 100
10 180 186 169 243 94 189 44 160 227 98
8 121 234 73 52 130 8 145 34
9 166 211 221 77 249 2 50 163 132
10 54 174 225 158 116 204 41 244 108 192
8 150 83 6 194 118 206 140 248
12 201 120 59 181 90 84 212 131 1 175 128 67
5 112 156 159 81 80
7 199 30 237 22 245 209 101
5 55 0 103 126 57
9 13 62 21 136 213 138 232 155 231
10 178 246 137 60 11 110 190 51 97 129
9 176 143 142 229 43 69 102 139 105
4 3 113 123 48
8 239 82 191 151 153 214 154 172
8 87 32 185 70 35 106 235 99
8 75 215 37 171 230 197 152 217
6 95 122 76 226 61 114
9 26 218 133 223 18 127 167 66 91
8 33 45 164 148 220 96 56 135
14 92 88 125 187 104 7 147 208 210 200 71 173 86 107
11 207 27 65 89 46 14 47 72 219 205 9
5 198 202 196 119 233
7 5 165 24 177 68 111 63
12 53 93 109 29 238 183 40 161 36 144 247 16
10 74 146 31 134 222 124 141 168 162 195
8 228 25 241 224 58 10 28 115

Total makespan: 131

