25
10 64 247 176 115 192 13 88 19 178 12
10 27 97 111 65 160 114 41 162 185 18
9 62 156 51 218 152 154 164 6 194
12 151 86 15 116 214 61 16 221 157 77 2 204
11 196 5 90 141 231 200 163 186 142 100 126
11 191 183 147 220 232 70 25 54 213 120 148
10 243 132 43 155 180 222 199 239 67 105
11 94 69 165 174 228 179 169 138 22 66 44
11 118 171 38 184 21 84 47 106 166 215 227
11 0 236 224 216 233 153 74 75 198 48 78
10 135 35 136 95 129 122 39 139 131 149
13 34 10 20 33 57 83 188 23 71 241 17 99 208
8 26 52 92 134 117 248 82 9
10 145 32 170 4 150 104 119 205 42 172
10 187 79 93 235 112 96 98 144 203 159
10 49 210 72 29 242 40 245 55 182 211
9 217 168 80 60 50 124 175 110 31
7 91 207 127 158 3 109 11
8 58 53 59 108 128 8 123 89
11 56 63 85 143 73 121 190 14 103 173 81
7 36 1 223 7 197 219 206
8 133 37 125 246 28 193 161 177
10 212 102 249 201 237 137 230 101 107 113
11 87 181 238 68 229 189 195 209 167 130 46
12 244 226 234 202 146 76 24 140 30 225 240 45

Total makespan: 148

