20
12 130 206 98 34 154 29 227 223 159 137 52 132
10 187 56 134 203 113 86 35 18 31 19
15 124 138 202 60 129 97 119 192 50 118 69 33 64 179 167
14 213 183 135 193 45 71 249 181 163 122 2 164 74 89
12 22 107 147 219 65 225 162 222 140 215 20 160
13 87 110 78 145 28 23 26 184 30 114 208 209 239
15 39 174 201 205 46 21 125 131 62 194 180 173 12 139 200
12 80 177 126 111 13 246 8 37 176 188 207 212
9 77 48 73 214 186 25 66 242 248
8 63 211 103 230 243 100 15 72
16 199 229 115 237 67 16 108 149 158 59 238 121 166 216 157 105
9 79 172 49 85 51 14 75 40 17
16 54 165 169 61 24 106 168 233 146 0 120 116 178 152 190 102
13 196 148 41 94 55 241 153 44 220 53 170 99 1
10 221 161 81 175 231 142 88 210 150 11
11 32 68 123 133 93 101 218 195 117 91 4
16 245 198 136 82 128 92 90 244 204 58 3 76 57 234 156 84
14 143 171 83 141 5 217 109 197 112 236 240 191 127 104
10 155 95 36 182 42 47 232 144 224 228
15 70 226 151 235 27 43 96 9 7 189 247 6 185 10 38

Total makespan: 168

