30
7 0 113 202 199 112 11 7
9 243 114 16 18 181 156 193 224 160
8 127 244 232 144 15 6 55 48
10 139 154 37 219 49 70 192 187 1 36
8 10 129 102 248 40 87 188 150
10 159 62 168 194 186 5 145 43 137 205
7 229 108 201 61 195 217 172
9 52 184 138 177 92 246 151 25 115
5 21 45 211 99 125
7 65 94 190 93 53 29 161
9 148 107 73 178 225 90 164 122 171
9 212 167 180 2 213 101 91 117 109
7 235 216 100 67 210 191 68
6 165 231 207 88 241 35
8 146 17 175 169 78 200 47 13
8 198 131 32 63 38 214 59 80
9 215 20 54 226 104 76 158 136 185
8 120 85 203 149 162 98 230 153
7 247 223 81 237 240 121 71
8 8 227 228 44 12 84 245 128
10 28 238 58 106 27 133 189 77 50 249
9 79 66 183 41 105 197 130 233 174
11 9 3 86 72 14 124 143 170 34 51 208
9 30 204 218 119 209 111 4 82 220
9 60 42 95 83 19 57 182 242 163
6 22 26 166 157 155 134
7 33 97 234 31 135 24 176
12 110 96 239 75 141 140 142 23 132 103 173 69
10 89 46 206 56 39 179 74 147 221 236
8 116 222 126 196 152 118 123 64

Total makespan: 86

