15
16 161 213 16 139 82 52 11 166 75 47 191 14 76 144 165 206
18 172 29 3 4 168 183 134 20 169 126 194 200 86 70 156 153 163 242
18 140 131 34 180 107 116 158 178 95 137 31 13 189 214 89 53 193 94
12 99 150 58 63 93 184 138 36 195 115 0 236
19 40 223 129 181 56 43 243 128 17 152 88 247 201 45 51 143 151 80 5
15 69 175 9 238 105 12 66 208 220 37 188 127 48 74 164
17 79 81 218 136 192 77 130 57 65 102 197 104 85 108 219 22 160
18 113 92 122 228 39 28 133 171 120 173 83 148 98 216 112 190 33 121
16 226 176 233 227 25 135 44 246 155 209 145 225 202 249 182 244
20 10 6 84 41 211 109 15 96 2 61 72 59 19 232 67 7 24 30 205 170
17 78 8 186 142 237 154 230 245 146 141 174 35 157 64 229 68 71
14 224 198 217 159 46 248 62 241 149 239 123 111 49 54
18 114 196 234 117 90 73 100 91 125 87 27 1 210 119 179 177 97 23
16 42 203 167 124 207 110 235 26 38 106 60 212 118 101 147 103
16 204 199 132 55 18 32 21 215 187 222 185 231 50 240 162 221

Total makespan: 182

