20
13 87 77 111 195 235 11 200 110 243 93 221 16 204
9 119 103 151 23 149 50 41 40 180
14 107 82 175 34 179 137 80 58 185 226 188 238 73 26
10 165 131 33 54 234 133 12 51 136 79
11 158 71 164 156 217 187 173 162 113 242 140
12 67 69 10 96 30 128 29 209 92 147 184 86
10 84 186 9 105 206 132 101 194 22 210
13 123 15 207 76 14 53 17 223 70 190 83 44 28
12 135 154 78 63 225 161 231 24 121 46 38 120
11 198 97 90 20 240 199 178 112 233 74 47
15 159 232 81 237 56 55 145 169 211 39 0 143 246 45 21
13 177 167 62 227 193 244 95 116 183 94 127 241 42
13 134 181 27 182 144 31 5 108 139 100 122 1 65
11 115 8 7 125 155 150 197 152 118 72 88
12 196 43 214 6 189 126 98 142 205 59 220 213
12 89 3 219 248 130 229 102 36 168 228 25 249
16 109 60 176 203 91 239 174 216 212 117 35 208 18 4 153 222
14 138 61 148 191 48 163 37 172 49 85 218 192 236 106
13 13 157 247 170 75 64 230 2 57 245 215 171 129
16 114 99 166 104 202 201 32 124 19 146 52 68 224 160 66 141

Total makespan: 123

