25
11 31 136 66 87 119 194 211 107 122 135 133
6 222 71 160 180 210 38
9 27 186 248 69 86 57 212 28 23
11 169 9 80 84 189 111 92 65 163 199 124
13 146 157 170 178 32 36 172 209 104 243 77 118 230
6 20 33 190 97 109 215
11 75 227 155 114 130 219 14 220 42 37 48
10 26 184 7 208 123 117 102 40 234 214
19 11 191 90 202 44 1 46 79 207 47 205 235 247 181 166 49 245 116 98
13 246 103 223 177 145 195 67 168 218 59 213 100 61
13 193 55 96 34 132 224 240 72 206 138 150 139 165
12 121 196 3 141 76 4 110 144 10 54 125 88
8 45 99 30 187 53 185 137 56
7 0 13 78 216 221 35 120
5 51 228 41 225 198
11 131 200 152 17 241 50 204 233 95 192 148
12 249 63 8 129 128 93 201 112 12 149 179 64
7 105 183 175 176 19 238 188
8 25 162 229 115 161 244 39 29
10 239 74 174 73 126 16 226 60 6 171
10 237 164 232 85 142 203 113 82 70 159
9 89 91 68 81 2 167 182 156 22
11 43 24 62 197 143 242 5 153 106 108 151
10 158 101 94 15 21 134 52 140 127 173
8 217 147 83 231 154 236 58 18

Total makespan: 290

