25
10 94 224 61 25 80 153 232 55 0 23
7 248 27 155 89 215 39 144
9 145 66 3 84 20 163 183 139 211
11 98 179 118 193 198 229 117 154 125 110 79
11 29 158 52 114 147 152 131 58 65 162 120
12 18 127 142 116 96 43 107 51 123 234 30 44
12 5 122 41 148 202 6 178 14 7 31 137 40
9 24 233 91 9 243 138 100 203 206
9 140 112 165 160 102 222 1 195 209
9 231 62 75 134 192 54 99 170 81
9 190 36 167 218 124 196 146 204 150
14 108 186 88 10 157 136 4 130 166 35 223 95 132 174
15 97 237 236 77 33 2 70 249 175 69 87 235 187 220 67
11 101 8 83 188 82 184 185 13 241 19 171
9 207 219 194 197 126 128 109 105 182
9 201 210 164 21 239 161 121 53 212
10 113 216 189 57 86 34 225 177 214 199
8 68 74 72 73 12 119 104 78
9 28 247 63 129 22 228 221 217 205
11 169 49 76 226 42 56 245 59 50 133 26
8 47 106 32 46 246 227 16 85
11 208 180 135 103 173 168 92 238 45 38 242
11 172 64 71 141 230 37 213 17 111 11 191
8 115 149 15 200 143 159 240 176
8 48 151 181 93 60 244 156 90

Total makespan: 142

