25
10 184 225 234 22 81 79 214 235 46 149
12 210 187 226 109 246 98 21 239 62 104 186 14
9 208 95 143 231 228 202 177 182 88
9 129 219 152 200 160 123 78 4 101
10 230 23 20 127 206 126 110 227 86 159
11 147 67 3 203 142 194 144 74 57 19 52
9 102 167 54 198 223 71 80 221 156
6 43 232 65 132 28 151
9 40 155 53 213 179 245 63 178 85
11 136 205 55 45 192 180 209 115 248 37 172
13 216 191 5 119 196 163 10 76 175 169 94 56 58
9 96 137 108 30 114 60 59 84 89
9 138 72 31 158 188 7 162 25 243
10 124 41 92 97 247 29 49 103 240 150
12 50 173 61 51 15 70 38 121 220 197 44 1
13 153 212 66 90 122 128 99 134 140 242 201 113 218
7 135 9 64 189 193 233 73
8 168 93 17 229 107 48 91 69
11 166 171 68 33 146 148 161 27 165 36 190
11 120 39 176 100 222 13 131 2 82 26 75
10 116 141 164 237 16 204 238 241 77 224
10 6 35 207 145 199 18 236 12 185 183
11 117 195 106 174 181 42 130 83 105 111 47
9 133 0 87 215 170 24 32 118 249
11 211 139 34 154 244 8 112 217 157 11 125

Total makespan: 154

