15
13 214 132 108 147 207 134 13 184 188 160 34 238 218
19 104 229 19 185 126 36 163 148 176 156 8 193 196 43 162 245 67 47 50
13 144 30 7 200 6 84 127 83 225 130 191 239 21
19 216 22 179 170 123 86 48 215 40 29 89 107 63 75 223 56 115 232 103
15 16 168 182 155 236 237 92 111 135 146 128 73 109 61 96
17 41 203 219 220 226 217 9 183 76 151 64 177 35 138 5 149 129
18 122 228 23 174 54 26 80 79 82 166 205 116 32 71 3 230 172 78
17 137 241 49 77 85 58 51 2 105 101 189 125 221 194 106 206 1
19 100 28 208 52 153 233 222 53 204 11 201 72 244 59 180 65 110 112 39
15 44 57 114 209 74 152 169 118 186 178 24 242 247 154 46
20 15 62 81 235 66 17 91 124 20 173 246 131 133 243 45 102 171 224 212 70
17 60 240 210 27 119 90 93 141 94 120 158 190 192 139 140 157 97
17 121 42 88 199 164 187 37 0 198 87 167 213 142 211 197 231 248
19 181 99 161 33 227 95 25 69 98 165 4 145 202 12 18 143 249 10 55
12 113 14 68 117 136 234 150 195 159 31 175 38

Total makespan: 172

