25
10 85 24 88 202 158 72 212 200 74 199
12 196 198 153 16 236 52 93 160 221 151 168 148
7 187 90 105 82 47 207 78
12 134 135 164 217 107 149 84 162 140 116 241 186
10 244 166 119 181 218 45 193 95 23 43
13 98 92 42 110 219 79 214 77 185 103 216 234 159
11 86 133 14 180 21 235 228 94 215 68 170
12 237 62 97 126 163 211 34 1 195 182 17 64
8 113 89 51 229 123 242 106 184
11 20 124 73 36 192 246 25 99 152 222 4
10 114 201 226 209 204 40 61 54 12 146
8 178 139 37 13 183 194 249 121
12 8 136 223 137 131 33 233 115 132 171 208 247
8 248 109 144 10 174 91 138 71
9 60 120 3 104 83 58 154 59 69
10 238 22 0 232 9 65 243 177 6 156
8 127 210 111 15 70 145 35 197
9 18 76 5 28 147 118 41 122 175
6 117 7 165 161 102 188
9 240 31 245 96 224 173 38 225 227
14 239 189 49 179 55 11 128 206 2 80 150 213 100 19
11 30 63 129 87 205 125 155 57 108 66 169
10 130 143 203 220 44 50 230 190 29 67
9 176 157 48 32 27 112 75 172 191
11 101 53 142 231 56 39 167 46 81 26 141

Total makespan: 58

