30
7 106 0 168 237 242 89 114
9 80 123 2 38 223 243 158 39 117
9 122 43 249 1 228 115 51 154 129
4 47 56 103 138
9 68 198 110 53 119 3 208 113 216
3 37 149 104
4 41 95 230 234
8 96 73 187 206 220 116 133 74
10 30 124 142 16 202 120 88 92 26 215
4 84 111 238 225
8 17 212 172 40 33 105 185 192
14 157 86 46 83 236 127 32 144 23 203 22 18 227 248
11 247 183 184 36 62 191 164 155 7 214 165
8 69 211 141 171 44 112 76 204
6 4 170 72 50 71 101
8 29 118 147 181 63 64 246 176
5 219 180 131 98 145
10 193 150 239 55 240 66 210 85 109 231
6 65 244 58 160 161 107
11 9 102 12 14 222 178 27 82 77 232 59
14 67 128 45 152 143 179 34 146 13 75 42 99 134 139
8 87 90 48 166 209 174 194 91
7 121 195 235 21 229 167 19
13 137 162 78 201 217 97 190 11 218 200 226 151 163
15 156 5 173 79 221 136 125 70 100 132 148 49 10 233 108
9 61 140 188 199 28 20 213 31 175
4 245 207 35 241
10 54 197 15 135 60 25 57 177 8 6
9 205 153 224 94 24 126 182 169 189
7 93 81 52 159 196 186 130

Total makespan: 209

