10
24 234 129 213 57 122 50 193 175 227 66 141 1 35 244 0 145 212 177 24 237 102 140 247 40
23 121 221 74 195 218 90 156 49 109 249 149 158 157 97 93 132 194 31 180 206 2 116 20
28 210 207 83 135 101 8 4 186 215 119 73 5 100 117 105 96 82 211 88 47 223 204 222 192 189 63 159 12
23 230 179 114 125 98 3 14 107 61 205 42 246 26 39 43 33 38 168 46 131 7 124 30
24 160 127 182 89 165 229 138 76 166 133 77 241 110 54 112 95 162 183 65 106 64 55 198 154
25 115 243 155 146 34 80 171 232 17 167 184 185 23 231 51 16 60 37 86 9 10 120 137 62 36
29 196 187 233 248 170 208 172 173 32 78 163 238 58 111 128 81 6 28 94 56 176 113 200 69 214 239 75 164 53
27 226 92 144 151 87 245 228 52 41 29 178 134 220 71 174 59 91 123 19 108 67 68 191 70 84 103 217
22 15 216 130 18 79 209 126 150 188 152 161 21 236 139 169 72 203 225 118 197 142 25
25 22 44 190 242 148 27 147 104 202 201 13 11 99 153 85 181 143 235 136 199 240 48 45 224 219

Total makespan: 320

