20
9 142 174 67 21 173 84 47 42 36
9 161 59 140 158 75 148 149 15 193
12 124 39 34 136 73 168 108 107 35 150 61 147
8 24 18 154 128 37 127 188 145
10 159 167 7 176 197 166 141 95 121 33
9 77 199 100 97 132 94 28 92 19
12 41 116 93 32 48 30 12 104 162 23 111 182
10 43 62 117 152 55 163 29 51 57 9
10 49 88 169 64 123 101 137 156 196 171
9 6 74 151 58 175 27 8 3 119
9 186 82 13 40 189 20 192 26 78
11 181 10 90 164 112 191 109 85 102 110 65
11 146 76 198 91 155 31 105 11 5 131 177
11 63 44 60 66 53 183 79 38 114 72 2
9 1 118 179 120 89 81 165 69 68
11 144 0 14 4 138 122 16 126 134 185 86
10 170 184 83 54 99 96 106 80 195 22
8 125 160 190 178 194 52 87 71
11 172 45 115 103 50 187 133 98 46 135 139
11 153 70 180 143 25 130 129 113 157 17 56

Total makespan: 138

