20
7 31 67 77 136 14 26 38
8 1 149 22 44 86 18 56 68
6 55 20 48 114 106 58
5 117 72 148 37 126
6 78 63 33 66 112 43
7 46 36 143 85 29 110 127
5 71 97 69 121 30
9 124 105 135 2 25 91 76 82 75
7 84 130 61 138 13 3 19
8 144 49 102 132 122 41 59 79
6 94 120 108 83 53 101
7 146 111 134 16 39 98 99
9 74 145 73 115 47 28 60 50 15
13 40 62 90 118 45 81 32 100 9 140 103 123 80
10 147 93 24 119 54 95 6 52 125 88
7 8 27 0 17 87 137 129
7 57 141 23 5 133 42 34
7 70 142 4 65 96 51 21
8 104 11 131 64 116 10 35 12
8 92 113 128 139 109 107 89 7

Total makespan: 64
