30
5 121 120 140 86 134
7 148 59 112 44 71 53 49
5 8 51 39 34 125
7 79 93 142 109 0 72 43
4 60 63 119 127
5 102 58 76 77 36
4 137 3 83 136
4 48 61 55 23
5 85 123 96 14 133
5 97 6 104 139 40
6 70 114 19 78 62 80
6 32 22 30 118 64 87
5 20 141 13 5 37
7 2 113 91 47 26 138 110
6 88 66 147 28 4 82
4 101 17 149 129
5 98 42 38 35 84
5 56 99 7 52 89
5 29 115 90 73 128
3 103 65 50
5 21 1 143 46 144
5 126 74 67 105 31
5 122 57 100 15 12
6 117 108 33 41 130 27
4 146 16 107 111
5 11 18 69 54 116
4 25 135 95 24
4 94 81 145 9
4 10 106 92 45
5 124 75 68 131 132

Total makespan: 30
