15
19 9 206 219 23 102 63 204 228 72 176 104 207 25 60 46 18 129 76 217
19 35 158 1 74 108 107 139 122 188 96 115 199 150 210 22 175 32 131 215
15 137 221 243 114 179 20 196 198 239 65 89 47 190 148 133
17 212 184 87 244 68 202 147 6 231 152 140 105 41 54 146 229 125
14 59 4 155 110 75 134 163 109 21 2 99 119 232 3
17 44 249 236 112 42 222 19 52 70 45 195 124 138 205 154 51 123
13 100 227 209 48 91 185 245 240 77 144 189 28 169
15 226 241 86 172 84 203 246 230 13 56 149 90 186 36 193
22 242 143 16 220 156 151 238 31 0 73 159 38 85 192 12 157 178 136 191 64 194 10
14 167 92 101 50 33 208 66 130 98 53 216 106 39 55
19 213 182 180 166 117 120 211 61 162 135 17 161 111 141 34 62 170 5 164
19 97 171 82 201 248 116 177 132 126 160 218 197 168 118 81 24 173 80 26
12 128 40 237 95 223 7 121 30 94 174 153 113
19 214 57 37 187 233 43 58 103 71 145 69 183 14 93 235 234 49 83 181
16 15 247 224 88 79 11 225 27 8 78 67 29 142 165 200 127

Total makespan: 129
