25
9 120 61 199 42 34 181 7 43 170
12 123 155 223 138 83 2 238 206 149 211 225 5
12 75 197 9 168 135 1 108 20 190 124 70 240
11 63 241 230 3 94 202 187 180 217 146 205
12 191 169 244 228 85 37 11 242 203 30 27 102
10 18 28 96 133 33 200 140 147 99 10
12 195 209 68 54 130 55 193 224 26 106 139 97
8 58 14 185 95 196 233 219 212
11 178 207 119 86 57 247 144 51 36 215 41
9 243 59 91 84 134 4 77 116 103
11 171 40 67 79 0 93 148 88 136 117 222
7 129 172 128 179 156 56 101
8 118 29 174 152 192 112 150 72
8 44 6 115 229 165 183 60 31
8 49 157 15 38 141 114 166 81
12 98 201 23 17 92 125 237 143 194 204 246 76
8 188 248 8 151 100 161 73 227
10 236 13 16 234 198 110 62 145 175 132
12 25 78 74 50 208 105 189 39 164 184 249 24
7 87 66 122 47 53 104 162
12 167 220 163 177 126 127 109 131 64 48 21 173
11 121 113 111 214 160 153 226 90 52 137 45
9 235 218 186 65 210 19 80 12 245
10 32 158 231 35 22 182 69 221 71 216
11 176 213 82 232 89 142 159 107 239 154 46

Total makespan: 125
