15
13 34 9 89 164 15 134 46 41 130 177 87 94 167
16 185 179 72 123 25 120 180 86 78 184 122 58 37 90 140 76
11 6 190 141 119 151 23 131 32 194 175 12
12 88 142 146 161 149 95 31 152 43 26 21 44
14 172 51 45 136 129 189 174 66 57 133 97 125 192 24
10 181 187 33 30 48 11 176 79 93 117
11 111 171 63 193 53 173 169 83 145 126 153
12 85 163 35 154 165 75 62 56 17 199 28 47
15 127 100 121 13 158 14 196 143 112 160 195 132 73 139 81
17 148 77 115 68 27 109 69 104 18 178 65 168 0 29 182 82 3
15 16 52 155 92 138 159 102 49 106 113 197 70 20 116 2
15 55 183 107 188 124 144 60 156 50 191 74 150 166 42 157
14 4 198 61 7 1 162 38 101 22 91 103 137 8 186
13 135 10 36 108 67 96 40 71 5 105 64 118 170
12 114 128 59 39 84 98 19 80 54 110 147 99

Total makespan: 181
