30
4 185 17 114 142
5 24 25 111 166 76
8 5 172 63 21 108 118 107 66
7 117 60 36 154 125 110 102
6 174 128 169 49 6 103
7 161 59 173 138 92 40 130
6 79 33 170 61 181 27
7 182 196 81 14 55 147 115
6 195 100 96 159 75 197
6 53 88 184 198 121 192
5 82 168 153 109 113
6 77 199 179 29 141 26
6 134 91 30 83 132 67
6 54 145 64 112 143 16
7 12 4 94 38 28 135 146
8 127 106 116 124 122 31 0 131
7 58 150 2 90 98 11 20
5 95 44 171 70 119
7 123 15 165 148 22 183 167
7 74 62 86 104 176 72 144
11 190 39 158 187 163 139 84 99 151 126 87
11 194 43 52 56 41 189 57 177 129 186 65
5 155 156 3 149 89
8 51 69 193 34 85 8 32 93
7 42 35 45 164 101 133 1
5 23 10 73 9 68
7 152 80 140 191 18 37 157
8 13 178 97 78 7 188 180 50
7 19 105 48 160 137 47 71
5 46 136 162 175 120

Total makespan: 87
