30
10 122 200 59 52 207 236 232 181 138 228
9 117 208 84 116 247 165 67 65 57
10 26 212 158 211 226 53 120 12 98 126
9 25 70 128 136 114 7 86 112 73
11 160 237 132 242 44 176 33 92 124 27 209
6 6 194 50 175 222 41
8 143 61 29 240 56 145 100 0
7 48 77 196 163 91 162 40
7 215 204 80 10 192 243 166
7 51 28 239 245 14 184 99
8 17 219 146 233 201 238 177 54
8 203 109 108 205 22 129 182 60
6 87 55 110 189 183 173
9 72 197 106 151 30 31 3 113 39
8 139 81 133 111 131 71 62 180
8 214 95 153 1 157 45 74 37
7 97 15 142 199 88 125 161
9 103 58 248 170 249 164 225 159 107
9 169 19 102 5 218 171 32 94 172
7 174 43 64 101 227 8 93
9 42 155 244 121 202 85 104 187 123
12 190 224 185 127 231 150 68 49 82 21 2 213
8 148 220 229 89 147 20 75 152
5 18 179 223 115 38
9 90 66 9 168 149 137 36 154 191
10 63 78 118 140 76 230 130 241 119 144
8 46 47 141 13 210 134 16 186
10 216 83 34 11 178 217 246 198 195 234
8 156 96 188 135 105 79 193 69
8 235 24 167 206 4 23 221 35

Total makespan: 83
