10
19 96 64 3 128 2 24 26 135 69 111 72 7 145 144 121 106 110 58 1
13 71 116 60 54 74 68 49 86 140 103 53 118 32
17 134 122 129 137 119 34 81 0 5 14 91 19 125 88 132 109 8
14 79 120 89 36 40 45 94 126 133 41 95 113 147 138
12 136 85 84 75 80 57 21 38 33 9 12 47
16 42 139 11 99 16 115 18 31 148 23 63 112 124 141 56 101
17 114 73 83 97 131 127 51 46 17 104 15 50 59 107 146 76 108
17 117 39 4 143 149 20 92 67 130 48 105 78 142 62 98 35 37
10 70 25 102 123 65 66 6 52 93 27
15 44 43 28 82 87 29 10 30 55 61 90 77 22 13 100

Total makespan: 254
