30
7 104 77 126 28 63 40 114
5 111 14 11 166 173
9 103 197 138 71 66 157 5 172 107
8 15 24 36 154 117 60 84 169
4 41 98 82 132
7 6 53 130 17 136 2 141
6 101 33 181 94 143 23
4 139 47 196 168
8 61 198 167 30 81 195 100 96
5 144 165 134 121 184
6 156 99 113 27 153 109
5 92 170 95 62 76
4 88 145 26 49
8 118 149 159 16 64 112 50 151
8 189 12 4 21 18 106 122 25
6 192 0 131 124 13 116
5 150 142 93 179 54
5 119 9 68 152 70
9 20 180 127 29 108 148 22 147 171
7 74 183 161 72 58 31 87
7 190 39 158 187 163 155 46
10 176 194 57 177 129 186 65 43 52 56
5 44 174 3 51 89
8 38 69 185 193 34 85 8 32
8 79 133 42 35 45 75 10 1
6 83 182 128 73 135 110
6 55 67 80 140 191 37
8 7 188 90 164 199 178 97 78
9 123 146 115 19 105 48 160 137 102
7 59 86 91 162 175 125 120

Total makespan: 84
