25
5 83 77 120 91 64
6 69 46 71 132 116 4
3 52 143 6
7 140 58 95 10 122 2 3
7 60 106 123 115 145 25 125
7 67 92 142 61 75 5 14
4 44 56 72 148
7 81 98 149 124 144 20 103
4 49 90 141 31
5 7 88 76 104 48
7 51 100 74 50 53 45 82
7 85 129 133 63 55 39 79
6 96 22 24 73 118 134
6 127 112 59 33 139 18
4 147 62 65 57
6 136 68 37 43 80 87
5 28 19 97 30 11
6 41 146 42 34 113 126
7 117 105 17 107 135 12 86
6 13 66 8 93 94 35
6 128 40 78 131 38 32
10 108 121 0 23 1 26 89 110 47 102
6 70 21 111 138 15 99
7 9 84 101 36 54 109 29
6 114 16 27 119 130 137

Total makespan: 91
