10
22 160 247 103 162 136 0 112 33 111 133 235 198 233 227 182 232 219 130 190 196 36 119
29 159 92 53 199 200 229 97 178 238 167 101 231 165 202 16 169 206 75 72 41 31 166 141 183 106 168 63 225 179
27 7 152 22 115 230 204 80 188 47 131 19 211 91 249 102 208 241 234 26 221 74 62 52 161 122 67 128
21 163 34 30 95 88 28 96 145 132 149 58 49 98 89 146 48 23 240 123 20 61
24 151 79 226 193 32 117 90 180 176 134 29 10 5 157 245 40 171 248 13 138 173 110 244 246
21 237 215 224 12 222 83 71 185 3 195 214 158 100 242 192 54 207 236 126 170 155
24 82 156 174 137 201 18 65 140 175 197 25 154 64 56 1 27 216 44 11 217 143 164 127 243
26 212 42 177 172 209 99 186 59 218 147 6 150 38 189 124 120 228 239 70 37 93 15 213 148 8 51
30 210 223 94 108 187 184 73 43 68 86 24 9 2 55 105 35 21 109 60 181 116 125 84 153 81 4 76 191 114 46
26 203 139 194 113 87 118 39 121 78 17 14 85 142 50 205 66 104 129 45 77 69 135 57 107 144 220

Total makespan: 460
