10
26 124 203 168 201 160 36 128 224 235 190 196 182 232 13 33 119 9 162 133 136 0 111 5 233 227 66
27 238 167 101 231 165 218 169 62 170 141 183 106 211 75 72 69 202 97 63 225 12 92 53 48 213 41 31
23 89 243 209 19 26 230 49 204 52 122 249 6 115 245 131 80 109 152 22 102 208 241 142
27 112 73 103 163 34 95 248 37 229 185 74 58 157 28 98 20 61 178 149 179 146 199 46 123 23 240 16
25 137 195 134 15 29 82 180 176 127 40 171 188 138 173 198 132 42 151 10 117 90 110 244 79 226
23 114 237 242 214 158 100 32 207 3 216 17 83 21 161 236 200 54 88 221 71 70 215 11
22 206 18 65 140 175 197 25 155 118 192 44 56 1 27 234 166 156 174 76 217 143 164
27 38 144 147 148 8 4 120 228 59 222 239 104 172 64 47 193 91 135 247 177 154 93 189 186 212 51 126
24 125 84 153 116 184 246 45 113 191 159 94 108 187 2 55 105 35 86 24 60 181 68 210 81
26 205 130 129 67 220 96 87 50 145 30 7 121 78 39 57 107 77 43 85 14 150 139 194 99 223 219

Total makespan: 407
