20
13 176 47 134 123 108 143 109 235 106 155 229 173 39
9 119 163 6 11 10 226 128 237 189
11 116 16 158 80 201 179 59 149 56 145 144
13 65 77 23 30 214 117 169 49 41 26 38 105 60
18 208 44 154 87 165 67 187 242 174 97 135 193 24 196 162 103 0 17
14 243 166 93 83 183 96 152 98 101 114 161 230 76 86
14 79 249 112 234 28 115 72 92 82 177 126 127 212 203
17 71 233 137 95 85 51 29 54 186 231 224 14 89 73 160 13 171
13 142 195 222 168 37 159 211 74 181 70 9 217 62
14 124 206 147 236 245 164 202 102 218 58 5 84 7 122
8 34 46 150 22 238 215 27 130
11 35 18 205 221 200 153 66 81 94 52 182
12 204 138 247 175 3 228 244 21 36 148 146 78
10 63 239 178 167 25 132 12 184 199 31
12 61 140 240 69 241 246 125 223 133 198 139 120
15 64 209 156 185 213 216 188 194 68 111 104 225 191 131 248
9 33 8 113 45 75 15 220 157 32
13 53 57 118 129 107 192 210 40 197 88 141 121 4
15 190 50 43 99 19 90 20 232 100 219 136 227 42 180 110
9 151 1 207 172 170 91 48 55 2

Total makespan: 135
