15
11 30 18 52 102 50 143 132 15 23 29 65
11 80 5 108 0 71 76 145 134 135 8 38
10 87 98 41 70 12 119 112 3 109 77
12 96 92 90 148 7 66 106 144 147 95 83 11
10 121 99 72 48 113 101 49 64 117 130
8 115 20 47 35 28 54 104 94
8 133 67 51 84 24 55 120 128
10 53 122 86 26 13 37 59 91 25 34
10 4 141 10 43 111 36 114 149 138 32
9 56 33 88 57 110 78 69 39 74
12 73 61 125 2 129 81 136 116 42 31 142 27
8 60 75 123 62 118 68 9 6
10 63 103 146 97 79 85 45 82 21 140
9 19 100 89 139 124 22 17 131 40
12 107 127 16 1 105 44 58 14 93 46 126 137

Total makespan: 145
