20
18 226 73 3 32 164 78 173 236 2 158 242 235 244 111 221 43 224 90
10 128 178 194 61 233 191 204 135 143 153
10 187 5 177 248 118 129 87 232 141 214
11 209 197 148 139 54 31 184 219 188 99 237
13 241 76 196 247 66 198 149 68 100 239 21 64 138
12 40 11 67 97 199 160 65 72 26 176 116 74
10 127 110 183 156 217 41 70 71 96 7
15 200 120 115 82 27 114 47 154 113 86 17 201 210 91 51
15 144 132 8 10 228 155 57 216 205 28 92 121 33 140 37
14 63 190 246 83 20 220 106 59 14 46 94 39 137 45
11 125 117 185 25 175 189 171 186 6 38 109
11 42 203 133 168 89 93 98 35 157 172 238
11 147 62 36 165 1 48 53 56 167 49 85
13 234 101 18 77 124 131 0 105 103 136 222 192 249
9 207 29 182 150 240 169 52 88 152
11 12 218 19 161 34 212 211 75 13 179 55
14 130 84 243 215 23 146 69 9 44 104 16 225 151 202
13 112 24 145 227 195 213 122 174 208 206 81 123 193
16 102 163 170 22 166 245 229 230 107 180 231 159 79 50 162 58
13 223 119 181 30 134 60 4 15 80 108 95 126 142

Total makespan: 117
