25
6 114 47 45 25 58 18
8 73 80 79 75 24 19 32 85
9 102 111 61 60 43 13 100 15 65
6 145 12 149 134 74 46
6 52 40 122 136 28 27
7 16 41 71 105 17 14 147
7 68 37 93 103 51 21 72
4 26 130 132 95
7 6 84 109 39 55 67 64
7 69 56 22 23 1 88 9
4 57 70 36 48
6 5 119 137 127 2 128
6 142 76 123 117 143 42
6 101 83 44 62 20 87
3 7 50 81
6 98 140 116 121 110 11
6 54 66 141 78 139 33
7 91 125 148 104 90 107 146
6 29 30 82 97 77 138
8 126 3 92 106 10 53 31 94
5 118 135 63 144 8
4 38 108 34 131
5 96 124 4 49 120
6 89 129 115 99 113 35
5 133 86 112 0 59

Total makespan: 58
