10
23 111 56 48 196 77 147 135 121 195 33 174 100 165 15 52 25 146 159 27 110 34 171 177
23 136 123 53 115 117 83 158 10 39 74 95 6 49 92 17 75 54 138 113 1 3 88 96
19 134 179 140 85 55 155 73 180 188 70 154 79 102 132 189 193 137 172 5
19 118 186 127 191 192 182 108 18 166 122 60 184 9 128 181 16 106 12 126
21 169 109 150 45 197 149 175 114 112 76 71 82 141 64 69 30 125 156 161 42 168
18 157 31 198 40 41 7 183 162 99 68 72 11 145 51 90 103 19 119
19 59 194 144 86 63 24 120 29 22 129 66 130 0 133 43 13 131 37 199
22 160 116 67 107 32 61 78 26 97 185 98 46 62 176 84 57 143 101 58 167 148 187
17 23 163 4 47 91 104 89 87 8 170 124 65 38 81 20 80 21
19 35 105 44 50 153 164 190 94 14 139 36 178 28 142 93 173 2 151 152

Total makespan: 274
