25
10 153 0 23 135 78 117 232 105 179 206
8 207 182 248 27 16 155 89 215
10 3 84 20 163 183 139 162 188 94 242
12 225 140 98 6 21 118 193 198 229 80 131 110
10 126 58 120 39 14 54 65 29 158 52
10 36 96 43 208 18 127 230 136 45 24
12 122 41 234 100 137 40 50 115 114 178 213 7
8 246 44 72 243 81 233 91 9
10 112 165 160 102 222 1 195 209 32 202
11 34 37 189 138 134 99 170 75 145 231 62
9 245 211 59 124 191 167 218 190 149
13 35 223 95 132 88 203 10 119 4 130 166 108 186
14 70 249 175 69 2 196 106 187 220 67 156 236 77 33
12 87 53 142 8 83 13 241 171 116 19 82 184
8 201 15 128 194 197 174 219 217
10 164 104 157 239 161 244 86 141 123 121
11 199 214 109 51 204 103 113 216 79 57 148
7 101 74 200 177 30 73 152
11 221 68 205 107 12 63 129 22 228 224 28
11 133 5 49 76 226 169 26 210 237 42 56
5 235 147 85 176 47
8 38 55 180 144 173 168 92 238
11 212 247 17 111 11 97 31 172 61 71 64
9 192 240 185 66 146 181 125 143 159
10 93 60 227 25 46 154 90 150 48 151

Total makespan: 113
