30
5 1 106 93 92 127
4 98 63 21 16
6 132 110 139 60 2 15
6 148 70 47 115 88 105
5 53 39 78 75 22
6 8 69 95 65 104 77
6 145 119 135 146 23 94
5 90 28 138 71 116
5 0 74 111 108 147
7 86 76 118 130 34 82 120
5 43 67 80 58 44
5 124 3 66 62 122
6 37 144 35 20 51 33
6 59 85 72 27 49 12
5 45 57 102 91 4
5 38 99 141 114 87
5 31 64 100 18 140
3 83 52 133
5 32 36 134 55 149
3 6 101 79
4 103 17 19 14
6 40 26 84 125 29 11
4 30 109 137 128
6 126 41 25 48 54 121
4 46 7 5 136
5 50 143 112 42 131
4 97 129 13 113
4 89 10 68 9
5 123 107 142 81 117
5 24 73 56 96 61

Total makespan: 63
