10
16 105 46 134 73 30 88 51 131 63 71 140 90 66 61 87 56
18 28 20 62 76 4 18 58 64 145 24 113 96 42 111 128 11 68 37
16 60 6 104 119 139 89 34 50 80 94 122 12 102 19 136 97
9 75 123 22 70 144 10 1 146 132
13 53 100 91 7 15 69 133 83 9 38 33 106 77
18 84 108 99 5 112 54 40 32 98 101 115 82 120 3 109 143 95 130
16 49 142 17 0 92 47 85 27 79 72 57 124 138 35 13 148
14 67 110 31 125 59 65 137 127 141 16 117 14 48 114
18 55 44 86 74 107 78 81 29 2 43 129 147 103 26 118 21 25 149
12 121 52 41 126 116 8 135 36 45 39 93 23

Total makespan: 246
