25
8 189 51 83 120 75 90 7 124
7 122 85 48 174 62 65 15
8 20 151 27 119 139 164 133 82
8 70 47 128 104 19 45 56 193
8 127 195 109 34 49 199 23 22
7 92 67 26 159 54 61 78
7 96 153 157 97 131 134 169
7 186 187 166 38 32 175 155
7 14 35 113 91 98 152 6
14 8 123 154 115 180 57 116 89 107 158 11 163 63 93
8 50 21 197 69 117 165 64 192
6 156 103 76 31 58 179
7 33 17 185 86 79 173 143
7 55 77 125 112 10 59 66
7 145 28 5 146 136 183 101
7 81 102 1 41 196 129 46
9 13 4 88 68 126 18 39 94 110
7 111 25 108 148 60 84 181
8 106 105 12 178 114 72 135 142
9 52 99 0 161 177 118 80 130 40
9 71 87 121 172 147 191 162 150 171
10 73 132 3 29 149 100 198 24 190 170
7 194 138 160 188 74 137 168
9 2 95 144 182 167 44 42 16 30
9 176 141 140 9 43 37 53 36 184

Total makespan: 96
