10
28 181 138 173 130 14 194 132 53 0 203 70 249 198 152 155 243 118 18 26 78 82 7 179 80 97 81 51 24
23 234 76 66 248 142 86 208 103 19 45 217 112 246 114 115 157 232 205 33 4 161 212 116
22 87 225 67 106 110 239 228 165 11 158 113 125 197 193 48 3 160 49 210 247 128 104
21 180 28 131 59 96 92 100 102 75 176 190 204 77 169 124 168 206 64 189 201 154
25 153 216 227 39 136 101 65 196 224 43 95 240 162 40 29 178 5 231 91 127 172 21 61 192 120
21 156 220 107 85 183 13 218 167 23 229 36 144 58 56 108 90 52 41 241 71 199
26 88 146 84 31 195 55 17 238 226 44 68 186 175 214 57 94 47 99 171 20 63 236 170 30 122 182
25 42 54 32 222 163 89 123 111 73 8 135 237 38 141 119 27 151 230 109 6 148 134 98 126 147
28 37 245 79 149 69 166 117 129 200 184 145 105 209 93 133 137 215 211 185 159 9 34 233 140 177 46 10 244
31 223 35 143 242 207 60 121 202 12 15 235 74 164 22 2 221 62 187 150 139 25 174 50 191 213 83 188 72 219 1 16

Total makespan: 265
