10
16 93 63 40 64 59 103 92 95 125 43 55 94 24 142 29 22
13 146 57 47 19 52 90 129 87 100 117 49 10 35
17 84 14 74 26 32 108 126 145 85 98 61 72 86 18 7 118 89
12 123 37 4 1 132 9 104 101 134 62 27 11
15 33 41 96 42 116 30 81 127 114 97 75 71 0 107 128
16 21 8 112 50 113 106 6 83 25 58 141 51 69 13 45 39
17 60 147 68 105 17 73 137 79 88 115 139 28 110 102 16 34 56
14 65 119 67 148 149 23 91 20 3 136 38 140 120 76
14 15 77 53 143 12 121 130 131 138 122 135 111 36 2
16 80 66 82 70 5 133 31 54 109 144 99 44 46 124 48 78

Total makespan: 205
