20
8 222 125 59 99 216 92 30 127
11 132 164 135 242 58 7 176 98 200 247 207
12 243 115 46 26 40 87 228 194 239 156 165 137
12 24 83 31 201 177 76 211 237 178 148 181 51
14 112 233 38 104 130 27 62 9 174 120 15 49 180 248
16 95 124 246 223 213 73 230 209 199 74 152 128 170 197 88 172
13 153 61 195 141 113 231 188 68 2 139 203 144 146
10 96 91 64 169 206 118 193 175 187 105
12 80 122 57 147 86 47 179 84 102 235 196 71
11 21 121 4 101 107 75 97 110 238 63 232
15 81 240 140 13 157 138 94 14 163 67 52 78 198 77 12
15 5 82 159 150 28 1 32 90 234 168 106 182 109 143 189
14 111 190 60 36 56 166 154 126 155 43 183 108 103 229
13 221 89 116 129 41 202 34 8 54 227 167 214 45
13 25 100 236 35 171 0 142 23 39 33 93 123 48
9 219 55 136 149 65 244 117 70 162
14 10 114 85 69 16 245 6 158 119 249 151 20 212 50
12 53 184 17 37 11 134 226 72 204 217 3 220
17 173 161 66 224 19 160 215 191 208 29 42 44 131 79 185 186 18
9 205 133 225 241 210 218 192 145 22

Total makespan: 146
