10
19 110 58 81 2 24 26 135 69 96 64 144 3 128 111 72 7 145 59 1
15 140 103 54 32 101 60 25 20 74 68 49 116 0 53 71
16 129 19 125 57 119 34 51 78 109 14 91 134 122 8 114 141
16 89 36 40 45 94 126 41 113 106 70 37 86 79 120 88 80
12 12 133 38 33 121 47 5 75 65 85 118 123
14 148 23 63 147 87 42 139 11 99 16 115 18 31 137
18 127 61 73 83 97 131 136 76 108 46 17 104 15 50 146 84 56 107
15 142 62 98 132 92 67 130 48 105 117 39 143 149 35 21
10 112 102 95 9 124 66 6 52 93 27
15 82 4 90 29 10 28 30 55 138 77 22 13 100 44 43

Total makespan: 249
