30
1 24 141 87 14 135
2 17 54 50 60 113 45 72
3 35 91 52 142 40
4 110 1 94 80 10 116 44
5 61 64 73 128
6 78 77 103 59
7 4 84 82 101 76
8 62 69 122 56
9 48 15 134 97 86 124
10 98 7 105 140 41
11 121 2 71 115 63 81 20
12 31 143 33 88 57
13 38 6 138
14 3 114 92 21 111 27 9
15 148 89 67 29 5 83
16 149 125 130 102 18
17 99 43 39 36 85
18 100 90 8 53 119
19 74 129 93
20 51 66 104
21 22 79 144 47 145
22 75 68 106 32 120 127
23 30 13 16 126 123 58
24 118 109 34 42 131 28
25 108 112 150 147
26 12 19 70 55 117 25
27 137 136 96
28 23 146 95 139
29 37 11 107 26 46
30 65 132 133 49

Total makespan : 31

30
1 122 14 29 141 87
2 50 60 54 113 89 45 72
3 40 35 9 52 126
4 80 44 94 116 110 1
5 61 64 73 128
6 59 37 41 78 77
7 3 15 76 84
8 24 49 62 56
9 96 97 86 124 134
10 10 98 140 105 7 135
11 121 2 71 115 63 81 20
12 31 119 143 33 88
13 38 144 6 138
14 92 48 114 21 111 139 27
15 148 137 5 83 67
16 18 150 102 149 125
17 99 43 39 36 85
18 57 100 8 53 90
19 129 91 74 69 30
20 104 66 51
21 22 79 47 145 4
22 75 68 106 32 120 127
23 123 58 101 16 13
24 118 109 34 42 131 28
25 147 17 108 112
26 12 19 70 55 117
27 26 25 136 103
28 82 146 95 23 130
29 11 107 93 46
30 65 132 142 133

Total makespan : 31

30
1 14 87 135 121 141
2 60 72 54 113 45 50
3 40 150 9 52 126
4 80 34 110 1 73 44
5 64 7 128 137
6 59 37 3 77 78
7 84 94 82 101 42
8 49 62 56 24
9 61 48 96 97 15
10 140 105 98 86 41
11 2 71 115 20 81 63
12 31 119 65 88 33
13 6 138 35 38
14 114 92 21 111 27 22 139
15 148 89 67 29 5 83
16 149 125 130 102 18
17 99 43 39 36 85
18 143 53 90 117 57 100
19 74 124 129 91 116
20 104 66 51
21 79 144 47 145 4
22 75 68 106 32 120 127
23 123 16 58 30 13
24 131 28 118 109 134
25 147 17 108 112
26 55 70 12 19 122
27 26 103 25 136
28 146 95 132 10 23
29 11 107 93 46
30 142 69 76 8 133

Total makespan : 31

30
1 14 29 141 87 135
2 104 91 113 45 72 54 50
3 40 35 9 52 126
4 80 10 116 110 1 73 44
5 61 64 120 128
6 108 96 59 37
7 101 76 137 94 4 84
8 81 24 62 56
9 86 124 97 15 134
10 41 140 105 7 98
11 121 63 20 67 71 115
12 31 119 65 88 57 33
13 38 6 138 142
14 114 92 48 127 111 139 21
15 148 89 27 78 5 83
16 149 75 102 18 150
17 99 43 39 36
18 100 90 144 143 53
19 129 30 132 74
20 66 51 3
21 79 22 2 49 145
22 32 60 106 68
23 47 123 58 16 13
24 118 109 34 42 131 28
25 77 147 17 112
26 12 19 70 55 117 25
27 26 103 136 85
28 82 146 95 23 130
29 11 107 93 46
30 122 125 133 69 8

Total makespan : 31

30
1 87 134 121 122
2 119 45 50 17 54 113
3 35 9 52 126 104
4 44 110 1 58 73 94 80
5 64 7 120 56
6 103 59 37 78 77
7 138 141 4 84
8 62 69 24 41 32
9 96 97 61 15
10 135 98 140 105 66 10
11 67 71 115 63 81 20
12 31 143 33 65 88
13 38 128 21 14 6
14 3 114 92 48 127 111 139
15 40 148 29 5 89
16 149 72 75 102 18
17 85 99 43 39 36
18 83 57 100 8 53
19 74 116 124 129 91
20 51 145
21 86 79 22 144 47 2 28
22 68 90 60 106
23 123 16 13 30 101
24 109 34 42 131 133 118
25 108 112 150 147
26 12 117 25 19 70 55
27 27 137 136 26
28 130 82 146 95 23
29 11 107 93 46
30 132 142 76 125 49

Total makespan : 33

