10
1 39 73 51 94 96 19 42 37
2 43 88 84 76 23 31 74 25 8
3 34 21 30 77 11 92 49 93 69 95 12
4 35 52 53 99 68 55 66
5 89 79 32 63 9 36 56 75 44
6 97 48 13 90 91 67 62 14 81 18
7 58 40 46 24 22 7 6 50 70 15 38 33
8 41 57 16 65 87 71 27 28 54 4 20 98 83
9 5 3 61 26 86 100 78 80 85
10 1 82 2 64 29 17 47 10 72 60 59 45

Total makespan : 203

10
1 39 73 51 94 96 19 42 37
2 43 88 84 76 23 31 41 74 25 8
3 12 99 89 33 21 30 11 92 49 93
4 22 100 52 68 55 66 95 53
5 63 79 35 75 44 9 36 56
6 97 48 13 90 91 67 62 14 81 18
7 65 26 58 40 46 24 50 70 15 38 7 6 77 87
8 45 71 27 28 54 4 20 98 57 16 83
9 32 5 3 69 86 78 80 85
10 1 47 10 72 60 59 34 61 82 2 64 29 17

Total makespan : 203

10
1 94 73 51 37 34 96 39 79 77 19
2 43 88 84 76 23 31 41 74 25 8
3 89 33 21 30 11 92 49 93 69 95 12
4 35 52 53 99 68 55 66
5 63 42 56 86 75 9 36
6 97 48 13 90 91 67 62 14 81 18
7 65 26 58 40 46 24 22 7 6 50 70 15 38
8 100 87 71 27 28 54 4 20 98 57 16 83
9 78 80 85 61 44 5 3 32
10 1 82 2 64 29 17 47 10 72 60 59 45

Total makespan : 203

10
1 79 32 94 73 51 37 34 96 19
2 43 88 84 76 23 31 41 74 25 8
3 89 33 21 30 77 87 92 49 12 99
4 22 68 55 66 95 53 50 52
5 11 63 42 56 75 44 9 36
6 97 48 13 90 91 67 62 14 81 18
7 70 15 38 7 5 57 93 6 39 65 26 58 40 46
8 16 83 71 27 28 4 20 98 35 54
9 3 69 86 100 78 80 85 61 24
10 1 82 2 64 29 17 47 10 72 60 59 45

Total makespan : 204

10
1 85 94 73 51 37 34 96 39 19
2 43 88 84 76 23 31 41 74 25 8
3 12 99 89 33 21 30 11 92 49 93
4 22 68 55 66 95 53 50 52
5 63 79 35 75 44 9 36 56
6 97 48 13 90 91 67 62 14 81 18
7 87 54 70 15 38 7 6 77 65 26 58 40 46
8 57 16 83 71 27 28 4 20 98 42
9 69 86 100 78 80 32 5 3 61 24
10 1 82 2 64 29 17 47 10 72 60 59 45

Total makespan : 204

