25
1 168 92 3 55 16 139
2 42 124 166 162 179 192 14 69 23
3 44 136 31 158 133 196 5 1 15
4 57 73 94 30 75 191 132 26 86 122 64
5 6 24 95 185 99 72
6 200 116 50 172 19 118 78 35
7 149 106 51 22 155 156 28 193 47 2
8 12 61 115 157 199 62 100 60
9 80 119 148 68 108 39 46 190 129 52 85
10 32 9 183 130 151
11 13 140 54 114 128 177 171 18 135
12 71 74 117 189 45 110 34 101
13 8 4 59 111 120 20 89
14 184 188 175 77 79 159 58 160 167
15 88 17 97 145 198 186 29
16 84 142 49 38 25 163 147 82
17 53 66 194 93 164 67 103 143 7
18 105 37 181 137 36 109 63 144 169 152
19 43 126 27 56 90 146 76
20 161 87 174 131 125 127
21 112 197 154 40 33 150 10
22 107 141 98 182 104 121 11 21
23 81 70 96 83 180 65 123
24 153 170 178 138 195 102 41
25 173 48 91 187 165 113 134 176

Total makespan : 79

25
1 168 96 116 165 139 55
2 42 124 166 4 47 69 23 45 192 179
3 162 160 196 5 1 15 103 136 31 158
4 30 75 191 132 26 86 122 64 143 94
5 72 185 28 44 97 170 84
6 35 50 200 172 59 68 118 78 57
7 20 151 193 157 176 2 106 51 22 155
8 12 61 34 62 101 133
9 39 46 190 67 80 119 113 85 81 129 52
10 32 9 161 70 41
11 130 83 114 128 146 13 140 135
12 152 74 110 107 127 105 18 117 148 189
13 167 8 24 10 89 111
14 184 188 175 177 3 159 58 112 77 79
15 88 6 99 186 108 198 17
16 147 82 49 142 145 38 149 131
17 164 11 53 66 194 197 92
18 93 137 16 109 63 144 156 171 36
19 43 126 115 27 56 76 95
20 125 54 181 120 100 29 87 90
21 33 19 37 150 154 40 25
22 21 141 98 182 104 73 163 121
23 199 174 183 60 123 180 65
24 153 138 195 102 178 7 71
25 173 48 169 91 187 134 14

Total makespan : 79

25
1 168 96 116 165 139 55
2 42 124 166 4 69 23 45 192 179
3 5 1 15 103 150 158 133 155 162
4 57 73 94 30 75 191 132 26 86 122 64
5 6 72 185 28 44 97 170
6 50 200 8 140 19 118 172 78 35
7 156 136 20 151 193 47 2 106 51 22
8 100 68 157 61 34
9 39 46 190 129 52 85 81 198 80
10 41 70 183 161 101 9
11 146 13 82 171 135 104 114 128 18 196
12 71 74 110 107 127 105 117 148 189
13 24 12 89 111 176 120
14 184 159 58 160 167 188 175 177 77 79
15 108 147 186 152 88 17
16 49 38 149 131 84 142 25 163
17 143 194 3 53 66 164 102 92
18 16 181 137 36 109 63 144 169 93
19 7 59 115 27 76 43 126
20 125 54 90 32 87 67
21 10 154 112 197 62 153 37 33
22 29 56 145 121 11 21 141 98 182
23 83 180 65 123 174 60 31 199
24 99 195 138 95 119 40 178
25 134 14 91 187 130 113 173 48

Total makespan : 78

25
1 114 96 92 139 18 121 168 47 10
2 14 45 192 21 69 23 7 166 4
3 31 158 15 103 162 160 196 5 1
4 75 191 132 26 94 57 86 122 64
5 6 104 72 185 28 44 170
6 68 155 36 50 200 172 19 118 78 35
7 193 147 2 106 22 156 51
8 100 60 62 136 101 133 12 61
9 190 129 108 39 80 119 113 77 52 85 81
10 41 70 183 124 117 151
11 130 89 171 32 55 128
12 71 74 110 107 127 105 34 148
13 167 8 67 59 111 176
14 3 159 184 188 175 177 30 46 58 79
15 186 179 135 17 97 145 198
16 84 142 25 82 49 38 149 131 163
17 143 194 13 164 11 53 66
18 109 63 144 169 152 37 16 93 157
19 146 76 95 27 56 43 126 115
20 125 54 181 120 20 161 87 90
21 189 40 33 150 154 112 197
22 29 98 141 73 9 182
23 199 42 140 83 180 65 123 174 137
24 116 99 102 178 153 195 138
25 88 173 48 91 187 165 134 24

Total makespan : 77

25
1 139 55 16 121 168 96 116
2 166 21 192 179 45 138 42 47 69 23
3 162 160 196 5 1 15 103 150 158
4 57 191 132 26 94 30 145 86 122 64
5 185 28 72 84 6 24 95
6 50 200 8 140 19 118 172 78 35
7 193 147 136 20 2 106 51 22 155
8 12 61 34 62 100 133
9 80 67 39 31 148 46 190 129 52 85 81 10
10 9 183 161 70 41 124
11 114 128 18 135 104 146 13 82 130
12 110 11 101 44 53 71 74 117 189
13 89 111 120 176 4 59
14 184 154 3 159 167 188 175 177 77 79
15 186 108 198 17 105 99 97
16 142 60 49 194 66 38 149 131
17 48 32 143 7 164
18 169 157 171 36 109 63 144 156 152
19 151 43 126 115 27 76
20 75 90 68 58 125 54 181
21 170 112 37 197 25 92 33
22 182 87 98 141 73 163 29 56
23 83 180 65 123 174 137 93 199
24 153 195 102 119 40 127 178
25 173 88 91 187 107 14 165 113 134

Total makespan : 80

25
7 164 138 54 15 120 167 46
9 41 123 165 161 178 191 20 68 22
11 149 159 195 4 0 14 102 135 30 157 132
8 56 121 63 142 93 29 74 190
7 71 184 27 94 172 43 96
8 117 77 34 49 199 171 58 3
11 50 21 154 155 1 105 85 19 150 192 156
7 11 60 67 98 61 99 100
11 38 45 189 66 79 118 112 84 80 128 9
6 8 31 174 182 160 69
7 113 127 17 134 146 170 16
8 70 73 116 188 44 109 33 147
6 168 88 110 175 139 126
8 183 158 176 166 187 95 76 78
7 23 107 197 185 151 87 5
9 83 141 24 81 48 37 148 130 162
8 6 2 52 65 193 180 92 163
9 18 136 35 104 36 143 7 108 62
8 55 42 125 114 26 75 89 145
7 119 57 124 53 51 28 86
7 111 196 12 153 39 32 91
7 181 103 72 115 140 97 131
8 198 10 82 179 64 122 173 59
7 152 169 177 137 194 101 40
9 106 47 144 25 133 13 90 186 129

Total makespan: 78

25
9 120 16 15 138 95 167 46 9 98
7 13 68 22 41 123 82 3
10 161 159 195 4 0 14 102 135 30 157
8 56 72 198 142 93 121 74 190
6 27 94 5 103 164 71
9 49 199 7 139 18 117 171 77 34
9 192 146 1 105 85 155 50 21 154
6 11 60 33 61 99 132
10 79 66 38 45 189 128 51 84 80 76
6 116 100 8 160 69 40
7 113 127 81 170 31 54 17
9 43 126 147 188 44 109 106 70 73
7 58 110 119 175 88 19 184
9 183 158 166 187 174 176 29 63 78
9 96 92 107 197 185 151 87 178 134
8 83 141 48 37 24 148 23 193
8 118 91 165 163 2 52 65 101
9 104 36 143 168 156 136 35 108 62
8 75 89 145 114 26 55 42 125
7 86 130 67 57 124 53 180
7 111 196 12 153 39 32 149
8 10 20 140 97 131 28 162 181
7 173 182 59 122 179 64 115
8 152 194 137 191 169 177 6 150
9 144 25 172 47 90 186 129 112 133

Total makespan: 79

