10
1 38 29 19 2 21
2 32 39 27 41 20 10
3 44 26 28 34 37 35
4 46 33 24 42 17 3
5 22 23 14
6 49 48 36 30
7 13 31 50 15 45
8 6 7 11
9 18 47 16 40 43 5 8
10 4 12 9 25 1

Total makespan : 114

10
1 19 6 2 46 21
2 41 20 10 8 32 39 27
3 34 33 44 26 28 37
4 23 24 42 17
5 35 22 29 14
6 45 25 38 49
7 31 50 15 48 3
8 11 13 36 7
9 18 16 40 43 5 47
10 30 4 12 9 1

Total makespan : 111

10
1 38 2 46 21 28
2 41 20 10 8 32 39 27
3 35 34 33 44 26
4 43 17 13 24 42
5 22 29 14 49
6 45 37 36 18 23
7 31 50 15 48 3
8 6 7 11
9 5 47 25 19 40
10 30 16 4 12 9 1

Total makespan : 112

10
1 19 6 2 46 21
2 41 20 10 8 32 39 27
3 34 33 44 26 28 37
4 23 24 42 17
5 35 22 29 14
6 45 25 38 49
7 31 50 15 48 3
8 11 13 36 7
9 18 16 40 43 5 47
10 30 4 12 9 1

Total makespan : 111

10
1 19 6 2 46 21
2 41 20 10 8 32 39 27
3 34 33 44 26 28 37
4 23 24 42 17
5 35 22 29 14
6 45 25 38 49
7 31 50 15 48 3
8 11 13 36 7
9 18 16 40 43 5 47
10 30 4 12 9 1

Total makespan : 111

10
1 38 2 46 21 28
2 41 20 10 8 32 39 27
3 23 35 34 33
4 26 24 42 17 3
5 22 29 14 49
6 19 45 37 36 18
7 13 31 50 15 48
8 6 7 11
9 44 5 47 16 40 43 25
10 30 4 12 9 1

Total makespan : 112

