15
11 15 80 104 94 142 119 125 50 40 99 62
8 90 34 87 112 100 55 66 147
11 9 134 85 28 37 130 67 136 54 81 52
9 114 98 36 44 78 107 49 95 89
11 117 140 1 97 5 31 32 146 45 92 133
12 19 71 144 24 88 64 79 65 46 29 109 73
8 93 131 113 3 96 61 118 72
13 0 4 138 91 39 38 141 148 128 82 30 17 77
12 122 143 116 43 83 53 11 102 121 6 41 21
7 145 59 105 76 132 111 8
8 27 127 108 16 2 14 123 23
10 139 60 135 13 75 12 120 7 26 47
10 124 126 103 86 56 57 33 22 58 106
12 10 137 20 149 70 101 110 74 18 42 51 69
8 35 129 25 48 115 68 63 84

Total makespan: 111

