15
15 62 172 94 167 41 46 15 134 130 177 87 10 90 9 89
16 185 179 122 58 37 128 12 78 184 123 25 157 135 56 21 86
13 194 119 169 141 101 77 151 23 92 2 6 190 104
11 31 88 142 34 44 43 26 146 161 149 95
14 80 153 30 189 174 115 66 97 125 192 24 51 45 136
9 11 33 175 117 79 170 168 140 176
11 57 70 131 7 83 145 171 63 193 53 173
11 17 199 35 154 165 75 32 85 163 180 47
15 132 73 139 195 143 112 160 59 127 100 121 13 133 27 81
16 129 148 69 109 178 164 118 96 68 0 29 182 82 3 187 120
15 20 16 52 116 114 138 158 98 159 102 49 106 113 197 155
15 28 191 74 150 166 181 55 183 107 144 60 156 50 18 72
12 40 103 126 4 198 93 22 91 137 8 186 1
15 196 152 105 188 124 111 42 71 36 108 64 67 65 48 61
12 5 162 19 39 84 14 147 99 76 54 110 38

Total makespan: 175

