30
5 114 52 88 159 28
5 134 166 109 95 35
7 80 138 71 66 118 107 5
8 153 184 10 98 117 60 36 154
5 132 128 169 68 69
6 4 172 182 59 156 136
6 23 58 143 124 33 181
6 9 122 168 14 55 147
6 111 8 81 195 100 198
5 174 161 24 94 170
7 121 163 192 82 162 173 16
4 92 31 47 63
7 62 21 2 30 91 54 49
8 103 99 112 160 145 64 106 152
6 171 178 189 12 144 135
8 0 131 13 116 150 53 11 127
7 75 41 90 17 22 130 93
6 3 70 119 196 15 104
9 108 1 40 167 6 157 165 148 84
5 74 142 194 85 25
9 72 137 151 126 190 39 158 187 76
8 57 177 129 186 65 43 67 141
6 125 26 155 149 89 193
9 51 183 77 139 32 176 34 185 175
8 79 164 101 133 29 197 96 42
7 56 83 27 38 73 97 18
6 140 191 45 44 199 37
7 78 7 188 180 50 120 110
7 123 146 115 19 105 61 102
7 87 20 46 113 86 48 179

Total makespan: 91

