25
9 44 130 164 138 120 16 113 95 91
7 82 161 178 131 50 68 22
7 0 127 4 134 30 157 70
8 56 190 196 93 121 148 53 63
5 69 71 184 27 172
8 18 117 77 34 49 171 58 3
12 192 156 165 21 154 155 1 105 85 19 46 111
7 198 135 14 163 98 61 99
11 38 79 147 67 167 189 128 51 84 80 9
7 40 123 116 150 177 8 129
6 170 31 54 103 17 195
10 151 112 100 43 52 101 73 109 106 188
5 166 104 88 97 110
11 78 76 2 158 57 159 183 187 174 176 29
7 96 144 197 185 107 146 5
8 23 193 65 11 48 141 24 81
8 102 33 142 6 41 118 10 66
10 36 136 35 108 62 143 7 92 15 168
9 37 12 145 139 125 114 26 75 94
8 124 74 160 86 132 180 119 89
6 32 149 153 39 60 45
8 20 140 72 28 55 83 162 181
7 115 64 173 59 122 179 199
8 13 152 182 191 169 126 194 137
8 25 133 175 90 186 42 87 47

Total makespan: 83

