10
15 22 187 123 75 117 173 66 33 10 181 35 164 29 41 167
16 191 148 59 84 15 11 131 36 46 99 197 28 124 94 141 106
19 105 85 45 118 161 101 74 23 130 68 55 171 178 153 51 151 157 198 163
26 5 38 44 113 3 107 89 96 25 43 147 71 150 65 88 193 110 127 172 144 145 132 20 189 0 82
20 30 7 73 135 58 183 27 120 1 6 47 142 119 17 72 67 137 92 56 122
19 78 152 156 126 40 155 170 53 98 102 149 174 50 111 184 77 109 48 90
22 19 136 62 79 61 34 57 116 160 128 83 159 179 81 39 166 108 185 176 115 12 121
20 13 86 143 140 37 146 139 31 195 26 64 162 125 158 93 138 165 8 100 49
23 199 54 180 154 188 194 60 69 21 52 134 91 168 192 9 42 182 24 97 2 169 186 175
20 14 104 70 129 95 177 76 18 63 190 196 80 32 112 87 114 133 4 16 103

Total makespan: 246

