25
10 181 7 141 120 54 227 31 233 185 234
12 11 45 136 238 211 225 121 5 187 242 155 223
11 36 85 130 13 240 203 61 0 115 135 158
10 214 230 197 148 180 217 146 205 206 37
9 178 64 196 89 134 207 212 140 108
9 101 114 92 144 88 81 133 232 1
10 16 209 177 62 55 195 42 191 53 138
8 95 47 58 149 171 15 221 210
8 83 119 41 169 51 68 57 86
10 222 82 3 112 4 77 116 103 84 228
9 163 154 76 117 165 202 40 67 50
9 129 172 170 56 126 189 19 235 90
12 173 72 46 96 152 192 174 150 246 118 29 215
8 10 229 190 186 128 97 99 183
10 28 131 179 38 49 2 143 124 157 166
12 70 194 34 204 106 98 201 237 239 241 23 193
9 104 188 8 151 100 161 243 219 73
13 175 132 198 110 22 39 66 63 168 93 18 236 26
11 25 78 74 20 184 249 24 164 156 65 208
8 122 247 59 105 44 162 109 6
13 127 248 60 79 145 48 21 14 75 33 125 139 43
11 52 137 27 111 244 160 153 226 147 17 113
8 80 9 167 220 200 245 176 91
10 182 69 231 35 216 71 32 12 94 224
10 123 199 218 142 159 213 107 87 102 30

Total makespan: 139

